0.81442,0.5491,0.72532,0.98586,0.58554,0.40473,0.61221,0.5764,0.90258,0.64226,0.90111,0.33149,0.72704,0.35527,0.54613,0.72387,0.17816,0.32762,0.37475,0.89265,0.94762,0.46188,0.42221,1.6146,0.54884,0.86029,0.97378,0.41863,0.70656,0.57169,0.62014,0.52162,0.7356,0.60455,0.62287,0.35313,2.1452,0.5546,0.35364,0.31352,0.76294,1.5665,1.1442,0.70962,0.78101,0.79431,0.451,1.6569,0.81631,0,0.44629,0.70184,0.72419,0.67116,0.8892,0.50133,1.1807,0.62099,1.5189,0.89515,1.1109,0.51182,0.61343,1.1425,0.74983,0.91489,0.79709,0.94874,0.50626,0.38705,0.61537,0.48039,0.40637,1.0392,0.58127,1.1349,0.51088,0.4142,0.84625,0.34526,0.81788,0.3748,0.50592,0.39826,0.84796,0.41316,0.53683,0.34625,0.74475,0.64878,0.46698,0.45306,1.0268,0.4863,0.47333,0.81243,0.55705,0.58462,1.1257,1.5059,0.58463,0.51901,0.84377,0.53079,0.28965,0.64565,0.31413,1.0514,0.92287,1.1083,0.91645,0.41126,1.014,1.2933,0.36318,0.14793,0.21693,0.71207,0.63447,0.76175,0.52681,0.54377,1.0872,0.79307,0.51711,0.71033,0.35575,0.45346,0.44659,0.56402,0.34156,0.54068,0.37687,1.5182,0.73198,0.46827,0.39191,0.66086,0.75933,0.64723,0.73134,0.61135,0.49695,0.70654,0.78458,0.52169,0.3439,0.66436,0.32071,0.45322,0.54179,0.33503,0.88525,0.60763,0.50509,0.64405,0.54569,0.60522,0.75891,0.69297,0.62323,0.56597,0.82231,0.96579,1.0468,0.32045,1.0135,1.3188,0.9584,0.65224,0.38811,0.4519,0.48461,0.44871,0.71523,0.82218,0.38395,0.50152,0.37383,0.26755,0.7403,0.71953,0.41415,0.80949,0.48486,0.53905,0.65401,1.0511,0.48383,0.6278,0.56545,0.84259,0.80102,0.55864,0.55731,0.89951,0.36928,0.39309,0.20567,0.43376,0.36633,0.56334,1.0149,0.60217,0.47098,0.65503,0.72906,0.74506,0.54248,0.87364,0.85421,0.65977,0.77531,0.97892,0.75978,0.2895,0.42807,1.0204,0.63116,0.70127,1.1792,0.69919,0.33652,0.54385,0.37391,0.56973,0.77419,0.49693,0.59344,0.51967,0.72015,0.33263,0.99863,0.6448,0.6528,0.47371,0.68307,0.53338,0.67993,0.15948,0.98035,0.44313,0.51227,0.77996,0.48256,1.6996,0.52669,0.47447,0.52517,0.80933,0.46183,0.40644,0.20962,0.80475,1.1631,0.82601,0.70262,0.67479,0.84757,0.93171,0.6141,0.69109,1.2956,0.71721,0.85452,0.53225,0.50019,0.58084,0.7424,0.38553,0.65547,0.38773,1.4464,0.85775,1.0922,0.56613,0.62943,0.27741,0.36197,0.59966,0.39123,0.66132,0.9351,0.52729,0.5884,0.35263,0.86707,0.49865,0.47156,0.5789,0.30686,0.55501,0.14071,0.21691,0.83205,1.0858,0.80808,0.88616,0.674,1.0071,0.405,0.26081,0.72054,0.7465,0.39843,0.50476,0.48333,1.0989,0.73234,1.0367,0.86328,0.56774,0.5466,0.80296,0.89061,0.30608,0.31241,0.42321,0.92233,0.44703,0.56271,0.69125,1.0442,0.57779,0.35574,0.84447,0.39753,0.6095,0.61653,0.58992,0.28249,0.47215,1.062,0.37121,0.72632,0.82614,0.31502,0.50856,0.7238,0.56267,0.79553,0.41727,0.29323,0.28684,0.39689,0.65852,1.053,0.66113,0.47644,0.29326,0.85609,0.98157,0.51447,0.7019,0.47449,0.83111,0.85116,0.36127,1.1085,0.8544,1.5312,0.97797,0.66196,0.88917,0.60145,0.59423,0.4674,0.85886,0.62506,0.59858,0.89085,0.78452,0.5455,0.48963,0.40346,0.62028,0.66186,0.50573,0.91252,0.85307,0.79052,0.85504,1.1308,0.68068,0.71771,0.36669,0.8669,0.77671,0.57491,0.81943,0.6991,0.28017,0.86988,0.2282,0.57865,0.85215,0.78787,0.55562,0.6441,0.62231,0.73544,0.4755,0.50489,0.90888,1.4818,1.2597,0.76058,0.4534,0.96042,0.63303,0.45917,1.1942,0.87705,0.49244,0.26859,1.2033,0.68372,1.5088,0.92095,0.60218,0.6586,0.84416,1.1433,0.69436,0.82608,1.0153,0.40362,0.19153,0.36547,0.66922,0.3717,1.1761,0.82909,0.63093,0.6752,0.50267,0.98506,0.57833,0.56458,0.81765,0.6032,0.74503,0.91133,0.38055,0.54304,0.23209,0.71189,0.67105,0.31067,0.29984,1.0379,0.68667,0.25194,0.26356,0.78933,0.42297,0.66127,0.39911,0.79195,0.55466,0.49378,0.85753,0.31827,0.43704,0.70789,0.35045,0.50414,0.98016,0.82647,0.42186,0.66405,0.6236,0.60449,0.83229,0.45161,1.8551,0.35631,0.55159,0.81212,0.14047,0.28103,0.4226,0.28911,0.66188,0.76449,0.68682,0.54671,0.43598,0.82469,0.97502,1.0157,0.60423,0.63271,0.35852,0.5428,0.50257,0.6508,0.56542,0.66942,0.36218,0.95927,0.82276,0.82664,0.40977,0.46212,0.40955,0.55515,0.47881,0.7268,0.60838,1.0381,1.2908,0.568,0.49745,0.58408,0.6363,1.0704,1.2569,0.5963,0.38279,0.86239,0.41167,0.7157,0.64111,0.44682,0.33713,0.56207,0.60699,0.64204,0.99458,0.29982,0.70624,1.1143,0.76403,5.1697,2.7742,0.93022,0.84653,0.40885,0.53379,0.80769,0.56761,0.72416,0.5685,0.62403,0.41537,0.53799,1.0951,0.37221,0.75957,0.90599,0.90768,0.7705,0.61647,0.71404,0.54444,0.33754,0.27944,0.39197,0.28773,0.70529,1.5986,0.41308,0.87415,0.61451,0.49123,1.2266,0.55624,0.87028,1.0777,0.27628,0.53089,0.33948,0.46888,0.2136,0.50133,0.44226,0.69081,0.65601,1.0809,0.59582,0.38242,0.4473,0.47198,2.9589,2.8789,0.62229,1.1537,0.38898,0.68251,1.1116,0.8592,0.87387,0.41332,0.47982,1.2828,1.3637,1.2566,0.81388,0.51132,0.39856,0.64586,0.90694,0.57584,0.73031,0.81361,0.48709,0.83084,0.13897,0.71432,0.73975,0.57385,0.57998,0.69052,0.23831,0.62685,0.87499,0.38481,0.27648,1.4133,1.1166,1.1079,0.33119,0.38781,0.42521,0.49934,0.64643,0.75759,0.43117,0.89615,0.16337,0.5451,0.48717,0.67,0.64699,0.43283,0.68133,0.99764,0.43203,0.59118,1.0663,1.6245,1.0669,0.50745,1.0433,0.56432,0.61347,1.4281,0.78007,0.39193,0.72937,1.0029,0.90778,0.39256,1.0318,0.7883,0.35252,0.58591,0.6595,0.91637,0.53788,1.1229,0.80341,0.61276,0.70189,0.69623,0.46915,0.31932,0.51092,0.99086,1.0044,1.2252,0.88369,0.33913,1.4696,1.017,0.33031,0.48468,0.41424,1.9373,0.69823,0.58907,0.44784,0.97589,0.62559,1.2489,0.34143,0.45145,0.40313,0.48275,0.51557,0.47909,0.45421,0.72848,0.61071,0.77478,0.87611,0.67361,0.7443,0.69993,0.7374,0.98271,0.54209,0.6285,0.98706,2.3171,0.93626,0.55148,0.21086,0.61629,0.68616,0.47828,0.34529,1.0576,0.9,0.49715,0.56667,0.44275,0.42246,0.51791,0.40054,0.60597,1.1352,0.69885,0.41622,0.44789,0.37242,0.27105,0.71021,0.81018,0.94867,0.52786,0.96726,1.2723,0.77829,1.2679,0.83455,1.046,0.85044,0.86448,0.58568,0.64662,0.44355,1.2734,0.52219,0.45569,0.27994,0.55864,0.75326,0.48375,0.93842,0.9266,0.27755,0.89047,1.0293,0.56081,1.1239,0.5186,0.92119,0.56552,0.79381,0.29868,1.0487,1.0506,0.65957,0.79281,0.49287,1.2126,0.74722,1.6773,0.49608,0.45024,0.81229,0.63176,0.62718,0.59921,0.46565,0.46675,0.47701,0.99893,0.46624,0.7204,1.822,0.77323,0.70987,1.8806,0.47992,0.84406,1.0209,0.64691,1.3586,1.0306,0.66147,1.2207,0.67123,0.41388,0.18464,0.3553,0.51276,0.30056,0.38488,0.71063,0.55196,1.1984,0.36669,0.55516,0.68588,0.46214,0.27169,0.75369,0.61552,0.57601,0.97653,0.32128,0.46932,0.85711,1.2344,0.88686,1.0637,0.61507,0.51224,0.2155,0.99314,1.3764,0.74881,0.64959,0.55244,1.0309,1.7595,0.58906,0.62165,1.1612,0.84714,1.6206,0.35287,0.98941,0.43183,1.2187,0.25878,0.5419,0.60003,0.6447,0.9327,0.82241,0.34972,0.43557,0.56229,0.46461,0.25528,0.62089,0.40103,0.93564,1.2301,0.58216,0.43164,0.68433,0.41626,0.30566,0.78662,0.75379,0.30248,0.6862,0.72183,0.45501,0.43801,0.63866,0.47357,0.75655,0.50803,0.57709,0.34707,0.82512,0.80858,1.1645,0.4823,0.44882,0.25199,0.45445,0.66522,0.45476,1.0831,0.73725,0.42637,0.97989,0.69014,0.93433,0.41054,0.43045,0.38098,0.48461,0.59086,1.3535,0.46342,0.50678,0.59133,0.59092,0.40186,0.57559,0.45234,0.37368,0.50267,0.47939,0.60063,0.83031,0.70153,0.6172,0.6316,0.95881,0.61391,0.17116,0.18978,0.34559,0.27981,0.44413,0.4391,1.0343,0.7577,1.0405,0.70689,0.30699,1.0331,0.31643,0.34517,0.72807,0.42477,0.63003,0.55397,0.7198,0.63966,0.91144,0.82141,0.77295,0.45517,0.54107,0.60963,0.41176,0.74435,0.36604,0.46218,0.46409,0.60919,0.80999,0.68211,0.82663,0.65082,0.90701,0.56523,0.45161,0.67264,0.16293,0.86905,0.56472,0.83342,0.38248,0.64316,1.235,0.61165,0.73195,0.29424,0.44108,0.31488,0.22495,0.64943,0.5464,1.0343,1.4012,1.9233,0.80584,0.63238,1.0342,0.83801,0.29813,0.19917,0.56008,0.87955,0.6971,1.0755,0.62612,1.0155,1.0111,0.93962,0.83364,0.43825,0.19239,0.33504,0.77179,0.28809,0.5876,0.55722,0.43664,0.66526,0.25482,0.77657,0.7319,0.52913,1.1429,0.40986,0.34022,0.3936,0.38118,0.8163,0.31543,0.74658,0.81055,0.79666,0.72731,0.75691,1.0865,0.99782,0.53956,0.83356,0.49997,0.61459,0.37566,0.82557,0.48033,0.70656,0.95907,0.65466,0.61198,0.39446,0.89161,0.89085,0.36972,0.60787,0.54423,0.36455,0.75236,0.58992,0.66714,0.90665,0.85877,0.31576,0.36234,0.43972,0.2476,0.17319,0.32076,0.56656,0.84837,1.1465,0.3451,0.39824,0.34584,0.3732,0.7664,0.65571,0.41677,0.3522,0.67517,0.2982,0.38356,0.48207,0.38855,0.98897,0.48371,0.65997,0.84301,1.0818,0.83226,0.60256,0.74737,0.62077,0.64607,0.74631,0.48174,0.24944,0.49975,0.82666,0.21561,0.53967,0.58665,0.78475,0.77552,0.35308,0.37945,0.65747,0.39466,0.47936,0.47103,0.69946,0.74565,0.87741,0.81511,0.71523,0.32018,0.53996,0.59524,0.82809,0.66219,0.66267,0.35073,0.55508,0.63537,0.42402,0.63941,1.0401,0.52118,0.91954,0.47788,0.2595,0.61599,0.72831,0.62496,0.36624,0.63747,0.81205,0.65447,0.64058,0.72218,0.73339,0.57557,0.45801,0.91562,0.86735,0.53824,0.37562,0.52051,0.59846,0.62088,0.5909,0.77383,0.9916,0.50904,0.54265,1.2242,0.88419,0.94875,1.1361,0.63155,0.31752,0.61916,0.58747,0.62587,0.55175,0.5825,0.61377,1.1039,1.1276,0.52929,0.78549,0.37515,1.0412,0.64019,0.41401,0.53017,0.58307,0.76653,0.60008,0.44621,0.97099,0.7301,0.96861,2.9686,1.0206,1.0948,1.8495,0.97872,0.43936,0.61052,0.63046,0.83776,1.0227,0.67114,0.80484,0.95725,1.3487,0.59973,0.77765,1.3517,1.1296,0.93711,0.49302,0.9178,0.75549,0.37356,0.79631,1.0299,0.68857,0.67862,0.36682,0.45037,0.47967,0.70832,0.44525,0.55796,0.50507,0.62432,0.37554,0.49438,0.31986,0.49113,0.28518,1.1176,0.55386,0.44559,0.4616,0.73845,0.89719,0.54201,0.39964,0.54825,3.0447,5.1908,0.50592,1.0332,1.0699,0.91592,0.75528,0.61394,0.5956,0.5029,0.39553,0.61553,0.9006,0.46785,0.99249,1.2946,1.3671,0.923,1.742,0.5687,1.3609,0.39043,0.35051,0.87213,1.7929,0.65354,0.88159,0.51048,0.29718,0.46835,0.5164,0.77546,0.4601,0.75741,0.48525,0.36124,0.35801,0.42908,0.49461,0.56077,0.56997,1.6824,1.1193,1.6795,1.1801,0.30965,0.5943,0.52615,0.4068,1.1802,0.71711,3.3646,0.59171,1.3106,0.80178,1.2143,0.40358,1.3039,1.3667,0.45989,0.56756,0.71293,0.48281,0.7951,0.86941,1.355,1.4414,0.65975,0.73683,1.8734,0.49664,0.57667,0,0.56791,0.48059,0.80286,0.68799,0.70729,0.33082,0.97128,0.55132,0.98608,0.74205,0.99689,0.41989,0.49165,0.9021,0.50835,0.95879,0.27103,0.41685,0.82989,0.90789,1.0297,0.78622,0.55682,0.71971,0.31588,0.47695,0.48623,0.7229,0.23693,0.52352,0.39331,0.67733,0.72892,0.60367,0.84147,0.53549,0.96485,0.59841,0.42702,0.46735,0.52439,1.3092,0.33466,0.57074,0.84243,0.44738,0.65664,1.1327,0.51048,1.0017,0.42838,0.56843,0.58652,0.68928,0.58211,0.58968,0.65173,0.62135,0.49606,0.73993,0.46473,0.63339,0.46254,0.73813,0.87517,0.91032,1.1566,0.50848,0.42121,0.5795,1.0671,0.33906,0.49206,0.65478,0.32518,0.28807,0.68257,1.1054,0.47994,0.7146,0.69355,0.68859,0.40979,0.39389,0.89122,0.84432,0.6677,0.40603,0.68213,0.67684,0.7658,0.65155,0.87035,0.45402,0.75382,0.56926,0.65751,0.77477,0.8111,0.77959,0.41255,0.90604,0.64387,0.34779,0.60516,0.86648,0.55992,0.41917,0.58979,0.48307,0.65426,1.0388,1.3014,0.71328,0.86877,0.57035,1.0021,1.4169,1.333,0.38268,0.34963,0.33384,0.7187,0.87664,0.6405,0.14901,0.86092,0.6273,0.76675,0.31596,0.65498,0.60175,1.0313,0.72836,0.4137,0.30176,0.49799,1.2423,0.52589,1.0563,1.2235,1.7324,0.70135,0.4919,0.69576,0.78355,0.32743,0.53399,0.5608,0.42677,0.45138,0.51422,0.68439,0.6064,0.57255,0.44634,0.48073,0.44935,0.33453,0.83524,1.1377,0.78574,0.41355,1.1919,0.64985,0.81652,1.2037,0.72214,1.0403,0.37887,0.32168,0.63317,0.74684,0.56076,0.57298,1.2274,0.77092,0.50821,1.056,0.72088,0.57177,0.37199,0.52542,0.22276,1.0229,0.77393,0.75597,1.2272,0.62729,0.50426,0.70424,0.53104,0.40252,0.54129,0.55766,1.2303,0.56911,0.84493,0.74484,0.9737,0.54409,0.69903,0.63517,0.768,0.50824,0.63454,0.7736,0.41799,0.36176,0.47972,0.74369,0.33181,0.7278,0.63872,0.35563,0.67563,0.555,0.45491,0.4803,0.67454,0.80867,0.78981,1.0145,0.59683,0.55795,0.72,0.67135,0.50161,0.24313,1.1703,0.59997,0.84139,0.67163,0.57127,1.3411,1.2446,0.67306,0.48356,0.58423,0.59089,0.18079,1.07,1.146,0.71822,0.4577,1.3123,1.1345,0.56797,0.46738,0.71505,0.88142,0.52434,1.0049,0.43519,0.50064,0.52705,0.52829,0.47824,0.43358,0.66032,0.95428,0.69035,0.89852,0.53057,0.58202,0.37078,0.68465,0.69789,0.60676,0.82647,0.44951,0.59484,0.71999,0.53594,0.82546,0.27848,0.85604,1.4962,0.61628,0.48483,0.93304,1.1477,0.71538,0.79641,0.5523,0.85081,0.44072,1.0719,0.59422,0.61606,0.46951,1.1632,0.35947,0.37477,0.44537,0.5794,0.74253,0.59593,1.5482,0.80001,0.53463,0.64096,0.73294,0.56731,0.74213,0.87091,0.44245,0.52625,1.4471,0.3635,0.39567,0.91608,0.83573,0.42466,1.1635,0.58147,0.46264,0.35886,0.28318,0.46587,0.70124,0.45768,0.81082,0.81596,0.6383,0.34249,0.8005,0.69395,1.2421,1.385,0.94688,0.31568,0.65797,0.48469,0.18196,0.52763,0.65568,0.32448,1.126,0.82688,0.75898,0,1.6266,1.187,1.3186,1.0329,0.64368,0.61592,0.57432,0.51375,0.81101,1.1578,0.25295,0.42849,0.63384,0.68225,0.68124,0.31402,0.58474,0.58861,1.3936,0.40877,0.34692,0.36769,0.51132,0.7694,0.59298,0.7846,0.62198,0.61322,0.34039,0.91485,0.86965,0.50641,1.5929,0.62058,0.91405,1.0299,0.52393,1.1018,0.51914,0.53443,0.39927,0.77445,0.79981,0.45873,0.78312,0.38213,0.47464,0.69034,0.61203,1.2545,0.66854,0.46087,0.99532,0.68853,0.91241,0.5381,0.84976,0.97216,0.36086,0.62941,0.58853,0.6191,0.59382,0.35007,0.61362,0.32884,1.5882,0.34883,0.87235,1.3805,0.48901,0.60642,0.65249,0.44672,0.67924,0.47906,0.65221,0.88698,1.2609,0.7147,0.46613,0.37463,0,1.363,0.24946,0.18184,0.49317,1.1099,0.42178,0.372,0.21882,0.78032,0.34512,0.35679,1.2468,0.61052,0.58943,0.62833,1.1161,0.58901,0.63352,0.66594,0.67202,1.0369,0.45492,0.3826,0.87757,0.45411,0.72158,0.4564,0.73276,0.71814,0.93877,0.53126,0.42092,0.39144,1.0224,0.73581,0.8645,1.154,0.44033,0.73847,0.46387,0.36213,0.5713,0.7763,1.154,0.62052,0.58208,0.52068,0.91042,0.75825,0.58131,0.55562,0.89455,0.84171,0.35987,0.33504,0.57586,0.53518,0.48094,0.24222,0.38292,0.39829,0.99268,0.52363,0.64311,0.42115,0.39877,0.16373,0.35557,0.94237,0.46254,0.58319,0.84136,0.24752,0.48216,0.27971,0.93403,0.88269,0.75813,0.46755,0.94537,0.74083,0.72124,0.39864,0.33776,0.44478,0.48795,0.7728,0.84649,0.72429,0.61318,0.36088,0.23867,0.25685,0.54871,0.45122,0.42877,0.42356,0.5301,0.57299,0.65905,0.90057,0.63226,0.35622,0.57564,0.68327,0.73241,0.92578,0.62125,0.3279,0.64161,1.0639,0.37277,0.73727,0.65994,0.57988,0.34515,0.28752,0.73906,0.74905,0.62414,0.51581,0.49102,0.56708,0.44542,0.53162,0.22554,0.79603,0.64684,0.36914,0.28587,0.67456,0.50161,0.41219,0.67175,0.56011,0.71465,0.38318,0.64081,1.4912,0.45923,1.2266,0.74394,0.68748,0.56667,0.51997,0.6684,0.87417,0.91531,0.77047,0.76706,0.45202,0.71701,0.74478,1.1027,0.70785,0.81746,1.2417,1.2484,0.40463,0.43913,0.57349,0.6436,0.56175,0.78964,0.49354,0.51797,0.17101,0.56185,1.2538,0.65292,0.91246,0.40729,0.56115,0.53791,0.41207,0.80119,0.60467,0.64388,0.48741,0.54488,0.38124,0.2915,0.49722,0.6091,0.9124,0.39371,0.65924,0.86586,1.0585,0.64631,0.3998,0.20871,0.31441,0.52565,0.79635,0.7775,1.7244,0.97627,0.68723,0.44347,0.42648,0.67252,0.24954,0.66676,0.7361,0.84839,0.53015,0.77947,0.63437,0.75064,0.41193,0.65202,0.43831,0.59985,1.0523,0.81371,0.50563,0.39863,0.52473,0.3465,0.46398,0.39501,0.5703,0.68466,0.37008,0.42329,0.89393,0.5567,0.40254,0.71449,0.94552,0.62072,0.73842,2.4982,0.73663,0.41853,0.33699,0.61083,3.1896,0.79078,0.411,0.39345,0.52685,0.765,1.2143,0.86936,0.88862,1.4231,0.83608,0.26984,0.4749,0.41257,0.27767,0.65442,0.84681,0.54135,0.36731,0.33382,0.50795,1.2716,0.87763,1.8923,0.61738,0.77115,0.79514,1.1786,1.054,0.92012,0.53916,0.46765,0.18777,0.25762,0.84618,0.3332,1.039,0.39887,0.98351,0.67185,0.36321,0.65739,0.71149,0.45946,0.78872,0.62397,0.61382,0.86388,0.68762,3.0911,4.9455,0.60243,0.68258,0.95317,0.88024,1.4558,0.54028,0.39517,0.96439,0.74467,1.3655,0.5721,1.0803,0.31146,0.87625,0.62792,0.70537,0.47739,0.79018,0.68478,0.54682,0.59445,1.0006,0.496,0.57905,0.37354,0.38054,0.36736,0.78813,0.90996,1.0511,0.43974,0.34248,0.92498,0.92766,0.30558,0.66526,0.87652,0.53184,1.4552,0.6385,0.47176,0.89164,0.41057,0.52182,1.3951,0.396,1.0563,1.132,0.37393,0.79973,0.45505,0.7252,0.64246,0.62228,0.91136,0.48899,0.63958,0.8711,0.3295,1.2562,0.91659,0.33208,0.70178,0.62077,0.72303,0.62869,0.36287,0.81824,1.2032,0.66631,0.50287,0.92833,1.7721,0.43172,0.60916,0.65032,0.91565,0.70992,1.0362,0.57535,0.35068,0.33001,0.33812,0.66413,0.2347,0.42534,0.63358,0.34446,0.46959,1.2158,0.61953,0.44975,0.31024,0.49744,0.074352,0.45088,0.97894,0.46631,1.3781,0.33925,2.3412,0.32227,0.652,0.79991,0.60011,0.39216,0.97621,0.97575,1.3291,0.45366,0.69725,1.1614,0.47308,0.84869,0.76521,0.33493,0.34911,0.27021,0.44752,2.2881,1.2929,0.72155,1.1106,0.66833,2.0415,0.6304,0.4512,0.69515,0.9999,0.518,0.36582,1.1322,0.62688,0.4777,0.43729,1.2888,1.815,0.26218,0.4258,0.5454,0.58801,0.41454,0.45116,0.4961,0.56243,0.57462,0.40257,0.6015,0.99364,0.67852,0.64426,0.75545,0.68662,0.3929,0.36522,0.52162,0.75422,1.3556,0.88618,0.36198,0.68965,0.73745,0.51015,0.46499,0.283,0.44722,0.63756,0.933,0.64734,0.4751,0.37709,0.23149,0.79969,0.67363,1.0303,0.86638,1.0018,0.86819,0.31031,0.61947,0.99107,0.5645,0.61173,0.69718,0.58558,0.6616,1.2655,0.39353,0.38017,0.34879,0.58185,0.71092,0.44713,0.46688,0.28996,0.46848,0.42717,0.61121,0.38393,0.84818,1.203,1.1562,0.63816,0.12688,0.68685,0.44643,0.52339,0.66105,0.38998,0.75659,0.69966,0.32355,0.31962,0.28617,1.0096,0.98335,0.81665,0.45136,0.5814,0.88256,1.0593,0.63729,1.046,0.78408,1.1655,0.59526,0.73982,0.968,0.94337,0.39685,0.59676,0.63722,0.38344,0.57159,0.94758,0.87982,0.53877,0.84982,0.64488,0.9399,0.55804,1.0813,0.55611,0.7862,0.55663,0.64306,0.4909,1.0916,0.70365,0.36293,0.53206,0.87617,1.0181,0.80493,0.6865,0.90291,0.54004,0.53313,0.63508,0.6667,1.1629,0.68511,0.4511,1.0466,0.78183,0.9269,0.56119,1.1072,0.74956,0.31725,0.58226,1.1053,0.73604,0.92808,0.86148,0.48199,0.53675,0.14634,0.48535,0.92282,0.71049,0.39872,0.7974,0.28019,0.48115,0.57404,0.49204,0.81725,0.53269,0.66339,0.29528,0.49861,0.54098,0.9945,0.2907,1.0629,0.93667,0.62471,1.1668,0.67248,0.72458,0.23226,0.59346,2.2695,0.72242,0.72624,0.45558,0.34621,0.53098,0.97119,0.57591,0.37559,0.46834,0.5623,1.078,0.39887,0.86772,0.62575,0.77436,1.2044,0.54062,0.69325,0.69133,0.54876,0.79909,0.22078,0.3559,0.68594,0.68084,0.88092,0.64567,0.46978,0.60819,0.61723,0.33251,0.3373,0.80988,0.49371,0.5829,1.7087,0.32611,1.1901,0.86409,0.97539,0.47081,0.76803,0.93914,0.40964,0.32784,0.67441,0.78484,0.42664,0.5023,1.0374,0.70043,0.73289,0.25685,0.65533,0.8036,0.7933,0.44459,0.6968,0.83911,0.48382,0.30331,0.23613,0.36661,0.68668,0.39332,0.61566,0.86461,0.41055,0.47553,0.76981,0.36223,0.56555,1.0316,0.99312,0.47777,0.60202,0.63656,0.34553,0.92365,1.3408,0.5212,0.95126,0.64267,0.72644,1.1764,0.82853,1.1856,1.0055,0.45543,0.94008,0.57918,0.48499,0.60766,0.50033,0.58462,0.44362,0.48913,0.79498,0.66748,0.67983,0.71313,1.2723,0.79921,1.0794,1.0252,0.56504,0.97064,0.52608,0.72919,0.49911,0.4389,0.37097,0.39359,0.72038,0.50672,1.055,0.26546,0.43279,0.50307,0.92365,0.67482,0.75844,1.1299,0.35432,0.33972,1.0848,0.70171,0.70474,0.44332,0.42391,0.78043,0.61246,0.51587,0.42234,1.3275,1.1329,0.82394,1.2974,0.83241,0.23678,0.96461,0.32973,0.30466,0.5273,0.37766,0.4672,0.59501,0.40672,0.45586,0.4627,0.48965,0.82415,0.95731,0.38394,0.5651,0.47141,0.76167,0.84755,0.4913,0.8242,0.39413,0.22396,0.29688,0.53221,0.43478,0.35575,0.45323,0.36004,0.60621,0.46514,0.61034,1.1164,0.55084,1.0112,0.38024,0.70591,0.69338,1.7659,0.5183,0.48011,0.28784,0.54034,0.77644,0.50267,1.191,0.49823,1.3018,0.53467,0.27821,0.28521,0.80624,0.23761,0.73432,1.1092,0.44707,0.29106,0.29863,1.1856,1.1937,0.89311,2.0386,1.8387,1.1267,0.62517,0.60941,0.45595,0.85901
0.674,0.53842,0.87048,0.3382,0.68836,0.51122,0.99324,1.219,0.78832,0.3587,0.30908,0.34731,0.90257,0.38164,0.4408,0.48729,0.29878,0.53357,0.69402,0.4959,1.2076,1.1907,0.96745,0.70348,0.29743,0.31916,0.5174,0.6708,0.5968,0.78748,0.39633,0.78123,0.57319,0.44639,0.54971,1.0163,1.3422,1.191,0.58956,0.67512,0.46545,0.49134,0.98412,0.69402,0.69224,0.41717,0.48249,0.78356,0.83969,0.71889,0.3505,0.93715,0.51731,0.75523,0.55307,0.69876,0.45557,1.1211,0.55982,0.65227,0.49406,0.37784,0.66802,0.62402,0.60069,0.50961,0.34803,0.61608,0.76932,0.66242,0.88228,0.40851,0.55456,0.73214,0.50628,0.51296,0.6907,0.72746,0.52094,0.44878,0.62067,0.87893,0.5645,0.51867,0.52583,0.50866,0.43571,0.49583,0.33729,0.56646,0.42305,0.29163,0.55863,0.80802,0.60166,0.32865,0.46515,0.50596,0.54256,1.0087,0.6731,0.43851,0.78774,0.49728,0.50058,0.44516,0.57152,0.53128,0.5527,0.62903,0.39404,0.45109,0.54277,0.38029,0.47393,0.90755,0.572,0.99953,0.54577,0.58161,0.44085,0.69917,0.53679,0.52256,0.42462,0.48226,0.52279,0.52628,0.32286,0.60109,0.47997,0.72443,1.4525,2.6171,0.40132,0.64777,0.61141,0.77614,0.56468,0.87593,0.76563,0.65032,1.7969,0.78417,0.76912,0.38292,0.47299,0.42,0.52998,0.51096,0.64295,0.45675,0.67731,0.42001,0.44215,0.48616,0.29245,0.30805,0.37646,0.45152,0.51904,0.34799,0.3493,0.56681,0.86488,0.37507,0.59013,0.98729,1.5991,0.75807,0.81527,0.99446,0.5837,0.65169,0.77768,0.53746,0.38885,0.61199,0.46357,0.74667,0.52453,0.57247,0.60786,1.2117,0.85852,0.76505,0.7538,0.52204,0.63813,0.51899,0.38336,0.88434,1.2069,0.83632,0.52177,0.70213,0.71325,0.39307,0.87627,0.45769,0.35348,0.76588,0.77669,0.40161,0.40351,0.29594,0.3926,0.74636,1.499,0.86731,0.56548,0.51298,0.77623,0.69975,0.52729,0.45793,0.59292,0.71068,0.68664,0.55422,0.45677,0.76197,0.52243,0.39008,0.64622,0.5467,0.39617,0.51677,0.45477,0.48295,0.56739,0.47304,0.66604,1.0785,0.6294,0.42434,0.3815,0.64407,0.49767,0.3789,1.6132,0.89252,0.75662,0.31759,0.59463,0.78867,0.4228,0.52965,0.39687,0.25139,0.78405,0.86975,0.83947,0.62506,0.52086,0.46622,0.38448,0.81544,0.79517,0.9111,0.65525,0.60403,0.80648,0.41588,0.72916,0.54793,0.33185,0.53711,0.49979,0.62586,0.45839,0.40003,0.43347,0.90692,0.83082,0.97771,0.40467,0.5395,0.50026,0.69149,0.50459,0.56712,1.1907,0.71552,0.49334,0.78711,0.35909,0.83795,0.61487,0.72574,0.7287,0.58358,0.66929,0.77103,0.45593,0.76099,0.56673,0.76057,0.87176,2.9331,0.37624,0.82247,0.54103,0.60097,0.38977,0.49489,0.49592,0.24053,0.50409,0.98529,0.92838,0.79734,0.52772,0.52761,0.57551,0.89228,0.33742,0.45502,0.39919,0.64417,0.49075,0.71152,0.50604,0.45367,0.98804,0.92908,0.65077,0.71023,0.51676,0.3959,0.378,0.73777,1.5416,0.92108,0.9228,0.90678,0.28022,0.76301,0.55953,0.54952,0.96435,0.45522,0.6308,0.77806,0.57764,0.74154,0.78131,0.36025,0.52409,0.85792,0.79755,0.7234,0.98739,0.50718,0.66394,0.41795,0.29845,0.65436,1.2182,1.351,1.0933,1.4876,1.1373,0.51106,0.56432,0.44694,0.5934,0.57145,0.44256,0.89017,0.80658,1.207,0.74303,1.0637,0.63816,0.99616,0.29308,0.51218,0.45986,0.82658,0.66895,0.64626,0.46364,1.3428,1.0125,0.43585,0.96377,0.94787,0.80539,1.0298,0.89566,0.41311,0.32584,1.7337,1.4736,0.49053,0.44264,0.87156,0.65331,0.53995,0.82802,0.62417,0.76108,0.55082,1.2192,0.52687,0.42347,0.32671,0.27021,0.6743,1.1994,0.87336,0.62095,0.61822,0.4394,0.56127,1.9316,0.44576,0.39519,0.67639,0.70198,0.57121,0.62835,0.52537,0.60246,0.54877,0.55612,0.52203,0.50414,0.37653,0.91733,0.47016,0.55647,0.76806,0.3944,0.36504,0.45671,0.43477,1.3605,0.85777,0.40463,0.79509,0.63716,0.43109,0.5094,0.27405,0.98089,0.44984,0.34384,0.49724,0.55766,0.29437,0.42735,0.51631,0.48253,0.49676,0.32651,0.63276,0.16631,0.52305,0.6551,0.79442,0.66508,0.61807,0.4391,0.61699,1.0346,0.57725,0.65585,0.47068,0.35831,0.31253,0.39226,0.50755,0.37686,0.49007,0.37992,0.21962,0.35151,0.25484,0.43469,0.92428,0.72549,0.86565,0.54292,0.69443,0.43403,0.81352,0.97294,0.64129,1.0918,0.47607,0.30499,0.44355,0.46601,0.60084,0.85404,0.69572,0.36626,0.52272,0.98618,0.36511,1.3354,0.64075,0.42267,0.3508,0.58462,1.1019,0.75726,0.49682,0.80078,0.50827,0.77967,1.0442,0.53519,0.95855,0.98125,0.91145,0.86544,0.98532,0.72189,0.61024,1.0038,0.40238,0.62771,0.61018,0.48821,0.69555,0.92785,0.92374,0.70141,0.46499,0.70272,0.33163,3.0425,1.9833,0.66737,0.99556,0.34375,0.41491,0.58548,0.88055,0.70033,0.57795,0.37517,0.57157,1.0194,0.3366,0.81534,0.93737,0.59846,0.64898,0.61953,0.55928,0.41522,0.35755,0.62593,0.85536,1.2359,0.57677,0.53296,0.67143,0.7648,1.1592,0.88596,1.317,1.1596,0.39715,0.62488,0.965,0.83054,0.84623,0.61892,0.6064,0.44585,0.4604,0.74189,0.30501,2.312,1.0682,0.42207,0.98986,0.68509,0.95188,1.6945,0.53416,0.33462,1.1378,0.71385,0.59312,0.64156,0.6936,0.85811,0.54143,0.79435,0.61697,0.46379,0.96092,1.0703,0.97431,0.46825,0.44715,0.533,0.71723,0.72959,0.75366,0.90048,0.44009,0.3936,0.7143,0.78594,0.56585,0.94344,0.55243,0.80873,0.42319,1.2115,0.5771,0.4213,0.41391,0.72877,0.92258,0.46008,0.34172,0.6622,1.022,0.82116,0.70943,0.72799,0.65979,1.2034,0.4613,0.75429,0.39114,0.59815,0.53793,0.48392,0.51856,0.67794,0.30466,0.54396,0.3317,0.79375,0.54818,0.38812,0.67443,0.67494,0.3714,0.64789,0.62934,0.60693,0.68302,0.70164,0.80006,1.1956,0.86656,0.4505,0.29303,0.3722,0.32479,1.1459,0.62985,0.62848,0.45331,0.72721,0.63433,0.78758,0.67621,0.57836,0.90463,0.74518,1.0194,0.85683,0.55315,0.71065,0.55498,0.43115,0.43051,0.54707,0.60002,0.69476,0.60181,0.35261,0.98687,0.65138,0.53662,0.66255,0.60116,0.436,0.71179,0.84276,0.53311,0.2596,0.7941,0.47424,0.60287,0.6045,0.30941,0.63387,0.48235,0.39244,0.43326,0.66621,0.63624,0.77702,1.5344,0.59767,0.5575,0.62107,0.86469,0.70038,0.70823,0.39033,0.54086,0.6614,0.77817,0.59284,0.94112,0.96451,0.54061,0.79262,0.67414,0.74646,0.45627,0.88706,0.73909,0.63657,0.47439,0.47945,0.98393,0.32956,0.56119,0.25203,0.79605,1.3812,0.49567,0.53046,1.2534,0.65437,0.83318,0.47345,0.68298,0.38073,0.79217,0.49854,0.52636,1.0481,0.9629,0.94339,0.3996,0.52535,0.77621,0.5908,0.72532,0.84071,0.80291,0.61988,0.96766,0.81814,0.36522,0.70351,1.0913,0.89846,0.54917,0.64954,0.53842,0.6937,0.55167,1.1073,0.7112,0.63555,0.48032,0.72024,0.80064,0.58244,0.61133,0.59116,0.6983,0.71207,0.42826,0.41476,0.68474,0.51968,0.23828,0.83243,0.57163,0.57111,0.68276,0.47712,0.5432,0.56432,0.46389,0.64348,0.51881,0.77381,0.45099,0.22844,0.56675,0.53965,0.49204,0.60186,0.95901,0.59569,0.58425,0.68134,0.80482,0.55199,0.56252,0.59522,0.49166,0.62366,0.7327,0.65014,0.67901,0.64976,0.86579,0.72872,0.96175,1.1354,0.96342,0.66306,1.2935,0.58345,0.55157,0.51843,0.48923,0.72707,0.4431,0.88731,0.68511,0.65659,0.89365,0.91599,0.47215,0.43578,0.61996,0.46237,0.77488,0.97107,0.40255,0.80583,0.98006,0.79252,0.65504,0.41252,0.22818,0.45845,0.40742,0.14128,0.18333,0.25317,0.48192,0.52076,0.3337,0.54863,0.5259,0.50213,0.34788,0.52851,0.55178,0.6399,0.80626,0.32205,0.68955,0.43106,0.57186,0.5952,0.70278,0.58352,0.55665,0.46532,0.48372,0.3109,0.4798,0.9978,0.70566,0.42709,0.51475,0.65391,0.42519,0.71974,0.55458,1.26,0.6813,0.62094,0.83453,0.64759,0.79265,1.314,0.42082,1.7485,0.89852,0.54049,0.76507,0.97564,0.29633,0.33175,0.38381,0.76682,0.40198,0.42554,0.61822,0.56044,1.3292,0.40121,0.44022,1.2938,0.85087,0.66291,0.30231,0.55944,0.40191,0.3881,0.57317,0.64116,1.2452,0.76469,0.52148,0.56401,0.59441,1.1683,0.65996,0.34741,0.42034,0.66135,0.90296,0.95717,0.50578,1.0858,0.64429,0.34128,0.74276,0.76331,0.31998,0.3366,0.3257,0.67655,0.61116,0.58729,0.522,0.36914,0.2541,0.51714,1.094,0.85142,0.55834,0.59425,0.4291,0.81093,0.83249,0.46949,0.78615,0.56173,0.76047,0.49462,0.39176,0.77536,0.64773,0.82197,0.81769,0.51863,0.66491,0.42793,0.66063,0.93453,0.43183,0.7697,0.52611,0.54506,0.39839,0.50324,0.45584,0.3411,0.51329,0.6349,0.91499,0.9444,0.46149,0.26731,1.0049,1.2483,0.72289,0.57819,0.21843,0.33222,0.49159,0.92543,1.0929,0.46163,0.73811,0.59296,0.40371,0.52716,0.71266,0.37072,0.83525,0.60509,0.34021,0.58593,0.51203,0.63678,0.67683,0.37418,1.0393,0.51069,0.52394,0.54411,0.67752,0.35754,0.45919,0.5534,0.39946,0.4416,0.72183,0.68313,0.60896,0.40482,0.39184,0.47439,0.63142,0.82988,0.38165,0.54168,0.50885,0.75827,1.1571,0.42605,0.61942,0.51548,0.30769,0.79523,0.69616,0.73749,0.61367,0.59165,0.67616,0.46999,0.41166,0.416,0.2583,0.61923,1.0096,0.43264,0.57706,0.46694,0.60289,0.48509,1.1039,0.43271,0.5446,0.79966,0.37402,0.36162,0.61744,0.43641,0.34336,0.48963,1.0367,0.8351,0.97027,1.1859,0.76216,0.72202,0.46075,0.50107,0.21051,0.88338,0.34353,0.63794,0.25343,0.70225,0.49703,0.38713,1.0258,0.67109,0.50909,0.46876,0.6876,0.44337,0.22751,0.82886,1.0293,0.44774,0.33096,0.69952,0.47622,0.86599,0.50718,0.66252,0.69783,0.65746,0.5841,0.7059,0.82792,0.58038,0.68587,0.48098,0.53131,0.51989,0.46585,0.4546,0.56077,0.50549,0.66844,0.63752,0.78746,0.77597,1.1896,0.88992,0.82521,0.34235,0.72333,0.65522,0.26441,0.79821,0.86197,0.48349,0.59946,0.43227,0.42297,0.85119,1.0366,0.79532,0.50134,0.88595,0.60857,0.92421,0.44185,0.75126,0.59354,0.78611,0.32273,0.68322,0.63777,0.57319,0.52798,0.70796,1.8646,0.90222,0.75351,0.45301,0.62304,0.71626,0.97373,0.78386,0.57577,1.0315,0.85762,0.76841,0.65625,0.70381,0.47337,0.55181,0.67993,0.75026,0.52755,1.271,1.1525,1.0766,0.52813,0.65991,1.1891,0.8897,0.32666,0.62488,0.73377,0.82122,0.48459,0.49558,0.45626,0.54165,0.74406,0.58691,0.45543,0.75195,0.67303,0.78112,0.70525,0.97683,0.45329,0.71108,0.35486,0.43884,0.37149,0.37568,0.90628,0.5686,0.77517,0.47459,0.27817,0.39541,0.81557,0.76446,0.61776,1.0627,0.68974,0.79137,0.68324,0.49696,1.0151,0.83628,0.51955,0.70208,0.77453,0.78485,0.48939,0.73059,0.3322,0.76198,0.43874,0.72491,0.90993,0.3576,0.60952,0.33026,0.28962,0.70373,0.48634,1.3915,1.1105,0.73686,0.6724,0.73292,0.29696,0.41188,0.78006,0.62911,1.0266,0.62277,0.57475,0.90771,0.57382,0.98495,0.53285,1.0385,0.84843,0.75481,0.44185,0.38254,0.43439,0.40901,0.4794,0.20547,0.51165,0.85654,1.206,1.0235,0.55864,0.54275,0.48299,1.3969,0.39207,0.45037,1.1904,0.57992,0.58252,1.2914,0.94826,0.53973,0.77753,0.30775,0.34155,0.42887,1.0578,0.76006,0.50752,1.3431,0.30823,0.47513,1.4066,0.49071,0.82377,0.78814,0.31602,0.31297,0.94641,1.1082,0.63419,0.48908,1.1684,0.53816,0.36157,0.74918,0.77943,0.79643,1,0.32534,0.40832,0.69961,1.2823,0.57377,1.3025,1.0935,0.65853,0.96,0.74041,0.61756,0.55814,0.82042,0.64439,0.33656,0.31339,0.63831,0.48091,0.42608,0.51232,0.86273,0.69222,0.5031,0.88175,0.39479,0.56165,0.40585,0.60804,1.0302,0.56337,0.86815,0.6494,0.29863,0.33122,0.918,0.61986,0.56604,0.4533,0.60159,0.80677,0.47343,0.60783,0.42083,0.63386,0.39029,0.69657,0.66103,1.3135,0.46924,0.64618,0.71232,0.75452,0.76929,0.72174,0.61708,0.39775,1.0505,0.74565,0.98713,0.57282,0.57356,0.50471,1.0451,0.61769,0.47206,0.69285,1.0064,0.57738,1.0733,0.56576,0.59161,1.0624,0.89054,0.5703,0.37977,0.83337,0.44121,0.69487,1.011,0.90158,0.44344,1.028,0.75629,0.61216,0.38748,0.41773,0.97736,0.55882,0.61577,0.60557,0.60434,0.73055,0.5037,0.5373,0.62705,0.55735,0.68493,0.7399,0.29157,0.58828,0.7272,0.72873,0.7291,0.78883,0.64618,0.903,0.59858,0.42714,0.61502,0.64229,0.59884,0.45869,0.76616,0.3892,1.7076,0.53455,0.54321,0.7409,0.5507,0.39008,0.38866,1.0191,0.72819,0.31615,0.37274,0.45122,0.68215,0.69004,0.48584,0.48244,0.91293,0.51057,0.42352,1.163,0.68778,0.78556,0.76736,0.73639,0.29345,0.89802,0.82603,0.60858,0.44264,0.42515,0.48008,0.45508,0.44481,0.83834,0.62472,0.54834,0.43166,0.53993,0.5687,0.35305,0.29143,0.69576,0.51998,1.124,0.88313,0.4748,0.5769,0.65961,0.62691,1.3489,0.94481,1.0694,1.4866,1.4767,1.0198,0.6917,0.52491,0.78619,0.31112,0.80667,0.51918,1.0519,0.42525,0.51075,0.91432,1.1628,0.60125,0.61249,0.84893,0.54747,0.77749,0.34459,0.85138,1.1026,0.50854,0.6152,0.63408,0.98329,0.53137,0.41006,0.82904,0.65944,0.34484,0.29212,0.7906,0.77457,0.50434,0.75344,0.57744,0.8582,0.77136,0.9212,0.57816,0.40067,0.55431,0.52312,0.96999,0.58917,0.69961,1.4026,0.85122,1.1426,0.66352,0.74189,0.55189,0.54618,0.7009,0.58133,0.68458,0.50348,0.62646,0.7721,0.73644,0.69474,0.40163,0.52175,0.86961,0.64982,0.92981,0.77435,0.61549,0.53158,0.73886,0.33529,0.5679,0.72943,0.45536,0.39216,0.86543,0.5396,0.8369,1.1687,0.43317,0.35238,0.76334,0.60416,0.81594,1.0012,0.59986,0.88519,1.3374,0.96903,0.5043,0.58209,1.0133,0.60761,0.80746,0.64373,1.131,0.59875,0.73911,0.47359,0.81167,0.90464,0.39993,1.697,0.52527,0.55716,0.43834,0.79147,0.41131,0.60703,0.41592,0.77174,0.45795,0.57131,0.27798,0.56651,0.51991,0.82744,0.56343,0.74551,0.80327,0.77728,0.61469,0.68966,0.81226,0.55714,0.19612,0.41326,0.54035,0.47099,0.40141,0.5435,0.56193,0.54864,0.98596,0.53573,0.42178,0.45929,0.72653,0.67477,0.53511,0.53884,0.54029,0.5023,0.71722,0.70288,0.49107,0.76749,0.39226,0.44868,0.59262,0.68279,1.0853,0.69758,0.87031,0.59988,0.59391,0.42987,0.856,0.84938,0.67246,0.79516,0.59049,0.5759,1.7369,1.1669,0.44099,0.58114,0.85592,1.309,0.47595,0.52915,0.94861,0.43129,0.39765,0.28454,0.58524,0.55976,0.34272,0.43833,0.45034,0.5714,0.54605,0.40991,0.86069,0.80136,0.34631,0.54626,1.0248,0.34258,0.81359,0.87428,0.57404,0.57622,0.46575,0.60129,0.41959,0.37194,0.23921,0.44358,0.52002,0.49697,1.2963,0.36216,0.57771,0.51943,0.41427,0.52703,0.82408,0.53349,1.0191,1.6721,0.80156,0.76986,0.5727,0.57891,0.26376,1.2457,0.68155,0.55462,0.5494,0.54646,0.27627,0.5878,0.46981,0.20473,0.62861,1.4669,0.35012,0.20534,0.94813,0.78459,0.46441,0.64253,0.5947,0.48701,0.63039,0.23307,0.98974,0.19903,1.3927,0.52784,0.59943,0.63951,0.90991,0.58183,0.33052,0.43998,0.38382,0.76017,0.43126,0.35157,0.33795,0.70293,0.53739,0.57131,0.48622,0.32932,0.42594,0.48287,0.87257,0.75214,0.49639,0.7012,0.89199,0.99505,0.64572,0.8506,0.64489,0.47845,0.48248,0.9299,0.3675,0.85407,0.30586,0.34026,0.67969,1.1485,0.80808,0.375,0.5261,0.96863,0.45221,1.01,0.94815,0.45399,1.0577,0.50335,0.6021,0.62747,0.9723,0.89618,0.69362,0.52394,0.70079,0.48763,0.62334,0.96018,0.38097,0.53178,0.6518,0.46285,0.57076,0.96971,0.86398,0.87138,0.42375,0.47598,0.42386,0.41178,0.60373,0.65584,0.37312,0.39862,0.55553,0.83139,0.51683,0.86145,0.46917,0.65986,0.61814,0.37976,0.30115,0.46497,0.51448,0.78772,0.47094,0.30693,0.95797,0.73388,0.33835,0.42939,0.35984,1.0015,1.0564,1.1596,1.0845,0.93936,0.52707,0.38575,0.39822,0.27507,0.48059,0.56965,0.73556,0.53461,0.7321,0.5551,0.59144,0.39353,1.0058,1.0975,0.51341,0.44933,0.62355,0.38424,0.36393,0.74147,0.43748,0.48675,0.4273,0.694,1.0098,0.66444,0.26554,0.50261,0.65395,0.52554,0.6681,0.3014,0.18657,0.26123,0.26231,0.88075,0.81692,0.59824,0.43926,0.65224,0.4739,0.57696,0.73017,1.6662,1.0464,1.3113,0.31015,0.65936,0.66132,0.48966,1.0451,0.74989,0.76648,0.40557,0.68399,0.76747,0.84946,0.66332,0.60035,0.71366,0.44959,0.68503,0.50214,1.0593,0.67516,0.60273,0.402,0.62093,0.62937,0.4679,0.25421,0.3054,0.662,0.64571,0.89958,0.26702,0.26536,0.35672,0.9765,0.57815,0.58626,0.60744,0.51277,0.52961,0.52305,1.0506,0.67151,1.4924,0.94945,0.60386,0.3427,0.62622,0.72554,1.0275,0.85059,0.42238,0.3766,0.59541,0.66572,0.44327,0.80135,0.4091,0.73045,1.1592,0.97927,0.89425,1.1846,0.57883,0.43518,0.35989,0.43709,0.68418,0.66325,0.78382,0.33357,0.54391,0.50968,0.91538,0.60746,0.96244,0.78053,0.77841,0.47673,0.43953,1.1904,0.61984,0.78419,0.50394,0.60204,0.70231,0.68374,0.48291,0.5035,0.33332,0.28842,0.6284,0.65269,1.0918,0.36271,0.54093,1.3292,0.80015,0.32384,0.93708,1.2818,0.66514,0.67802,0.56703,0.83517,0.84767,1.1609,0.85346,0.96263,0.70922,1.3946,0.3903,0.6811,0.84825,0.37288,0.34281,0.6342,0.46861,0.57773,0.4462,0.47203,0.47911,0.28264,0.53462,0.90209,0.40582,0.71066,0.94447,0.86137,0.35525,0.65596,1.2147,0.88066,0.59347,0.35495,0.49085,0.36358,0.64114,0.38303,0.81085,0.7206,0.74674,1.0619,0.80072,0.3972,0.56191,0.55199,0.77222,0.56109,0.71387,1.1795,0.76676,0.37502,0.81728,0.42903,0.68263,0.89164,0.3997,0.62324,0.8636,0.63262,0.60587,1.0027,0.60744,0.55063,0.45254,0.95874,0.78147,0.53623,0.44071,0.5584,0.65748,0.61478,0.45226,0.97209,0.77981,0.65045,0.5815,0.63067,0.64854,0.3516,0.36343,0.65683,0.77899,0.66893,0.51589,0.65654,0.91881,0.65082,0.77631,1.1582,0.61123,0.59114,1.005,0.94114,0.55683,0.54056,0.83284,0.42631,0.95739,0.90504,0.52376,0.71616,0.45137,0.52657,0.74185,1.1884,0.98242,1.278,0.55747,0.59082,0.38664,0.62201,0.90507,0.33512,0.8328,0.2426,0.51171,1.0124,0.31344,0.34074,0.28226,0.26486,0.53489,0.72147,0.81174,0.50848,0.70061,0.48743,0.78431,0.76543,0.81487,0.99109,0.7054,0.84069,0.54503,0.77606,0.45871,0.50792,0.61464,1.1018,1.16,0.64439,1.6354,0.29419,0.32545,0.19459,0.70618,0.56141,0.66097,0.97728,0.5242,0.36688,0.90744,0.73717,1.1427,1.0459,0.7893,1.0785,1.6789,0.29168,1.1399,0.67417,0.74131,0.46711,0.19798,0.42888,0.7093,0.92122,0.49925,0.26699,0.22474,0.39085,0.51986,0.62354,1.4104,0.55991,0.64564,0.77473,0.81797,0.66314,0.4672,0.82974,0.90916,0.52072,0.3796,0.37322,0.81932,0.53386,0.75621,0.6598,0.39809,0.51732,0.44235,0.70307,0.46551,0.38099,1.2205,0.55078,0.23504,0.55217,0.31666,0.70829,1.0638,0.80621,1.6148,0.41371,0.79355,0.99918,0.74617,0.33117,0.4993,1.3022,0.45417,0.30451,1.0307,0.57932,0.88072,0.35527,0.7497,0.63862,0.61432,0.74031,1.1421,0.86198,0.44436,0.5949,0.40305,0.85422,0.57238,0.4803,1.149,0.46007,0.46719,0.61502,0.59964,0.60282,0.899,0.70805,0.39454,1.2844,1.1094,0.69007,0.43727,0.61439,0.46413,0.63252,0.64629,0.50457,0.87236,0.27407,0.32148,0.66901,0.35155,0.70211,1.4456,1.2116,1.1194,0.46937,0.59532,0.54411,0.5453,0.52148,0.8151,0.50734,0.68734,0.54603,0.55273,0.97826,1.0139,1.2861,0.53114,0.54543,0.43192,0.71775,0.92919,0.59711,0.56773,0.71369,0.94746,0.41522,0.95102,0.43056,0.47516,0.54642,0.76231,0.37715,0.50196,0.50437,0.90892,0.84797,0.42141,0.78555,0.87668,0.73727,0.80144,0.58936,0.50744,0.72064,0.58037,0.30774,0.8087,0.58822,0.36975,0.65536,0.47366,0.77372,0.35684,1.0545,0.51567,0.3497,0.56996,0.49824,0.3801,0.4828,0.38378,0.71207,0.47825,0.68512,0.76362,0.56196,0.565,0.6814,0.40872,0.38759,0.62806,0.64961,0.45948,0.51295,0.69067,0.59436,0.49295,0.55628,0.70224,0.70844,0.3852,0.5427,0.31515,0.65134,0.54241,0.46825,0.97243,0.65287,0.58289,0.53485,0.66068,0.84323,0.55682,0.81395,0.19618,0.28708,0.58606,0.54225,0.70984,0.48998,0.38074,0.95025,0.71917,0.51514,0.39912,0.76772,0.35561,0.3407,0.73469,0.51317,0.5252,0.78717,0.94822,0.36738,0.67537,0.65569,0.73072,0.73955,0.43935,0.365,0.44021,0.74172,0.52248,0.52261,0.87646,0.56799,0.45185,0.88381,0.79319,0.47424,0.51322,0.48563,0.50903,0.92968,0.43476,0.3099,0.51033,0.75119,0.43857,0.5175,0.97151,0.53037,0.91979,0.68818,1.1513,1.03,0.85462,0.38131,0.97091,0.3364,0.69316,0.62315,1.0047,1.0813,0.37772,0.63381,0.59233,0.40715,0.76655,0.60632,0.73734,0.82533,0.74286,0.71636,1.1947,0.65991,0.39449,0.59971,0.50589,0.77747,0.35925,0.33473,0.67767,0.5739,0.80567,0.82903,0.80196,0.65386,0.61056,1.1834,0.51538,0.54867,1.0566,1.2184,0.36165,0.79223,0.46675,0.40914,0.59641,0.78022,0.6514,0.40281,0.56012,0.36547,0.60114,0.5342,0.29662,0.26723,0.60835,0.36576,0.55753,0.62741,0.45519,1.2008,1.0546,0.4954,1.6774,1.1213,0.59914,0.54406,0.66834,0.20777,0.59944,0.49111,0.52716,0.46372,0.75368,0.52262,0.31466,0.3602,0.53316,0.33251,0.74097,0.55835,0.84231,0.54454,1.2679,0.59772,0.41129,0.39506,0.39128,0.2621,0.58247,0.85995,0.63773,0.34837,0.43203,0.50118,0.53064,0.61137,0.37704,0.61813,0.58234,0.29614,0.34644,0.46377,0.66901,0.85701,0.88505,0.45901,0.74341,0.53973,0.56528,0.66181,1.065,1.0239,0.50175,0.67588,1.0698,0.70948,1.1197,0.54677,0.4837,0.61045,0.72058,0.43249,0.59993,0.6206,0.55135,0.4228,0.54354,0.37608,0.4733,0.40413,0.49068,0.52429,0.83762,0.72305,0.40778,0.39164,0.7518,0.75919,0.47838,0.67546,1.7296,0.42661,0.27645,0.80866,1.1951,0.90962,0.56661,0.48861,0.7541,0.47739,0.5003,0.32825,0.81166,0.88741,0.77921,0.82657,1.0742,0.69866,0.29583,0.78062,0.65284,0.35206,0.51142,0.43639,1.1275,0.8154,0.4874
0.50912,1.1596,0.3552,0.20249,0.49433,0.39973,0.6328,1.0034,0.41937,0.95066,0.18525,0.36661,0.46217,0.50122,0.37555,0.74591,0.73046,0.44469,0.91579,0.91434,0.65493,0.47743,1.406,0.40702,0.60655,0.29041,0.40168,0.48392,1.1645,0.59938,0.43543,0.82116,0.92731,0.78287,0.1627,0.6788,0.44054,0.48323,0.62427,0.80826,0.56351,0.53562,0.6696,0.59705,0.56208,0.71075,0.73106,0.78163,0.56478,0.4263,0.81568,0.58655,0.45527,0.37311,0.62782,1.1898,0.53594,0.40728,0.53774,0.32659,0.39582,0.34698,0.44509,0.99139,0.85401,0.72124,0.3013,0.53985,0.65054,0.69888,0.38176,0.46855,0.7733,0.34047,0.6738,0.49297,0.44455,0.38397,0.58722,1.0198,1.0447,0.53065,0.75642,0.66611,0.55009,0.44793,0.34542,0.71663,0.77919,0.50773,0.73689,0.97284,0.7018,0.82588,0.69561,0.73377,0.38675,0.4476,0.55065,0.53622,0.50035,0.61882,0.99175,1.0751,0.24617,1.1263,0.38189,0.5862,1.3701,0.73809,0.38299,0.72448,0.35763,0.53779,0.59005,0.74447,1.1554,0.63601,0.46783,0.58882,0.5083,0.27325,0.36373,0.61856,0.52897,0.59424,0.81251,0.45211,0.69038,0.69141,0.82248,0.72735,0.9986,0.36102,0.33336,0.6925,0.44464,0.523,0.57754,0.80777,0.84884,0.81196,1.3361,0.53274,0.47936,0.31688,0.49874,0.65217,0.64837,0.6948,0.82547,0.67575,0.86272,0.36226,0.15861,0.74257,0.35256,0.78935,0.80823,0.54096,0.42388,0.5772,0.27341,0.71676,0.57082,0.87881,0.57461,0.7313,0.83275,0.7452,0.38636,0.6505,0.38463,0.54126,0.51724,0.18121,0.99443,1.0709,0.49143,0.72301,0.43631,0.5541,0.5842,0.82853,0.63343,0.94557,0.70049,0.54956,0.31386,0.39371,0.43372,1.0084,0.9006,0.53152,0.98977,0.45337,0.39554,0.54839,0.43999,0.57042,0.54147,0.69978,0.84086,0.61478,0.45081,0.33342,0.58572,0.76311,0.77627,0.86186,1.0109,0.39484,0.54193,0.39518,0.55625,0.88227,0.91169,0.57007,0.40731,0.62198,0.48287,0.48347,0.66387,0.32265,0.92479,0.37705,0.39266,0.48603,0.59305,0.52626,0.74206,1.0638,1.0708,1.0542,0.47917,0.75738,0.39042,0.29188,0.35767,0.48613,0.91312,0.93004,0.56167,0.55579,0.50318,0.4233,0.57733,0.34186,0.22756,0.81418,0.68507,0.7437,0.709,0.81525,0.91412,0.70158,0.64163,0.56894,0.75785,0.61793,0.70176,0.34954,0.31045,0.29239,0.33214,0.30856,0.67489,0.37856,0.78641,0.95316,0.69522,0.60887,0.4833,0.52686,0.24283,0.71475,0.49585,0.57842,0.71805,0.63333,1.1804,0.59472,0.96444,0.98312,0.60307,0.42455,0.74844,0.55601,0.39524,0.39667,0.82141,0.39311,0.47989,0.65294,0.60893,0.4107,0.77198,0.82173,0.34204,0.93063,1.406,1.0746,1.2983,0.63063,0.55612,0.91785,0.55026,0.71705,0.76393,1.0804,0.88667,0.65039,0.48076,0.65095,0.43811,0.59694,0.78413,0.55011,0.6497,0.34613,0.94017,0.67562,0.26409,0.40504,0.52092,0.75146,0.74186,0.77819,1.0438,0.53996,1.1687,0.33021,0.45886,1.3552,0.28653,0.88649,0.55592,1.0579,0.71784,0.91383,0.54562,0.80611,0.51439,1.002,0.95556,0.75758,1.1383,0.83573,0.57776,0.59568,1.4392,1.2534,0.96588,1.1295,0.63669,0.26814,0.84011,0.51857,0.8509,1.2105,0.83335,0.94682,0.97792,1.193,0.65913,0.49113,0.54521,0.27757,0.75635,0.41103,0.36836,0.58003,0.456,0.80015,0.36119,0.69156,0.99544,0.99347,0.88191,0.55583,0.38448,0.42277,0.50897,0.88066,0.90965,0.36202,0.33202,0.78364,1.5864,0.49365,0.45232,0.40195,0.5674,0.73609,0.81324,0.53831,0.8978,0.87125,0.35908,0.79512,1.4558,0.5171,0.53437,0.56053,0.59726,0.58584,0.78992,0.87373,1.4325,1.0251,0.41897,0.6009,0.84994,0.92235,1.5083,0.7366,0.57868,1.2,0.62806,1.1413,0.84318,0.53644,0.48656,1.2161,1.2717,0.79184,0.94547,0.62532,0.64712,0.79525,0.64621,0.49425,0.3793,0.39627,0.35302,0.41773,0.73602,0.59417,0.49706,0.58192,0.4374,0.64686,0.58299,0.6996,0.63535,0.34743,0.55464,0.49988,0.56603,0.7693,0.9088,0.47137,0.39363,0.35614,0.40866,0.637,0.57385,0.57616,0.74695,0.61553,0.55257,0.2749,0.45284,0.84982,0.70602,0.49064,0.58751,0.72114,0.44631,0.61988,0.41756,0.27678,0.4258,0.71166,0.41408,0.58124,0.52275,0.69913,0.68444,0.80043,0.44539,0.40931,0.84482,0.45962,0.60954,0.70998,0.78654,0.91374,0.55311,0.49497,0.49494,0.40306,0.50313,0.49768,0.72125,0.77312,1.8714,0.50805,0.70489,0.6347,0.56893,0.64895,0.47032,0.54519,0.44826,0.40403,0.73347,0.46719,0.44926,1.0594,0.72396,0.37879,0.56904,0.54988,0.63812,0.73667,0.47704,0.31511,0.50375,0.50128,0.79429,0.3949,0.60721,0.66498,0.55875,0.60195,0.86838,0.71762,0.53349,1.0256,1.1176,0.44166,0.7744,0.60256,0.52919,0.6862,0.33888,0.61529,0.83148,0.93694,0.70578,0.88252,0.44435,0.53265,0.7581,0.87256,1.427,0.63083,0.97585,0.45618,0.52805,0.40527,0.71249,0.5495,0.47389,0.27767,0.64546,0.68643,0.77944,0.72473,0.64625,0.5644,0.84975,0.67549,0.33234,0.88326,1.0173,0.78447,0.67013,0.88958,0.72554,0.45966,0.60124,0.41264,0.52565,0.21607,0.43381,0.64071,0.7724,0.71083,0.51823,0.67651,0.35615,0.7204,0.61984,0.96932,0.52156,0.74477,0.48097,0.53135,0.7624,0.88443,0.84163,0.77039,0.78484,1.0335,0.37938,0.94927,0.94444,0.4342,0.95039,1.045,0.91386,0.78097,0.48252,0.64987,0.82836,0.88684,0.82272,0.49475,0.42473,0.37223,0.43615,1.1452,1.0217,0.7557,0.88101,0.80253,0.53549,0.35055,0.47242,0.44833,0.43991,0.59655,0.57099,0.87871,0.37235,0.54702,0.43676,0.6062,0.57387,0.54141,0.42806,0.72604,0.71268,0.76371,0.63,0.8346,0.65741,0.73788,0.46556,0.56691,0.62672,0.69494,0.54658,0.40147,0.76254,0.48682,0.53982,0.47686,1.2018,0.77342,0.9906,0.43318,0.63706,0.42916,0.49868,0.29801,0.36545,0.93702,0.56609,0.65071,0.62661,0.68754,0.36196,0.65466,1.6049,0.51033,0.53281,1.2148,1.0647,0.58586,0.61604,0.76818,0.73496,0.38469,0.41612,0.77584,0.7902,0.89222,0.43907,0.34968,0.36852,0.49345,0.61628,0.59758,0.6865,0.60239,0.92127,0.50198,0.75362,0.74493,0.78876,0.42413,0.75015,0.629,0.42864,0.59335,1.5746,0.67325,1.2388,0.62858,0.34189,0.70305,0.67121,1.013,0.77216,0.86674,0.2822,1.0006,0.73643,0.6339,0.53479,0.3878,0.48718,0.42609,0.87572,0.71427,0.29787,0.5537,0.70392,1.1755,1.5811,0.60652,0.75856,0.46158,0.58538,0.8992,0.26056,0.89891,0.43416,0.10836,0.32434,0.63585,0.69056,0.77181,0.72431,0.28774,0.7206,0.81022,0.75818,1.3666,0.67208,0.31607,0.67288,0.66513,0.43945,0.60017,0.91016,0.62422,0.92756,0.90683,0.88157,0.76772,0.99327,0.74251,1.0202,0.66203,0.446,0.49427,1.0499,1.3459,0.60949,0.36187,0.40402,0.43545,0.73379,0.87565,0.48616,0.65838,0.79821,0.77865,0.61805,0.27734,0.53856,0.54616,0.63255,0.37167,0.61877,0.51303,0.48283,0.34277,0.58417,0.36141,0.54547,0.65392,0.4434,0.45171,0.39844,0.32972,0.28392,0.53653,0.43873,0.59248,0.72196,0.86084,0.96445,0.66089,0.37123,0.59733,0.81731,0.64677,0.36254,0.78796,0.3027,0.62869,0.39763,0.4261,1.0039,0.75297,0.91979,0.38901,0.46171,0.28787,0.56846,0.71498,0.73633,0.47808,0.64467,0.88401,2.0671,0.57427,0.62887,0.8362,0.59256,0.27687,0.38114,1.3091,0.52237,0.49412,0.43758,0.27465,0.26696,0.28269,0.47461,0.73192,0.62818,0.6529,1.0698,0.56581,0.37112,0.81546,0.6751,0.69266,0.28788,0.55616,0.66661,0.52328,0.37531,0.24899,0.83116,0.28568,0.44917,0.54778,0.65417,0.4417,0.53684,0.79709,0.59077,0.77767,0.46453,0.38331,0.4786,0.70842,0.82136,1.1285,0.99539,0.61263,0.56445,0.40358,0.57513,0.55124,0.44272,0.48553,0.20226,0.40395,0.31228,0.5451,0.47479,0.65999,0.95992,0.33142,0.67781,0.47949,1.1344,0.2481,0.54113,1.0272,0.6224,0.68625,0.56612,0.84254,0.48378,0.30537,0.75379,0.31315,0.61805,0.66826,0.49002,0.5941,0.511,1.0075,1.3491,0.52503,0.40036,0.44054,0.74833,0.77128,0.97649,0.60538,0.57384,0.85887,0.34722,0.64073,0.27182,0.85786,1.1015,0.50948,0.52197,0.60218,0.5518,0.59648,0.53553,0.63711,0.44722,0.77785,0.49125,0.25741,0.82787,0.65213,0.88291,0.62369,0.66684,0.53306,0.53498,0.73031,0.58563,0.62709,0.89701,0.60946,0.70551,0.4105,0.58971,0.3949,0.38297,0.77024,0.25127,0.3346,0.3479,0.47382,0.45264,1.0813,0.7616,0.99944,0.78531,1.1693,0.59317,0.92941,0.92444,0.85526,0.50554,0.81888,0.49572,0.43533,0.82589,1.0377,0.58157,0.55247,0.68333,0.75049,0.65442,0.97687,0.40051,0.64021,0.39906,0.49337,0.92142,0.3905,0.35909,0.45067,0.88317,0.67287,0.69873,0.67645,0.67878,0.67492,0.44585,1.0273,0.71166,0.6505,0.66012,0.39148,0.54643,0.87705,0.83412,0.6165,0.46655,0.47863,0.40486,0.45428,1.1109,1.1134,1.3855,0.50412,0.92333,1.2933,1.0532,0.72328,0.18601,0.41229,0.4446,0.70991,0.55709,0.80343,0.63565,0.55102,0.70289,0.24566,0.58204,0.67167,0.6869,0.61102,0.76707,0.31918,0.77015,0.34062,1.1594,0.68502,0.26657,0.95536,0.67631,0.74487,0.47196,1.1181,0.75601,0.83949,0.84136,0.95708,0.40726,0.72802,0.48464,0.6708,0.77349,0.66599,0.61126,0.58521,0.71749,0.62616,0.63576,0.4131,0.29468,0.63402,0.92788,0.56075,0.84698,1.0426,1.1016,0.82162,0.6006,0.20599,0.37995,0.47143,0.82835,0.54154,0.70912,0.37701,0.68931,0.67671,0.51898,0.62399,0.9175,0.89258,0.50259,0.68542,0.69286,0.42227,0.67745,0.8613,0.64095,0.58845,0.47197,0.74591,0.44746,0.28249,0.60945,0.46871,0.42947,0.8525,0.98411,0.91952,0.74695,0.19394,0.51827,0.59503,0.55229,0.9305,0.40127,0.80751,0.78042,0.96206,1.1618,0.47702,0.64415,0.46904,0.69501,1.0212,0.81667,0.62662,0.65695,0.70235,0.43425,0.67198,0.47707,0.35197,0.27834,0.34444,1.0939,0.51997,0.67981,0.87813,0.88277,0.60794,0.45583,0.90997,0.99853,0.53024,0.30031,1.0077,0.48834,0.7011,0.7804,0.57952,0.79225,0.39338,0.44848,0.36775,0.9669,0.55352,1.1783,0.37965,0.54262,0.38958,0.60963,0.94822,0.77594,0.5794,0.42985,0.4961,0.44987,0.52746,0.34317,0.41436,0.38027,0.713,0.47744,0.38408,0.56123,0.99063,0.98295,0.54433,0.56803,0.92057,0.46151,0.64849,0.56437,0.55004,0.8778,0.67256,0.78639,0.45348,0.45331,0.3959,0.48412,0.38957,0.80001,0.61644,0.7439,1.1973,0.68774,0.52805,0.70875,0.53932,0.46608,0.52446,0.39898,0.30847,0.30401,0.3761,1.26,0.50648,0.22256,0.47677,0.39854,0.47526,0.5137,0.85043,0.50136,0.75017,0.83812,0.77609,0.68232,1.1449,0.87642,0.6748,0.22388,0.52525,0.32228,0.83105,0.61476,0.44744,0.53819,0.44673,0.6517,0.28534,0.43988,0.53414,0.6449,0.54381,1.2705,0.6549,0.20923,0.32672,0.49894,0.29708,0.93364,1.3505,0.5935,0.92375,0.34831,0.38461,0.61236,0.31311,0.41326,1.0458,0.70639,0.44506,1.107,0.62904,0.53095,0.48198,0.64242,0.99447,0.56864,0.60719,0.64321,0.61768,1.2487,0.43503,0.44976,0.45108,0.45107,0.6995,0.60038,0.72052,0.43602,0.4875,0.61257,0.82984,1.3649,0.64003,1.0979,0.19069,0.55993,0.36262,1.1803,0.70032,1.4608,0.3547,0.53605,0.85545,0.8863,0.46899,0.30164,0.23419,0.39342,0.42376,1.1933,0.49525,0.34022,0.4722,0.63897,0.67836,0.65344,1.0887,0.34334,0.40733,0.58085,0.44334,1.0196,0.43129,0.73552,0.85379,0.60969,0.73164,0.66009,0.95116,0.94218,0.37947,0.61674,0.66574,0.66405,1.0281,0.5801,0.64431,0.89295,0.75606,1.059,0.6181,0.81902,0.49856,0.57409,0.60303,0.4933,1.0721,0.84055,0.95617,0.90557,0.368,0.21254,0.51012,0.48592,0.41757,0.68668,0.42703,1.2161,0.46131,0.65652,0.54374,0.94856,0.54903,0.73825,0.26759,0.58414,0.72052,0.46744,1.1006,0.50274,0.63596,0.99042,0.65163,0.55848,0.38323,0.34269,0.53174,1.0123,0.85346,0.66289,0.59931,0.88106,0.58083,1.0817,0.64753,1.1239,0.77755,0.66249,0.68778,0.91224,0.52653,0.3039,0.67792,0.48869,0.42688,0.61269,0.86221,1.1029,0.55264,0.4352,0.39466,0.57136,0.48855,0.46268,0.42705,0.45341,0.69373,0.53923,0.75905,0.61726,0.4788,0.80514,0.47555,0.55136,0.58189,0.42202,0.61852,0.9777,0.58142,0.35379,0.4945,0.48859,0.37617,0.62345,0.48378,0.93831,1.0118,0.67569,0.56638,0.57013,0.44889,0.47784,0.69572,0.85067,0.94622,0.44619,0.72961,1.9129,0.83126,0.4376,0.36131,0.29134,0.69982,0.44141,0.85368,1.2267,1.0088,0.53748,0.63357,0.79348,0.73459,1.0054,0.8547,0.6047,0.42736,0.38899,0.53915,0.85238,0.5093,0.29838,0.68458,0.98857,0.50655,0.78374,0.48161,0.65526,0.72692,0.38377,0.41578,0.27254,0.56158,0.73731,0.53117,0.63573,0.49459,0.63787,0.56302,0.63215,0.35675,0.38294,0.39734,0.66416,0.92931,0.86268,0.66498,0.53926,0.97306,0.38242,0.73602,0.46047,0.30187,0.4718,0.57978,0.68009,1.3481,0.75842,0.88673,1.0319,1.0132,0.89583,0.68684,0.5884,0.37234,0.34699,0.66582,0.38835,0.52384,0.8753,0.70051,0.77185,0.66033,0.56174,0.40779,0.9621,0.58695,0.46715,0.92238,0.40672,0.52648,0.70044,0.82022,0.69927,0.71312,0.9097,0.97128,0.674,0.36385,0.4284,0.44765,0.9611,0.75788,1.0962,0.43602,0.37027,0.80368,0.78252,0.55119,0.37969,0.73063,0.75719,0.56135,0.81133,0.54048,0.93802,0.47594,0.53498,0.50083,0.73268,0.65025,0.91319,0.60622,0.88919,0.53512,0.64242,0.54527,0.51624,0.71152,0.61864,1.6283,0.79343,0.28325,0.47084,0.66135,0.96173,0.50249,0.5619,0.32723,0.47275,0.706,1.0346,0.48469,0.5749,0.87798,0.34879,0.22744,0.57825,0.6486,0.96877,1.1241,0.99375,0.58237,0.70391,0.55145,0.4865,0.36926,1.163,0.7317,1.09,0.59179,0.41,0.57294,0.59763,1.258,0.45802,0.37544,0.73306,0.43949,0.59444,0.75388,0.51974,0.7334,1.2664,1.2586,0.45836,0.408,0.65864,0.7352,0.61867,0.87694,0.337,0.60492,0.36271,0.51276,0.95813,0.45789,0.25739,0.35496,0.49368,0.30476,0.7383,0.55864,0.88898,0.47029,0.39666,0.53294,1.0066,0.48438,0.68272,0.83233,0.51382,0.75053,0.53513,0.38001,1.052,0.74535,0.64598,1.17,0.60955,0.39863,0.8986,0.63708,0.80908,0.90624,0.80813,0.5491,0.65282,0.27867,0.28947,0.28529,0.71401,1.0525,0.56389,0.70773,0.31802,0.78015,0.87615,0.63769,0.71461,0.89678,0.3527,0.44259,0.45285,0.38645,0.35966,0.34431,0.75556,0.21362,0.24513,0.93274,0.43011,1.1844,0.78118,0.31371,1.0417,0.29624,0.80413,0.36062,0.54023,0.66576,0.533,0.7477,0.79601,0.43205,0.95345,0.54292,0.34213,0.30395,0.35646,0.60371,0.89851,0.65979,0.28148,0.53718,0.51122,0.44587,0.48394,0.91605,0.58382,0.72629,0.70171,0.68935,0.70031,1.3745,0.41062,0.9153,0.33459,0.62018,0.83599,0.13573,0.40355,0.47909,0.61239,0.48772,0.29749,0.37265,0.64092,1.0755,0.59318,1.0707,0.66953,0.54183,0.48384,0.40275,1.0536,0.56491,1.3055,0.86093,0.53917,0.8419,0.43517,0.29149,0.54744,0.31158,0.43,0.87536,0.46832,0.55573,0.44155,0.52596,0.66492,0.72597,0.47259,0.88849,0.6552,0.31115,0.4436,0.46267,0.38144,0.52785,1.0139,0.81554,0.55967,0.50753,0.60801,0.54511,0.60943,0.50741,0.57248,0.39352,0.21826,0.43273,0.54289,0.92996,0.5808,0.62447,0.88928,0.71402,0.29584,0.68175,0.76245,0.7328,0.77638,0.48168,0.56055,1.0212,1.354,0.54876,0.89813,1.001,0.57768,0.63183,0.503,0.52768,0.46024,0.21164,0.35511,0.64319,0.43071,0.71127,0.62572,0.86116,0.53109,0.60186,0.52294,0.93108,0.65469,0.996,0.44367,0.48647,0.89188,0.8872,0.67113,0.84996,0.40805,0.70637,0.52791,0.33881,0.7823,0.44353,0.73052,0.30282,0.38722,0.7482,0.67987,0.70219,0.69562,0.91853,0.58393,1.0753,0.99391,0.95002,1.0257,0.8772,0.5717,1.2791,0.8389,0.59919,0.45317,0.56094,0.92685,0.63939,0.53429,0.70729,0.7165,0.55396,0.78376,0.77427,0.58689,0.77141,0.41948,0.37957,0.77102,0.5328,0.72311,0.32457,0.4969,0.63157,0.65006,0.64784,0.93551,0.53097,1.1598,0.93664,0.95347,0.56988,0.76627,0.64245,1.0015,0.47552,0.37535,0.35918,0.35288,1.0607,0.37515,1.0627,0.53853,0.69919,0.73351,0.84963,0.46249,0.51009,0.71175,0.97963,0.47688,0.6741,0.61512,0.80241,1.1086,0.74253,0.7517,0.52293,0.5351,0.74811,0.342,0.39261,0.88331,1.0095,0.72416,0.65338,0.59922,0.57659,1.3562,0.54001,0.80759,0.45706,0.36452,0.51782,0.61482,0.57974,0.19435,0.45549,0.48413,0.70686,1.1037,2.3511,0.47884,0.40425,0.73949,1.0404,0.67556,1.0248,1.0287,1.4235,1.0578,0.61982,0.82897,0.62312,0.75001,0.59091,0.54688,0.31616,0.41924,1.2808,0.80415,0.43035,1.0658,0.57235,0.77175,1.2302,0.70995,0.61887,0.52915,1.0484,0.34095,0.37572,0.68449,0.50325,0.55751,0.60764,1.126,0.89344,0.95925,0.72878,0.52879,0.38847,1.0529,0.8706,0.7206,0.50345,0.54213,0.39257,0.48688,0.45607,1.0872,0.56888,0.6229,0.69174,0.6374,0.66129,0.71446,0.92549,0.47365,0.48902,0.69986,1.1728,0.36428,0.46591,0.84058,0.63449,0.3369,0.89782,0.46768,0.45953,0.84146,1.5674,1.0489,0.51429,0.61698,0.44955,0.40759,0.37308,0.25606,0.78909,0.56032,0.97376,0.3484,0.35837,0.30925,0.62801,0.96265,0.63502,0.91765,1.0885,0.41024,0.85755,0.75259,0.55873,1.0639,1.1038,0.5209,0.81341,0.98498,0.79772,0.52428,0.53706,0.33891,0.59094,0.36834,0.55062,0.90472,0.50775,0.70699,0.45182,0.63167,0.69863,0.92494,1.0009,0.92319,0.5372,0.75063,0.56132,1.1443,0.93907,0.50578,0.29265,0.52089,0.32562,1.0603,0.38922,0.47084,0.39531,0.44379,0.77113,1.209,0.71276,0.68344,0.31548,0.39298,0.52298,0.55413,0.89731,0.5942,0.50766,0.6106,0.51053,0.63072,0.60684,0.97635,0.60008,1.1065,0.60613,0.42489,0.23316,0.54671,0.61162,0.46759,0.80396,0.69047,0.75567,1.3258,0.91158,0.53548,0.46848,0.73476,0.2729,0.64254,0.45779,0.4954,0.26829,0.29582,0.52054,0.84191,0.75803,0.63805,0.45457,0.59222,0.69738,0.73641,0.79781,0.47839,0.9558,0.53697,0.8792,0.39871,0.33859,0.55817,0.52205,0.3113,0.36355,0.67659,1.2289,0.59937,0.88896,0.45837,0.51852,0.91442,0.86391,0.64148,0.58925,0.77192,0.55471,0.66855,0.20066,0.64978,0.7885,0.73047,0.59434,1.2298,0.67516,1.4284,0.84028,0.23937,0.87559,0.50908,0.66393,0.96962,0.6456,0.60771,0.44566,0.13908,0.4473,0.66879,0.49889,0.34552,0.74662,0.75604,1.0477,0.59827,0.34619,0.86894,1.1205,0.80033,0.40091,0.49154,0.52416,0.76742,1.273,0.60829,0.72454,0.61074,0.54133,0.54198,0.54464,0.81612,0.43662,1.4647,0.85515,0.90629,0.67995,0.65659,0.38207,0.46048,0.47037,0.50224,1.0707,0.92191,0.73223,0.61626,0.54782,0.34385,0.45255,0.50559,0.4852,0.48993,1.3536,0.63607,0.37798,0.51306,0.41704,0.24775,0.64448,0.64985,0.49218,0.30956,0.42563,0.4978,0.61133,0.48465,0.59726,0.8254,0.42864,0.67551,0.35835,0.67125,0.39744,0.44551,0.6546,0.5052,0.90947,0.66435,0.62612,0.95878,0.90654,0.90233,0.80598,1.2593,0.45781,0.5098,1.123,0.53916,0.47162,0.8964,0.62816,0.35594,0.92867,0.55078,0.40695,0.50663,0.59008,0.57553,0.6897,1.1484,0.90514,0.66935,0.65508,0.43798,0.77228,0.40681,0.31658,0.69185,0.8959,1.3896,1.0412,0.47099,0.75836,0.80348,0.97667,0.59782,0.86534,0.4708,0.92472,0.75258,0.89543,0.48321,0.8317,0.57671,0.87076,0.76647,1.1831,0.51876,0.59513,0.56927,0.71863,0.68973,0.69895,0.46405,0.7288,0.69014,0.45042,0.3358,0.75948,0.94132,1.0117,0.70596,0.73926,0.62316,1.0203,0.72009,0.35429,0.61819,1.0486,0.7769,0.5269,0.65193,0.49967,0.61938,0.53984,0.6645,0.5642,0.76891,0.34539,0.80114,0.58564,0.6763,0.67945,0.42228,0.32563,0.70736,0.78614,0.61545,0.52961,0.66629,0.51618,0.50104,0.36432,0.74336,1.0263,0.59699,1.0445,1.0474,0.37363,0.45593,0.35702,0.43371,0.98081,0.22842,0.6084,1.0395,0.56717,0.47967,0.40336,0.66073,0.61173,0.68792,0.43373,0.49291,0.91667,0.70562,0.46499,0.73905,0.47059,0.67412,0.69999,0.51728,0.92223,0.37092,0.38709,0.61351,0.43208,0.47839,0.24197,0.75299,0.93758,0.47611,1.2082,0.97875,0.77836,0.45562,0.59437,0.74506,0.65873,0.41711,0.31053,0.636,1.0069,0.39143,0.54968,0.47985,0.3524,0.51088,0.69821,1.0751,0.42444,0.93889,0.7367,0.35848,0.363,0.53744,0.83096,1.0704,0.47454,0.5571,0.79263,0.57091,0.37307,0.94526,0.70806,0.30661,0.56125,0.70566,0.35777,0.31127,0.73406,0.67765,0.54899,0.36307,0.507,0.64682,1.1602,0.65804,0.49484,0.40627,0.7528,0.48582,0.43654,0.31497,0.7033,0.40636,0.75057,0.26421,0.50388,0.86728,0.55662,0.47096,0.56921,0.57237,1.5554,0.56739,0.25791,0.73451,0.4851,0.65331,0.6072,0.72635,0.35379,0.43763,0.67183,0.42382,0.30012,1.4466,0.73094,0.55304,0.6878,0.44766,0.96891,0.72446,0.60762,1.1319,0.51605,0.72558,0.5795,0.60789,0.50648,0.58133,0.39576,0.53689,0.32178,0.41508,0.56924,0.24235,0.88838,0.57752,0.59106,0.41838,0.30974,0.33263,0.5876,1.0689,0.70487,0.43416,0.54741,0.46733,0.41929,0.57199,0.64422,0.77625,0.41905,0.93425,0.45157,0.62152,0.53758,0.43882,0.42243,0.5088,0.41615,0.57663,0.65897,0.61376,0.42577,0.62628,0.58072,0.52351,0.54639,0.43058,0.56107,0.65001,0.51878,0.65931,1.3425,0.47308,0.83326,0.79881,0.51803,0.50998,0.48273,0.28169,0.265,0.3847,0.58531,0.65095,0.7773,0.53878,0.55806,0.61327,0.73969,0.37265,0.70694,0.59421,0.69375,0.2144,0.61028,1.139,0.6041,0.82667,0.79657,0.32116,0.47482,0.5465,0.53915,0.34496,0.55512,0.88675,0.97378,0.30151,0.41994,0.83705,0.39765,0.69412,0.43786,0.74164,0.53251,0.82487,0.98405,0.59196,0.5605,1.5036,1.2964,0.3067,0.31618,0.61248,1.09,1.1371,0.29779,0.36885,0.79168,0.90963,0.97493,0.4662,0.5695,1.5357,0.87448,0.54731,0.81654,0.93644,0.66583,0.44024,0.48829,0.67116,0.28765,0.7249,0.39233,0.77359,0.23542
0.30161,0.61482,0.30934,0.77338,0.79828,0.42081,0.48657,0.49288,0.54248,0.51495,0.61147,0.29296,0.32938,0.48819,0.27783,0.63796,0.67734,0.53669,0.8687,0.67201,0.51223,0.35467,0.40208,0.43997,0.80375,0.44471,0.93556,1.2953,0.73198,0.6691,1.0631,0.76643,0.95499,0.72247,0.8102,0.31925,0.27021,0.2975,0.22572,0.76956,0.56434,0.48735,0.56745,0.40013,0.84346,0.3244,0.76828,0.61398,0.31538,0.37731,0.45148,0.63592,0.32144,1.4075,0.63209,0.67474,0.37053,0.42106,0.32289,0.48007,0.47332,0.41725,0.38516,0.56041,1.0184,0.6546,0.43767,0.60032,0.41079,0.47274,0.81255,0.5926,0.56944,0.61077,0.84729,0.61809,0.3941,0.61414,0.49816,0.41123,0.80548,0.89984,0.66038,1.0471,0.37185,0.4733,0.48102,0.50365,0.97442,0.47447,0.48224,0.29412,0.80934,0.6283,0.86788,1.0917,0.32558,0.57347,0.58425,0.65041,0.73817,0.80875,0.42751,0.81144,0.48786,0.46137,0.37503,0.39975,0.76342,0.8982,0.60229,0.77275,0.54561,0.36975,0.25649,0.58619,0.53622,0.842,0.5187,0.43674,0.33419,0.85786,0.77778,1.0239,1.0406,0.98095,0.80037,0.86481,0.68617,0.4131,0.53093,0.52901,0.69514,0.40995,0.59763,0.33845,0.41658,0.91284,0.59154,0.82501,0.7971,0.49523,1.204,0.68599,0.46432,0.61622,0.76894,0.68602,0.68696,0.55107,0.53995,0.50185,0.6029,0.71686,0.48658,0.41092,0.23393,0.32299,0.77839,0.5551,0.36296,0.56623,0.64897,0.42451,0.45169,0.71284,0.75637,1.0189,1.0331,1.2326,0.8048,0.69732,0.51672,0.53011,1.051,0.49774,0.35749,0.4148,0.41834,0.94528,1.2449,1.3941,0.55534,0.34612,0.40878,0.3576,0.34484,0.55195,0.57775,0.68849,1.0438,0.76687,0.72835,0.65702,0.58587,0.57156,0.55989,1.1526,0.79053,0.86333,0.6159,0.37626,0.26558,0.44346,0.61139,0.45873,0.60955,0.82598,0.81455,0.69481,0.77711,0.49341,0.46199,0.30325,0.69518,0.76065,0.8304,0.92532,0.88678,0.60266,0.81645,0.34893,0.50573,0.5169,0.71234,0.92227,0.65637,0.75386,0.4581,0.4041,0.41567,0.71113,0.42069,0.37203,0.46898,0.4836,0.52038,0.52472,0.39237,0.54903,0.68777,0.89338,0.66306,0.55741,0.39128,0.41608,0.78754,0.56773,0.39267,0.48372,0.34464,0.62212,0.55654,0.51677,0.81636,0.43975,0.38797,1.29,1.3415,0.78321,0.5353,0.59676,0.57116,0.30736,0.36676,0.50594,1.1279,0.68345,0.34415,0.63773,0.8814,0.88657,0.67526,0.4571,0.81722,0.54082,0.87942,1.0345,0.53241,0.51503,0.69979,0.70199,0.60328,0.59809,0.4759,0.41093,0.28612,0.43993,0.68652,0.66276,0.85876,1.0033,0.55921,0.60795,0.80905,0.77848,0.66865,1.031,0.43143,0.6313,0.8318,0.51197,0.56835,0.59896,0.52743,0.81589,0.8188,0.42799,0.92593,0.43981,0.63423,0.84629,0.67993,0.67412,0.72783,0.4879,0.71267,0.47614,0.95314,0.36077,0.70546,0.75736,0.89269,1.0837,0.52474,0.59298,0.57711,0.88416,0.68716,1.1244,0.83565,0.85948,0.73896,0.63402,0.93355,0.70654,0.34871,0.98237,1.4914,0.86006,0.6965,0.40564,1.1807,0.56405,2.3281,2.2521,1.2527,0.57982,0.49311,0.52212,0.92472,0.99812,0.81962,0.73574,0.76684,0.87957,0.92648,0.48329,0.36114,0.46799,0.53279,0.62981,0.60003,0.26357,0.38147,0.52142,0.34272,0.72221,0.63641,0.47722,0.98337,0.64692,0.90405,0.55763,0.79121,0.47473,1.1413,0.77098,1.3519,0.56212,0.45361,0.72541,0.9332,0.86383,0.47067,0.82732,0.30546,0.66053,0.44871,1.2894,0.54846,1.0846,0.55442,0.86518,1.0436,0.78827,0.87748,0.5698,0.64435,0.38447,0.5422,0.43677,0.39231,0.6895,0.59807,0.48377,1.5252,0.32239,0.22193,0.35641,0.28533,1.0708,1.1316,1.1571,0.57643,0.71097,1.3812,0.91941,0.95361,0.56349,0.73825,1.1258,0.37655,0.69121,0.39671,0.39075,1.2872,1.036,0.67138,0.77233,0.84539,0.5399,0.81058,0.48601,0.15001,0.26248,0.21709,0.4904,0.66854,0.78828,0.95731,0.20502,0.3935,0.38552,0.6774,0.60335,1.2037,0.99071,0.56463,0.54055,0.40525,0.30901,0.59463,0.79148,0.66663,0.76122,0.85858,0.29211,0.28627,0.57547,0.63695,0.52386,0.88429,0.34519,0.31079,0.54699,0.50594,0.53342,0.43768,0.41911,0.42788,1.3006,0.42577,0.46542,0.39837,0.57504,0.95345,0.49303,0.66769,0.78314,0.69536,0.54811,0.8525,0.71458,0.615,0.27249,0.52765,0.46506,0.50113,0.41686,0.29451,0.46186,0.32237,0.53703,0.67551,0.78317,0.65733,0.76391,0.64324,0.49361,0.49215,0.43582,0.3706,0.45407,1.0007,0.4722,0.75207,0.60669,0.23069,0.54194,0.52017,0.84871,0.58073,0.46985,0.70815,0.52093,0.47366,0.43566,0.77907,0.4432,0.55988,0.97395,0.53239,0.89662,0.68087,0.57178,0.64606,0.24137,0.8172,0.38333,0.56421,0.57631,0.6744,0.47693,0.75904,0.663,0.69432,0.74877,0.38715,0.56159,0.41618,1.0546,0.76631,0.91722,0.65866,1.0355,0.93806,0.58801,0.61037,0.71861,0.50007,0.72807,0.29977,0.49742,0.53558,0.40132,0.69657,0.51049,0.61179,0.8141,0.91999,0.50966,1.7828,0.54689,0.42531,0.61218,1.1068,0.95306,0.44514,0.49579,1.172,0.5716,0.48541,0.47429,0.29531,0.52594,0.33486,0.72191,0.49634,0.54313,0.59086,0.70679,0.47052,0.45135,0.96294,0.62581,0.56734,1.093,0.66769,1.0903,0.82598,0.99248,0.92893,0.71756,1.1149,0.76129,0.75241,0.58489,0.74076,0.70775,0.64373,1.3855,0.87653,0.63623,0.72421,0.41575,0.5736,0.60086,0.64883,0.87722,0.40732,1.2575,1.0958,1.4258,0.83965,0.84243,0.68028,0.62781,0.63189,0.3823,0.46487,0.73067,0.48755,0.54264,0.39766,0.9622,0.40146,0.83348,0.57745,0.95835,0.85205,0.43064,0.57263,0.79913,1.0952,0.35822,0.54521,0.64417,0.78166,0.61455,0.79246,1.3982,1.0699,0.96992,0.64252,0.38246,0.41942,0.64488,1.2724,0.71018,0.84502,0.76896,1.0543,0.66282,0.57842,0.43977,0.4695,0.40463,0.27868,0.78149,0.74531,0.69343,0.5701,0.74099,0.55858,0.4275,0.37946,0.36823,0.53878,0.95709,0.95832,0.71506,1.1567,1.2786,0.459,0.33366,0.53233,0.75686,0.38942,0.55805,0.77459,0.33104,1.1675,0.88694,0.62824,0.82352,0.70455,0.46467,0.76799,0.97799,0.73925,0.8423,0.61274,0.35492,0.7466,0.37195,1.3778,1.1972,0.64506,0.43076,1.112,0.48261,0.69467,0.82612,0.54765,1.369,1.0213,0.58602,0.81953,0.88716,0.94951,1.2855,0.51851,0.69123,0.9867,1.4238,0.96797,0.60592,0.5182,0.47674,0.51332,0.4186,0.95603,0.93271,0.69086,0.63145,0.37381,0.35942,0.52655,0.59992,0.73854,0.43233,0.70427,0.66064,0.41629,0.53407,0.40242,0.61734,0.47656,0.48653,1.1411,0.5716,0.5354,0.26194,0.27845,0.74642,0.85873,0.55993,0.44391,0.48612,0.76468,0.8077,0.68492,0.44317,0.82205,0.77583,0.91359,0.42182,0.39581,0.54431,0.84006,0.43264,0.61401,0.42142,0.69178,0.53966,0.4007,0.59114,0.49168,0.60205,0.5776,0.88441,0.51293,0.54826,0.32848,0.33933,0.29985,0.53117,1.0137,0.63244,1.3212,0.8666,0.51445,0.65432,0.53381,0.45789,0.63123,0.42024,0.48989,0.71037,0.33597,0.61426,0.40661,0.30903,0.44148,0.78542,0.907,0.50135,0.27488,0.7957,0.66763,0.70137,1.4056,0.83847,0.37453,0.85305,0.72933,0.34135,0.64348,0.44283,0.53923,0.37028,0.83537,0.63928,0.40746,1.4459,0.90685,0.66628,1.1202,0.89155,0.7515,0.47837,0.61184,0.38257,0.39964,0.65636,0.50596,1.0571,0.33658,0.46928,0.52688,0.60099,0.34244,0.69943,0.56237,0.4075,0.30558,1.2002,0.70371,0.61522,1.2971,1.6257,0.90936,0.748,0.3321,0.3772,1.0968,0.64995,0.42203,0.82936,0.91231,0.44104,0.63892,0.57627,0.37695,1.0357,0.65351,0.77352,0.26271,0.5633,0.92933,0.55065,0.79049,0.71662,0.92677,0.85843,0.48897,0.36937,0.7508,1.0907,0.79064,0.68838,0.64701,0.5797,0.45187,1.3887,0.71837,0.64932,0.45424,0.58826,0.77857,0.55075,0.52356,0.47464,1.1035,0.68426,0.35189,0.72436,0.59727,0.70554,0.905,0.82699,0.29111,0.37207,0.72499,1.0014,0.275,0.54516,0.94321,0.58016,0.72892,0.44382,0.57762,0.60406,0.79205,0.45884,0.58449,0.44296,0.3097,0.21334,0.60782,0.79561,0.51113,0.70031,0.73046,0.52052,0.40895,0.31199,0.52419,0.33788,0.59981,0.41553,0.55962,0.37679,0.40243,0.28758,0.4263,0.60147,0.53681,0.63319,0.93916,0.61428,0.55027,0.59001,0.79443,0.49364,0.47525,0.54156,0.58919,0.51233,1.1393,0.69449,0.83752,1.0965,0.86513,0.54288,0.5521,0.86507,0.85358,0.82421,0.49877,0.40636,0.88222,0.88692,0.70346,0.87467,0.59563,0.84491,0.62713,0.88408,0.77883,0.76823,0.75487,0.85105,0.87736,0.90119,0.8487,0.3555,0.82637,0.81713,0.68418,0.58119,0.75914,0.87228,0.52511,0.28682,0.37524,0.77001,0.65617,0.34477,0.29545,0.80497,0.4356,0.5613,0.6115,0.61191,0.54902,0.33232,0.37871,1.299,0.38159,0.55661,0.48513,0.50892,0.30492,0.65437,0.75682,0.55907,0.74026,0.65412,0.29153,0.68319,0.5393,0.53012,0.93518,0.46696,0.60677,0.61898,0.66115,0.36941,0.6738,0.67079,0.52401,0.47929,0.37144,0.54169,0.70158,0.3861,0.75378,0.76774,0.62832,0.60852,0.828,0.53202,0.9864,0.86137,1.0264,0.54024,0.44363,0.60076,0.55044,0.64501,0.58308,0.7536,0.48187,0.82681,0.58389,0.50945,0.68272,0.43553,0.44431,0.40325,0.32531,0.683,0.89886,1.7426,1.2445,0.76498,0.41202,0.80665,0.69843,0.49673,1.1863,1.0132,0.53781,0.61061,0.45466,0.58934,0.89412,1.0541,0.17442,0.58249,0.65501,0.83211,0.81171,0.8379,0.4972,0.85174,0.61993,0.64224,0.4814,0.6642,2.0867,0.68378,1.0898,1.7081,1.3482,0.72861,0.52786,0.74335,0.76794,0.75028,0.642,0.19889,0.59352,0.58348,0.73078,0.92997,1.1964,0.83609,0.48664,0.3358,0.36511,0.65495,0.44191,0.60407,0.87767,0.6461,0.87643,0.89822,0.44364,0.44327,0.52395,0.86202,0.84391,0.80773,0.57598,0.7989,0.52606,0.55672,0.46804,0.34219,0.2703,0.61107,0.36077,1.0614,0.43553,0.59393,0.88811,1.0943,0.61309,0.89787,0.37169,0.57306,0.51513,0.31842,0.48105,0.36606,0.90549,1.4003,1.3222,0.38386,0.38296,0.76132,0.51831,0.68621,1.1123,1.1227,0.70165,0.46075,0.64611,0.98041,0.34186,0.50989,0.78094,0.72584,0.3618,0.84979,0.6072,0.70516,0.54919,0.55851,0.60252,0.74701,0.48615,0.6393,0.4581,0.64475,0.54969,0.5904,0.46287,0.33339,0.82362,0.32984,0.37021,0.6423,0.46042,0.60325,0.82614,0.7666,0.45844,0.49607,0.35718,0.49959,0.55165,0.4238,0.62217,0.61796,0.46553,0.61319,0.51877,0.41856,0.39526,0.50751,0.28162,0.29013,0.98346,0.75863,0.6802,0.82932,0.93449,0.57066,0.60116,0.5681,1.1396,0.65707,0.59813,0.52179,0.51331,0.73241,1.1813,0.50184,0.55329,0.65354,0.35224,0.25818,0.85901,0.8337,0.33065,0.49564,0.33597,0.46328,0.54821,0.27834,0.21383,0.40878,0.58496,0.78217,0.47618,0.85463,0.38613,0.45581,0.48016,0.58137,0.65923,0.58178,0.72747,0.85476,0.55513,0.28324,0.74678,0.57114,0.45541,0.65505,0.71876,0.72292,1.3097,0.98272,0.76474,0.58524,0.98157,1.8793,0.56532,0.90224,0.81276,0.52952,0.72711,0.40805,0.5185,0.61874,0.63072,0.3025,0.61888,0.44944,0.26427,0.39945,0.66417,0.75863,0.39161,0.81671,0.23746,0.36884,0.57819,0.55517,1.1193,0.52344,0.71977,0.67901,0.4422,0.62952,0.54634,0.49155,0.66761,0.97812,0.48893,0.55588,0.61851,0.57619,0.91676,0.93718,0.67206,0.63949,0.62561,0.47963,0.64242,0.52454,0.55454,0.69861,0.68167,0.48804,0.44122,0.16584,0.76299,0.5771,1.3605,0.80802,0.41166,0.78901,0.70768,0.91113,0.94807,1.0386,0.81505,1.2445,0.77456,0.26094,0.84826,0.63759,0.76998,0.47683,0.69812,0.64952,0.78557,0.87955,0.73497,0.66667,0.45826,0.69502,1.046,0.62132,0.8605,0.76813,0.70056,0.53056,1.1693,0.49757,0.84018,0.99499,0.79822,0.59801,0.90316,0.92505,0.80818,1.289,0.8326,0.69657,0.44856,0.68956,0.38239,0.82665,0.61083,1.031,0.44544,0.53397,0.62994,0.52143,1.0332,0.68216,0.77088,0.34021,0.81968,0.85151,0.75179,1.0504,0.57644,1.0427,0.71949,0.5799,0.50485,0.3691,0.63218,0.8015,0.68705,1.1938,0.82727,0.40914,0.29676,0.57149,0.48804,0.62264,0.48099,0.36556,0.57642,0.65793,0.88045,1.3476,1.2059,0.57971,1.0368,0.69582,0.51369,0.35292,0.90913,0.52995,0.84698,0.40932,0.7272,0.65895,0.94877,0.44289,0.62239,0.61977,1.2373,1.3051,1.009,0.51706,1.1086,1.105,0.51018,0.74523,1.0288,0.51647,1.4722,0.94231,0.54569,0.79613,0.61433,0.31844,0.38662,0.50598,0.43329,0.8591,0.60155,0.4029,0.89732,0.86629,0.60684,0.3908,0.56668,0.529,0.47008,0.53386,0.4793,0.54173,0.52612,0.77773,1.1001,0.65992,0.53565,0.47278,0.30468,0.58179,0.71463,0.90006,0.5318,0.47555,0.64358,0.41547,0.74951,0.75091,0.54492,0.63637,1.3241,1.4539,0.85487,0.43932,0.24104,0.54279,0.44216,0.80974,0.82265,0.84642,0.7897,0.4205,0.68176,0.71064,0.87409,0.26524,0.45166,0.4481,1.0923,0.69263,0.4486,0.98179,0.79224,0.76554,1.6558,0.67555,0.78022,0.89321,0.69076,0.57164,0.86244,0.59965,0.47897,0.49849,0.63804,0.55295,0.5914,0.64699,0.31506,0.63915,0.57009,0.60809,1.3648,0.70913,0.65692,0.32366,0.42082,0.68676,0.51251,0.47993,0.75915,0.55261,0.27592,0.49401,0.53009,1.4462,0.61676,0.5045,0.57673,0.30287,0.34769,0.53146,0.53656,0.33378,0.3414,0.3166,0.75644,0.88499,0.73002,0.6479,0.48492,1.0033,0.99554,1.0042,0.56267,0.75694,0.96017,0.44268,0.54343,0.55927,0.43892,0.63668,0.87985,0.41404,0.81838,0.48129,0.43103,0.98258,0.75707,0.40854,0.61606,1.1744,0.76031,0.54341,0.56434,0.39218,0.97858,0.83535,0.77271,1.0511,0.96257,1.0116,1.0161,0.84292,0.54207,1.275,0.78909,0.55111,0.78491,0.62148,0.85495,1.1088,1.0176,0.78973,0.50294,0.81081,0.72136,0.97161,0.43726,0.33291,0.86403,0.70101,1.1381,1.1124,0.78656,1.2269,0.61679,0.69509,0.54664,0.39968,0.51226,0.63079,0.51027,0.54391,0.48244,1.0789,0.67308,1.2169,0.65687,0.63109,0.6309,0.83598,0.57689,0.45839,1.0397,0.48381,0.61449,0.45424,0.58201,0.6345,0.41793,0.73435,0.52746,0.98516,0.5401,0.84352,0.86539,0.64196,0.4952,0.65665,0.63096,0.4959,0.30292,0.35327,0.49108,0.37661,0.74044,0.42605,0.67737,0.31605,0.31141,0.43749,0.46882,0.74937,0.64313,0.45275,0.4998,1.3006,1.229,0.44071,0.77788,0.97649,0.95486,0.66088,0.59176,0.64691,0.7707,0.68275,0.43288,0.73041,0.59653,0.65971,1.1333,0.6427,0.7664,0.48253,0.87514,0.57057,0.6835,0.91918,0.47356,0.49794,0.43884,0.70745,0.35876,0.4552,0.36616,0.45537,0.73862,0.62528,0.31896,0.40559,0.24235,0.52224,2.0357,0.1481,1.1862,0.94643,0.40694,0.27206,0.28892,0.63907,0.4541,0.37088,0.54704,0.82954,0.46621,1.4872,0.50984,0.36088,0.50012,0.76385,0.77651,0.62861,0.56774,0.65442,0.77745,0.58813,0.60059,0.36711,0.78898,0.92625,0.7768,0.6286,0.30758,0.87251,0.48347,0.5975,0.47279,0.29251,0.50794,0.70959,0.94908,0.52269,0.66542,0.4315,0.44163,0.56662,0.78051,0.63446,0.42759,0.49813,0.39535,0.67773,0.70476,0.4873,0.57882,1.0238,0.65527,0.57309,0.65929,0.39125,0.35944,0.65441,0.82336,0.66147,0.82087,0.79324,0.34765,0.52062,0.36035,0.6029,0.25406,0.67996,0.91991,0.60909,0.56814,0.22724,0.43869,0.44639,0.54859,0.6425,0.34186,0.73074,0.45268,0.82859,0.95193,0.43483,0.58252,0.59828,0.53102,0.71396,0.70849,0.55519,0.44565,0.42612,0.68421,0.60093,0.98184,0.69628,0.64183,0.79759,0.93732,1.1474,1.2094,0.50162,0.6416,0.74058,0.82216,0.39894,0.7129,0.70914,0.8319,0.90224,0.8985,1.2335,0.78436,0.65164,0.92834,0.89052,0.45899,0.55994,0.73059,0.63673,0.41862,0.97909,0.63107,0.23523,0.64886,0.89218,0.49901,0.65807,0.56463,0.77026,1.1667,1.0213,0.91241,0.67907,0.38904,0.97452,0.49738,0.6537,0.6676,0.84429,0.35194,0.55849,0.74188,0.77441,0.5719,0.77375,0.87091,0.45603,0.77698,0.53252,0.2703,0.23505,0.84889,0.58052,0.4891,0.62039,0.93105,0.50544,0.99463,0.68407,0.48,0.77099,0.52746,0.87638,0.7458,0.73374,0.31973,0.86926,1.032,0.92075,0.98037,0.58741,0.91297,0.68239,0.42585,0.87566,0.87208,0.58483,0.34439,0.75718,0.42034,0.85036,0.75017,0.56404,0.54023,0.63093,0.60437,0.45832,0.50186,0.48341,0.62184,0.41307,0.4547,0.4848,0.52827,0.76389,0.74111,0.68483,0.51877,0.81909,0.70144,0.36411,0.57083,0.91499,0.70369,0.4813,0.72268,0.52833,0.53287,0.38999,0.41462,0.60203,0.33107,0.73066,0.50338,0.86814,0.5178,0.67803,0.77993,0.32469,0.65352,0.8374,0.64966,0.926,1.1243,0.58677,0.83816,0.33918,0.33256,0.53052,0.41383,0.36139,0.84904,0.44727,0.84976,0.90744,0.69685,0.53795,1.0841,1,1.1273,0.72148,0.93637,0.5145,0.86153,0.55549,0.46385,0.96105,0.5711,0.51237,0.49364,1.2519,1.0269,0.44042,0.52958,0.5285,0.85596,0.91506,0.41921,0.46788,0.37944,0.41347,0.36528,0.84302,0.53408,0.43284,1.2018,0.48549,0.35196,0.62589,0.4577,0.41587,0.39198,0.43001,1.2355,0.47682,0.58775,0.77097,0.50907,0.49114,0.46083,0.54389,0.64136,1.0101,0.30808,0.44324,0.46278,0.87822,0.40506,0.56143,0.51297,0.47408,0.68101,0.78703,0.5534,0.40133,0.49991,0.62821,0.41423,0.50166,0.67886,0.32535,0.67751,0.5256,0.58211,0.40137,0.93469,0.58456,0.69102,0.48403,0.40284,0.47414,0.74858,1.2345,0.40693,0.29034,0.57746,0.39612,0.43734,0.78118,1.283,2.7966,0.74287,0.54972,0.52359,0.74424,0.49989,0.39909,0.29213,0.44691,0.9125,0.55963,0.74937,1.1259,1.1778,0.44431,0.81433,0.4567,0.70481,0.42086,0.62127,1.1329,0.36537,0.69276,0.76792,0.58877,0.35863,0.31489,0.515,0.95539,0.69641,0.61998,0.24209,0.27889,0.60882,0.79848,0.92368,1.1827,0.68071,0.69802,0.80146,1.3015,0.35172,0.64422,0.27333,1.0526,0.6254,0.62915,0.38234,0.31145,1.299,0.92647,0.76232,0.65186,1.1196,0.56884,0.54253,0.66659,0.71473,0.2511,0.32774,0.81672,1.4197,0.35589,0.50683,0.56862,0.45367,1.0425,0.87582,0.27234,0.72599,0.52963,0.69473,1.9067,0.76736,0.92176,0.82625,0.79202,0.57978,0.70032,0.5388,0.63166,0.66586,0.18837,1.0983,0.64395,0.22135,0.29236,0.37614,1.0342,1.229,0.62979,0.79331,0.53907,0.4008,0.9505,0.46896,0.37707,0.41706,0.71801,0.95706,1.2766,0.66442,0.79384,0.99835,0.70988,0.26607,0.58358,0.61551,0.57241,0.76091,0.27136,0.58688,0.37074,0.7187,0.33778,0.81311,0.55417,0.61057,1.1722,0.51718,0.79331,0.64653,1.4665,1.1246,0.50483,0.66688,1.409,0.82762,0.64597,0.31418,0.62109,0.96951,0.70322,0.34753,0.35931,0.67736,0.90467,0.92685,0.52917,0.37787,0.45268,0.33112,0.56258,0.58425,0.37926,0.77065,0.54252,0.48192,0.64324,0.75801,0.96373,0.58854,0.39108,0.37408,0.71888,0.61328,0.65541,0.49317,0.44805,0.42338,0.9178,0.50318,0.3428,0.50747,0.51034,0.73823,0.88768,0.81093,0.59301,0.417,0.46807,0.52628,1.2767,0.70165,0.87729,0.60706,0.55928,0.59958,0.38,0.36096,0.92286,0.48398,0.64738,0.66398,1.1437,0.55416,0.61322,0.85868,0.92057,0.55645,0.87295,0.38607,0.70405,0.37517,0.73321,0.61184,0.6102,0.48422,0.85481,0.63553,0.68242,0.72805,0.62354,0.78185,0.61959,0.55299,0.64539,0.29444,0.5557,0.32115,1.1872,1.1483,0.55497,0.48366,0.4276,0.63541,0.61599,0.58065,0.74602,0.28365,0.39963,0.47143,0.83043,0.77775,0.59386,0.43014,0.60171,0.53507,0.64466,0.65803,0.51008,0.77305,1.5376,0.63878,0.88095,0.83367,0.68233,0.8538,0.7205,0.85251,0.75167,0.82905,1.0489,0.9174,0.97987,0.52527,0.68614,0.4864,0.6656,0.46835,0.88938,0.55405,0.52714,0.56774,0.43226,0.31509,1.1456,1.1052,0.64576,0.39036,0.51363,0.74718,0.58338,0.42417,0.46276,0.5822,0.59192,0.35264,0.52416,0.6523,0.47723,0.57724,0.47948,0.39354,0.32152,0.68872,0.57054,0.40719,0.55101,0.62905,0.58705,0.79778,0.94648,0.59392,0.31734,0.65036,0.87094,0.50453,0.34559,0.40744,0.27311,0.56315,0.83127,1.4317,0.49765,0.83259,0.70934,0.74766,0.57474,0.53803,0.57119,0.30351,0.4155,0.46817,0.66655,0.46471,0.33506,0.55016,0.63548,0.61477,0.35339,0.61767,0.87853,0.64658,0.74427,0.29849,0.6517,0.85918,0.56315,0.51894,0.79094,0.38392,0.4838,0.44448,0.34031,0.77033,0.58227,0.46325,0.65284,0.82145,0.58761,1.5148,0.84209,0.97957,0.43186,0.697,0.74477,0.38728,0.51882,0.43977,0.66531,0.97205,1.0321,0.95352,0.48158,0.55829,0.53808,0.83149,0.61168,0.6439,0.94943,0.70554,0.27425,0.26234,0.81534,1.0464,0.84137,0.48506,1.1716,0.55831,0.26054,0.44066,0.98731,0.73835,0.6994,0.44775,0.68317,0.6585,0.39866,0.55672,0.58383,0.31064,0.66586,0.64139,0.38859,0.57269,0.52644,0.40196,0.48632,0.39169,0.46698,0.52914,0.30763,0.34667,0.46742,0.52624,0.47064,0.27173,0.23152,0.97987,0.80119,0.40777,0.65522,0.52084,0.85678,0.76183,0.53938,0.39653,1.1869,0.50628,0.74133,0.53718,0.71983,0.64088,0.69309,0.43616,0.74906,0.32106,0.64433,0.39414,0.5145,0.94226,0.8846,0.523,0.44463,0.84033,0.62075,0.47281,0.7357,0.982,0.79824,0.54052,1.0887,0.92174,0.71724,0.52711,0.6508,0.43559,0.97104,0.56673,0.7122,0.54588,0.62539,0.53231,0.56537,0.67118,0.74903,1.1128,0.78226,0.32164,0.77663,0.60392,0.54432,0.71594,0.61098,0.57256,0.71695,0.62675,1.0107,0.4631,0.61059,0.64606,0.87323,0.37405,0.72576,0.45987,0.44207,0.38199,0.56254,1.105,0.9154,0.40346,0.48185,0.51216,0.88459,0.67973,0.33702,0.33284,0.79907,0.69796,0.365,0.50607,0.36969,1.0441,1.172,0.62598,0.76377,0.68762,0.70559,0.84446,0.62352,1.0247,0.72039,0.71475,0.5197,0.41972,0.53851,0.5342,0.77272,0.3976,0.72106,0.62347,1.5387,0.30795,0.85963,1.3971,0.66819,0.49404,0.72525,0.81835,0.74615,0.75546,0.37226,0.4057,0.40876,0.6218,0.75846,0.70713,0.47597,0.33132,0.7235,0.52755,0.51591,0.50901,0.57118,0.7553,0.65227,0.37418,0.72019,0.79493,0.64041,0.49027,0.49713
0.51567,0.46965,0.41703,0.42025,0.54571,0.67004,0.90862,0.88642,0.75629,0.26116,0.28735,0.44057,0.38284,0.66309,0.27621,0.39552,1.0509,0.9102,0.81185,1.0319,0.55902,0.60257,0.73994,0.41995,0.648,1.1143,1.2176,1.129,0.3068,1.0902,0.55419,0.7213,0.48799,0.3941,0.42481,0.35995,0.62962,0.65205,0.88853,0.44924,0.50543,0.33277,0.3345,0.98984,0.73936,1.0931,0.30718,0.65472,0.53875,0.4682,0.61997,0.37012,0.70889,0.41416,0.65791,0.68962,0.77097,0.70161,0.41533,0.49188,0.73043,0.3474,0.49602,0.41949,0.50522,0.45374,0.852,1.051,0.68133,0.53317,0.62994,0.81062,0.9451,0.72671,1.4284,0.6904,0.91318,0.43706,0.5412,0.85767,0.9315,1.1056,0.86182,0.41085,0.64755,0.54843,0.67785,0.54742,0.99046,0.72876,0.9934,0.37595,0.93752,0.47663,0.69332,0.56933,0.57055,0.57799,0.77904,0.50217,0.50454,0.7829,0.99104,1.035,0.30425,0.76703,0.60188,0.61749,0.86028,0.52775,0.48017,0.58567,0.48699,0.56589,0.35449,0.33129,1.0238,1.0564,0.48201,0.49608,0.46592,0.61562,0.50004,0.51701,0.5659,0.57231,0.72927,0.47813,0.24088,0.49531,0.41043,0.59206,0.95833,0.65083,0.44577,0.81878,1.0183,0.73378,0.524,0.61649,0.48692,0.48775,0.52334,0.58932,0.85019,1.0344,0.60431,0.67779,0.40729,0.68076,0.63788,0.39053,0.33251,0.54501,0.93386,0.78545,0.46374,0.39474,0.5991,0.73483,1.0145,0.45361,0.41726,0.49217,0.27372,0.33708,0.80029,0.53021,0.38088,0.69701,0.90145,1.1843,0.72967,0.90829,0.62374,0.314,0.80802,0.54461,0.30962,0.76068,0.90808,0.9994,0.63586,0.4463,0.56512,0.58661,0.63559,0.56322,0.72964,0.79914,0.37812,0.42191,1.33,0.752,0.65388,0.63411,0.5019,0.8876,0.65818,0.74319,0.57386,0.57266,0.54636,0.42743,0.79661,0.61668,0.52283,0.62677,0.73671,1.0027,0.48664,0.75716,0.41743,0.96291,0.53723,1.0706,0.45945,1.0332,0.71548,0.46598,0.49988,0.52553,0.40209,0.40181,0.74614,0.74969,0.68155,0.83059,0.33686,0.60294,0.42773,0.75715,0.55923,0.64673,0.74373,0.92554,0.51333,0.48576,0.3853,0.38758,0.38067,0.62963,0.99784,0.75206,0.60834,0.51457,0.38723,0.90203,0.7406,0.61759,0.78554,0.5027,0.41548,0.60816,0.8878,0.51749,0.57062,0.54355,0.58763,0.6001,1.007,1.26,0.50441,0.79371,0.46976,0.62699,1.0266,0.58702,0.42051,1.0944,0.67457,0.65336,0.87313,0.51597,0.26606,0.19972,0.75595,0.38939,0.56662,0.68933,0.91498,0.93349,0.94728,0.74578,0.59574,0.55909,0.56409,0.64723,0.65621,0.37862,0.75405,1.0909,0.58069,0.35573,0.75874,0.49167,0.80676,0.51201,0.4823,0.77491,0.50221,0.8082,1.1092,0.94299,0.77954,0.93274,0.74471,0.65454,0.59849,0.63618,0.66791,0.60447,0.54898,1.1388,0.3541,0.49556,0.27171,0.78604,0.53951,0.62116,0.95574,1.103,0.66523,0.54596,0.57961,0.37521,0.4589,0.50791,0.83722,1.0496,0.97895,0.66184,0.82649,0.61012,0.9861,1.0684,0.74561,1.3841,0.56208,0.5998,0.7578,0.64342,0.97878,0.67949,0.72484,0.64151,0.85756,0.37235,0.60814,0.55759,0.55622,0.66866,0.76799,0.44701,0.69293,0.43627,0.69624,0.96572,0.65661,0.6641,0.5383,0.5077,0.43606,0.45898,0.47539,0.69679,0.47211,0.8437,0.49853,1.2648,0.8569,0.56932,0.5999,0.80572,0.48788,0.77019,0.62441,0.72396,0.92775,0.54297,0.7114,0.78388,0.95593,1.0882,0.75145,0.35672,0.67078,0.83542,1.014,1.7335,0.97852,0.57135,0.73765,0.86618,0.47923,0.51531,0.66869,0.52867,0.46074,0.42816,0.207,0.29427,0.69859,0.62106,0.94439,0.65382,1.0344,0.87249,0.41883,0.4753,0.60984,1.3923,0.62328,1.2211,1.2048,0.62918,1.2499,0.8318,0.82331,1.0182,0.32279,0.73491,0.56613,0.77931,0.76931,1.2898,0.60853,0.75462,0.81795,0.53415,0.34292,0.47846,0.32989,0.3605,0.39668,0.35192,0.25532,0.75026,0.78129,1.2633,0.35802,0.76489,0.6238,0.87184,0.66854,0.30954,0.38206,0.81735,0.78804,0.4126,0.48334,0.35211,0.36447,0.48524,0.43543,0.42065,0.62141,0.3242,0.21928,0.38602,0.94985,0.62844,0.729,0.7385,0.57641,0.74182,1.2849,0.77473,0.47702,0.5684,0.43131,0.49096,0.66385,0.23045,0.55395,0.74351,0.75525,0.39825,0.57246,0.23117,0.61784,0.62608,0.2585,0.65761,0.79013,0.44081,0.49081,0.57611,0.44971,0.45731,0.57339,0.72269,0.42713,0.30982,0.40675,0.57049,0.82592,0.86626,1.0262,0.89633,0.55554,0.41042,0.46453,0.45697,1.1575,0.47263,0.82909,0.38465,0.40843,0.39368,0.44716,0.6422,0.47725,0.52971,0.79617,0.36722,0.88682,0.67491,0.62559,0.31998,0.56487,1.0095,0.95249,0.37682,0.5118,0.40226,0.61188,0.6013,1.0388,0.4371,0.83692,0.4766,0.65705,0.46274,0.74513,0.32526,0.48963,0.86267,0.50068,0.2072,0.45651,0.26629,0.57255,0.30459,0.50254,0.74348,0.81684,0.69982,0.355,0.45858,0.7891,0.39061,0.42235,0.22915,0.67192,0.40671,0.66105,0.70415,0.71203,0.8343,0.81756,0.49888,0.72683,0.64269,1.2515,0.62962,0.36141,0.75154,0.33498,0.5154,0.73178,1.5101,0.75847,0.48134,0.31217,0.73621,0.70245,0.42389,0.53276,0.46798,0.41855,0.8972,0.58404,0.73176,0.60295,0.40005,1.1562,0.64276,0.39581,0.55047,0.47748,0.66543,0.52478,0.43205,0.42784,0.44584,1.0672,0.42356,0.44739,0.51069,0.58213,0.50657,0.28084,1.2586,0.8672,0.59277,0.56663,0.85368,0.75104,0.3641,0.68124,0.77073,0.72274,1.0976,1.5079,0.36189,0.40764,0.45812,0.66806,0.56891,0.42549,0.39174,0.83335,0.80044,0.47614,0.51091,0.52564,0.62481,0.95145,0.63606,0.64215,0.53715,0.28721,1.5514,0.80365,0.69217,0.56611,1.1269,0.4587,0.67554,0.41925,0.74558,0.75769,0.66246,0.55227,0.47448,0.74414,1.0355,1.1522,0.83143,0.67531,0.68639,0.7053,1.6309,0.59253,0.60276,0.56286,0.66691,0.52696,0.7642,0.53842,0.49288,0.87061,0.68272,0.57069,0.87108,0.42912,0.46616,0.96658,0.61724,1.3855,0.55552,0.36841,0.68196,0.87831,0.66141,0.50296,0.4128,0.41064,0.73462,0.78042,0.72803,0.54625,0.77183,0.81572,0.84781,1.0549,1.1141,0.76929,0.91772,0.46935,0.65236,1.3519,0.90084,0.78914,0.55973,0.94243,0.73523,0.64832,1.0383,0.50191,0.57957,0.41384,0.64412,0.54244,0.94926,0.83638,0.48904,0.56288,0.54622,0.47143,0.49582,1.1604,0.52818,0.91352,0.67989,1.2459,0.66913,0.62959,0.75545,0.59759,0.46323,0.42904,0.61004,0.63506,0.41459,0.49422,0.68809,0.55176,0.98729,0.44661,0.71461,0.47767,0.48068,0.43829,0.3396,0.44647,0.62239,0.7544,0.74022,0.68573,0.28449,0.62291,1.1062,0.82566,0.68835,1.272,0.6653,0.9395,0.96133,0.56569,0.7421,0.57427,0.85961,0.42013,0.86311,0.52837,0.59994,0.67007,0.76904,0.59939,0.59912,0.71801,0.50145,0.81981,0.6086,0.76048,1.0756,0.9096,0.6417,0.49449,0.50416,0.61121,0.7651,0.26147,0.17838,0.33077,0.53465,0.61766,0.5535,0.57883,0.8946,0.89014,1.1791,0.47592,0.50991,0.78509,0.52079,0.56776,0.43579,0.74458,0.94065,0.37097,0.29629,0.52287,0.51714,0.45995,0.79726,0.57312,0.52743,1.2112,0.75015,0.51275,0.4786,0.48713,0.6699,0.90388,0.50641,0.26709,0.74272,0.76797,0.67763,1.4194,0.7791,0.46541,1.2289,0.70236,0.95463,0.94086,0.87335,0.92558,0.63303,0.70147,0.36919,0.31293,0.20206,0.8441,0.64454,0.6131,0.37899,0.63091,0.42847,0.63542,0.61777,0.91873,0.60168,0.49246,0.41039,0.64312,0.50911,0.8842,0.68106,0.54774,1.1049,1.0757,0.85471,0.56881,1.0186,0.93021,0.57778,0.96311,0.40564,0.49483,0.4908,0.50229,1.0686,0.92545,0.71879,0.57478,0.62782,0.61352,0.4503,1.0822,0.93508,0.89839,0.61084,0.86671,0.36209,1.2764,1.1328,0.55727,0.92312,0.47266,0.43546,0.73421,0.55783,2.066,0.99398,0.45969,0.73902,0.58157,0.42576,0.54109,0.80543,0.3286,0.63914,0.44097,0.32334,0.93015,0.41277,0.89086,0.766,0.77198,1.1347,0.87015,0.54414,0.4333,0.7382,1.0779,0.59499,0.79628,0.60959,0.93277,0.88678,0.45197,1.9941,1.1102,0.68209,0.35552,0.74826,1.1564,0.80868,0.84486,0.76275,0.65404,0.55261,0.67521,0.56322,0.99219,0.64461,0.83086,0.57677,0.35211,0.38248,0.25262,1.028,0.44791,0.53444,1.0463,0.85539,0.92265,1.1748,0.28232,0.59115,0.54989,0.67555,0.54762,1.0646,0.58249,0.51754,0.76232,0.42834,0.5421,0.57169,0.75652,0.66174,0.47558,0.64649,0.79617,0.85512,0.51842,0.84602,0.67595,0.90024,0.7034,0.83178,1.1945,0.59666,0.84305,0.36237,0.80224,1.821,1.1331,0.45326,0.92713,0.95837,0.73015,0.5047,0.46131,0.80691,0.35974,0.4676,0.84189,0.9995,0.48834,0.46965,0.59117,0.46059,0.7276,0.43373,0.71464,0.73707,0.4311,0.17556,0.65598,0.35146,0.77749,1.3825,0.35476,0.39618,0.44512,0.6009,0.46485,0.34736,0.42239,0.78352,0.73301,0.52359,0.83127,1.2692,0.48611,0.57716,0.53529,0.69609,0.36911,0.6151,0.32714,0.74673,1.0754,0.83008,0.7477,0.38404,0.97944,0.625,0.45314,0.91745,0.4314,0.67339,0.50777,0.79665,0.70172,0.56799,0.50896,0.87746,1.0424,0.90378,0.75289,0.51828,0.57928,0.35137,0.72342,0.86087,0.92997,0.58894,0.51987,0.40389,0.36872,0.67887,0.62543,0.4031,0.53436,0.69344,0.74304,0.90672,0.76715,0.59055,1.2496,0.6082,0.34748,0.60594,0.72549,0.97427,0.89471,0.45929,0.40284,0.38515,0.53139,0.33305,0.53545,0.44512,0.6709,0.45941,0.31753,1.2743,0.43359,0.69441,0.63247,0.36564,0.519,0.80033,0.92872,0.5376,0.99737,0.58135,1.0339,0.80038,0.9604,0.82096,1.1417,0.72648,0.61731,0.68791,0.99845,0.57121,0.51526,0.42455,0.99757,1.0968,1.2315,0.90949,0.29817,0.34459,0.64799,0.30249,0.78111,1.2228,0.48172,0.49931,0.74862,0.79385,0.90245,0.66507,0.64453,0.45621,1.0102,0.35214,0.53146,0.63138,0.69278,0.28189,0.35371,0.53564,0.49167,0.95248,0.35817,0.83802,0.62668,1.0773,0.55936,0.53017,1.2277,0.58954,0.63105,0.56369,0.46876,0.99083,0.74836,0.44319,1.0959,0.62143,0.33603,0.53639,0.51176,0.73505,0.34107,0.67846,1.0377,1.0671,1.2792,0.55973,0.39244,0.34007,0.65112,0.58336,0.74211,0.60258,0.41237,0.53722,0.48327,0.61993,0.43594,0.63517,0.28818,0.36305,0.3714,0.43788,0.58011,0.58339,0.645,0.49214,0.79154,0.60234,0.58898,0.53608,0.74337,0.6938,0.67944,0.39443,0.58825,0.47934,0.54297,0.9086,0.5712,0.69353,0.4998,0.62186,0.63663,0.4274,0.5088,0.30918,0.47807,0.43652,0.41013,0.67083,0.71132,0.5617,0.54946,0.59167,0.5357,0.47362,1.1343,0.74482,0.43133,0.73202,0.53302,1.1457,0.65565,1.0655,0.8276,0.76409,0.49348,0.5546,0.614,1.2542,0.62372,0.40203,1.0442,0.99729,0.53588,0.33203,0.43785,0.35795,0.90761,0.62179,0.54352,0.43206,0.41838,0.82655,0.17636,0.77155,0.76995,0.9157,0.60089,0.6594,0.356,0.53426,0.69596,1.5027,1.0063,0.56397,1.2085,0.34503,0.29791,1.7315,0.56607,0.70095,1.4016,0.93073,0.35934,0.42747,0.62265,0.57725,0.4497,0.59093,0.72692,1.1036,0.70838,0.50089,0.42052,0.35997,0.41693,0.74395,0.57893,0.40132,1.1486,0.36015,0.56412,0.65001,0.32635,0.31725,0.24544,0.57511,0.61471,0.74082,0.82456,0.85546,0.38019,0.46774,0.44855,0.72391,0.73064,0.91877,0.32475,1.1306,0.7908,0.3405,1.0978,0.67274,0.46268,0.93321,0.8629,0.6993,0.48203,0.41573,0.39447,0.87085,0.6893,0.30602,0.70064,0.61093,0.58291,0.82626,0.80424,0.3548,0.48532,1.0197,0.59435,0.26839,0.562,0.79361,0.74524,0.73089,0.70356,0.58114,0.56397,0.55281,0.58121,0.58929,1.5035,0.5794,0.5055,1.0494,0.84745,0.81132,0.57149,0.54686,0.55621,0.67197,0.97633,1.0537,0.67413,0.74161,0.40725,0.51565,0.21985,0.6184,0.81063,0.64131,0.6057,0.69817,0.89468,0.91543,0.52344,0.6293,0.6028,0.82022,0.30751,0.5564,0.75402,0.53897,0.6908,0.44832,0.53849,0.39509,0.40413,0.78725,1.0528,0.53537,0.88094,0.73274,0.55939,0.74712,0.61842,0.58069,0.84002,0.84898,0.7384,1.3454,0.7792,0.59621,0.62468,0.70931,0.97515,0.90308,0.60243,0.74062,0.69904,0.95193,0.86947,0.25406,0.63169,0.5811,0.73942,1.1561,0.81067,0.50906,0.64838,0.65254,0.49838,0.72253,0.70949,0.53355,0.58169,0.59002,0.41266,0.65513,0.65012,1.6254,0.48565,0.92291,0.47925,0.25499,1.0412,0.77624,0.45838,0.55547,1.0309,0.38673,0.70148,0.5814,0.79593,0.72748,0.63858,0.51262,0.45193,0.6173,0.80861,0.34727,0.33746,0.42734,0.66144,0.63605,0.42417,0.62041,0.5735,0.92864,0.38271,0.76473,0.54248,0.42378,0.5449,0.49029,0.86812,0.54115,0.36603,0.39666,1.0394,0.84777,1.0427,0.56433,0.17105,0.51977,0.55393,0.45999,0.5294,0.68065,0.59175,0.77256,1.0639,0.69105,0.37767,0.51611,0.8068,0.93901,0.4889,0.48271,0.32608,0.48205,0.73381,0.58835,0.34456,0.40211,0.33562,0.23825,0.50447,0.67215,0.45013,0.44867,0.70384,0.89435,0.29572,0.73076,0.67362,1.0925,1.0301,0.70578,0.88258,0.46825,0.31444,0.47499,0.51126,0.92569,0.65504,0.45967,0.47502,0.71318,1.1233,0.6108,0.80843,0.30778,0.24024,0.72352,1.0286,0.55615,0.5163,0.64575,1.0505,0.52233,0.43216,0.7595,0.4767,0.76031,0.75321,0.56335,0.27712,0.34719,0.25441,0.45181,0.50203,0.58505,0.95084,0.41771,0.31252,0.61097,0.80675,0.59927,0.46351,0.46638,0.49764,0.4444,0.39666,0.55972,0.43223,0.49339,0.66766,0.63765,0.55655,0.75572,0.91296,0.65041,0.73392,0.59841,0.34148,0.77021,0.54451,1.0665,0.40455,0.78723,0.57152,0.43281,0.86827,0.80443,0.70944,0.33446,0.85269,0.46427,0.57102,0.68793,0.5031,0.73728,0.73394,0.51852,0.53921,1.4641,0.99887,0.59831,0.57825,1.1382,0.87833,0.35085,0.68375,0.84922,0.84022,0.95485,0.83742,0.73643,0.98159,0.44956,0.62195,0.76618,0.47888,0.51112,0.61324,0.47753,0.54522,0.64558,0.62774,0.55122,0.38597,0.42742,0.5557,0.57929,0.70298,0.61573,0.85571,0.57473,0.5483,0.58121,0.79017,0.59747,0.76039,0.4503,0.63913,0.89966,0.52654,0.33893,0.63636,0.43518,0.90972,0.58303,0.43782,0.78622,0.94962,0.65372,0.82425,0.99053,0.51151,0.73962,0.51343,0.65283,0.54297,0.38465,0.60874,0.7118,0.36396,0.48944,0.56335,0.65714,0.9453,0.74605,0.35483,0.27622,0.55414,0.45101,0.75339,0.55496,0.2279,0.5065,0.80514,0.61792,0.54205,0.51604,0.56246,0.49927,0.50557,0.88192,0.47259,0.43259,0.63562,0.61633,0.56735,0.50843,0.95702,0.7763,1.0646,0.78379,0.47473,0.66614,0.59283,0.39762,0.8768,1.2447,0.63242,0.56432,0.87385,0.63428,0.25586,0.49184,0.9077,0.50299,0.58941,0.27863,0.75548,0.66968,0.88925,1.1765,0.61504,0.34411,0.74084,0.77603,0.48948,0.4035,0.52004,0.80072,0.34248,0.72428,0.19578,0.62343,0.67276,1.3351,0.66285,0.42231,0.35191,0.84111,0.55287,0.96906,1.1702,0.71677,1.1657,0.62132,0.40023,0.62575,0.70086,0.73961,0.70364,0.66931,0.48422,0.79156,0.54074,0.38221,0.42628,0.47909,0.40347,0.71064,1.0219,0.48932,0.75445,0.81233,0.64878,0.28719,0.61656,0.31799,0.71846,0.93796,0.5525,0.39673,0.43265,0.53401,0.39516,0.41836,0.59334,0.66317,0.58625,0.57167,0.60015,0.46942,0.51522,0.37528,0.68038,0.68312,0.71135,0.42729,0.71276,0.70732,0.41832,0.45208,0.75859,0.72846,0.86691,0.35005,0.29798,0.35054,0.77511,0.88432,0.47977,0.53051,0.47117,0.64872,0.68089,0.68716,0.36315,0.21495,0.59845,0.30021,0.38287,0.70726,0.56094,1.006,0.49704,1.0298,0.27148,0.3151,0.64797,0.77452,0.83831,1.2392,0.89157,0.58913,0.50519,0.4732,0.45855,0.88294,1.3785,0.66917,0.55981,0.87868,0.71924,0.36739,0.68839,0.55285,0.59624,1.0993,0.67795,0.66654,0.53739,0.92776,0.28784,0.84706,0.33187,0.35459,0.60913,0.45334,0.57647,0.74459,0.76011,0.72945,0.71382,0.54187,0.48591,0.35834,0.56907,0.61695,0.60451,0.64515,0.55493,0.38985,0.59927,1.1326,0.75092,0.44539,0.56022,1.1929,1.2033,0.32363,0.53133,0.93556,0.61886,0.79601,0.60211,0.60732,0.69188,0.71161,1.0074,1.142,0.42373,0.50749,0.25853,0.45734,0.55874,0.47452,0.55101,0.503,0.53712,0.46203,0.61835,0.59962,0.91525,0.6916,0.51358,0.90953,0.84584,0.56177,1.2043,0.34051,0.73768,0.33676,0.62816,1.4268,0.83795,0.59065,0.64824,0.50213,0.6609,0.63674,0.86819,0.52358,0.36128,0.54032,0.50848,0.28894,0.38129,0.64553,0.84146,1.2501,0.61379,0.47948,0.56135,0.66682,0.92377,0.50531,0.41502,0.87316,0.38086,0.66134,0.57538,0.31653,0.60514,0.86005,0.96054,0.52904,0.47159,0.64942,0.33366,0.90106,0.27591,0.47953,0.29836,0.52929,0.54607,0.363,0.53433,0.58137,0.84503,0.41721,0.34628,0.70157,0.29831,0.59114,0.82722,0.71679,0.65129,0.44932,0.50155,0.31368,0.98999,0.48408,0.46043,0.75075,0.47285,0.4103,0.7119,0.37851,0.34542,0.76808,1.0591,0.63839,0.62417,1.2747,0.79283,0.42424,0.9207,0.91024,0.58366,0.77898,0.59298,0.78472,0.57151,0.72173,0.84211,0.75108,0.45169,0.35215,0.47281,0.52599,0.20232,0.46326,0.47048,0.83069,1.024,0.37932,0.61176,0.6682,0.47213,0.60172,0.49955,0.41142,0.56355,0.52151,0.7322,0.39563,0.66861,0.47311,0.38979,0.46187,0.55496,1.226,0.69064,0.5918,0.50842,0.78056,0.37029,0.46615,0.25938,0.44767,0.61484,0.86666,0.55597,0.64099,0.991,0.6207,0.65263,0.72549,0.57853,0.61758,0.87756,0.50406,0.9885,0.65648,0.78865,0.57151,0.661,0.34329,0.86733,0.56064,0.32245,0.30432,0.91054,1.0309,0.61311,0.58185,0.60976,0.63987,0.26253,0.52537,0.5521,0.46525,0.94792,0.77589,0.6334,0.8336,0.41858,1.2503,0.57621,0.94403,0.67824,0.49659,1.3397,1.0673,0.91014,0.48642,0.74172,0.43762,0.7174,0.47192,0.59966,0.43835,0.67616,0.88877,0.45055,0.39338,0.59214,0.89887,0.83139,0.54971,0.97839,1.0096,0.72842,0.76335,0.51474,0.62823,0.5776,0.43478,0.47344,0.57095,0.23091,0.33304,0.61183,0.40754,0.83837,0.81952,1.0644,0.48713,0.39302,0.5487,0.33923,0.43604,0.59924,0.65273,0.67318,0.6566,0.38592,0.78967,0.31872,0.6894,0.59101,0.73717,0.56309,0.3983,0.61783,0.96314,0.69365,0.8059,0.35474,0.47916,0.98898,0.66181,0.51147,0.22709,0.73147,0.77268,0.60503,0.61616,0.96928,1.0173,0.59591,0.69552,1.1638,0.29943,1.4943,0.82513,0.68178,0.43449,0.53826,0.52115,0.52309,0.70797,1.131,0.48249,0.65425,0.83268,0.67329,0.54632,0.52122,0.54114,1.0353,0.44791,0.63512,0.31651,0.60493,0.49636,0.32728,0.78347,0.34016,0.92726,0.7989,0.90024,1.141,0.95854,0.46152,0.4606,0.80012,0.45629,0.38063,0.52679,0.79993,0.32282,0.4673,0.72965,0.5303,0.5356,0.57563,0.54387,0.52406,0.80711,0.66676,0.56836,0.40642,0.46664,0.59581,0.77668,0.64648,0.2818,0.39108,0.43906,0.69989,0.78722,0.37506,0.75303,0.5577,0.59961,0.99582,0.54107,0.59555,0.63194,0.55339,0.37784,0.50828,0.36663,0.45549,0.84388,0.66978,0.22906,0.54191,0.87877,0.47718,0.77722,0.95363,0.83584,0.99459,0.98707,0.37795,0.2767,0.52559,0.49854,0.33621,0.69688,0.47559,0.77334,0.4806,0.37901,0.99593,0.8732,0.98935,1.0055,0.42839,0.75477,0.55512,0.61376,0.76516,0.50515,0.46852,0.42173,0.60072,0.63973,0.40006,0.56073,0.57617,0.43672,0.39651,0.33489,0.74211,0.83061,0.41572,0.64513,0.43561,0.41462,0.49803,0.62312,0.55201,0.53132,0.26255,0.76581,0.53605,0.70671,0.39218,0.53361,0.88567,0.86169,0.77598,0.57953,0.51736,0.70617,0.66153,0.52089,0.80802,0.4481,1.0888,0.72293,1.0886,1.3654,0.84438,0.48226,0.79274,1.1779,0.7533,0.74609,0.62354,1.205,0.59274,0.4495,0.60839,0.68941,0.59733,0.42006,0.33916,0.49398,0.45301,1.183,0.35067,0.33065,0.92603,0.80033,0.44834,0.69838,1.0328,0.86757,0.71595,0.58858,0.69576,0.41074,0.69118,0.59233,0.41383,0.70057,0.51771,0.53743,0.52389,0.70376,0.58797,0.82482,0.88508,0.89421,0.7057,0.51108,0.40471,0.93296,0.65619,0.77331,0.6336,1.0098,0.5755,0.49294,0.599,0.52179,1.0689,0.69242,0.66058,0.4088,0.52677,0.77106,0.83145,0.41478,0.37194,0.2541,0.39407,0.56218,0.53921,0.55682,0.28265,0.6171,0.62882,0.90161,0.68666,1.0912,0.58174,0.71317,0.70953,0.62778,0.70484,0.60544,0.61939,0.53652,0.50261,0.74642,0.64899,1.1667,0.4929,1.0654,0.86284,0.84314,0.88473,0.5864,0.59222,0.4406,1.182,0.7861,1.1944,0.61405,0.71857,0.80328,0.88846,0.70684,1.5212,0.63959,0.65518,0.38884,0.44232,0.42857,0.95086,0.56212,1.0008,0.72799,0.69325,0.68164,0.30263,0.38802,0.62569,0.76301,0.54525,0.60074,0.34975,0.44165,0.61701,0.68214,0.42082,0.43055,0.8427,0.57147,0.67619,0.66905,0.51759,0.69357,0.48915,0.49048,0.57631,0.52196,0.91501,0.69677,0.87264,0.89288,0.73344,1.2095,0.60009,0.58292,0.49216,0.32522,0.50499,0.25442,0.53943,0.63814,0.55688,0.96993,0.77308,0.67169,0.45862,0.45197,0.70017,1.1102,0.4307,0.4464,0.76621,1.1079,0.96228,0.73119,1.1706,0.67715,0.67969,0.73304,0.44574,0.47493,0.32866,0.65502,0.6195,0.44688,0.73273,0.47022,0.70049,0.47658,0.76289,0.62038,0.51917,0.81745,0.59927,0.69311,0.56695,0.50119,0.6779,0.72006,0.53121,0.4066,0.68172,0.60689,0.40143,0.42183,0.77232,0.71826,0.63542,0.38005,0.74934,0.32382,0.44641,0.39982,0.33424,0.63935,0.50075,0.75145,0.56813,0.44488,0.5892,0.45621,0.76655,0.87883,0.49531,0.63011,0.94699,0.46407,0.65605,0.8593,1.3263,0.39509,0.86781,0.5136,0.41342,0.49201,0.38375,0.52563,0.63918,0.66294,0.5861,0.53877,0.90273,0.5548,0.4935,0.27766,0.57687,1.0879,0.6955,0.63007,0.79649,0.60921,0.64723,1.1733,0.4241,0.66372,0.49874,0.60178,0.59705,0.40636,0.48779,0.23977,0.30107,0.72207,0.64373,1.055,0.91185,0.94675,0.74102,0.76778,0.40836,0.93227,0.28019,0.59261,0.60807,0.40082,0.911,1.6968,0.88595,0.80862,0.28576,0.51761,0.68721,0.73188,0.62683,0.41561,0.4022,0.7718,0.55766,1.1789,0.98341,0.3263,0.48535,0.5422,0.90415,0.46302,0.4543,0.54463,0.54187,1.0758,0.80734,0.32411
1.1209,0.82478,0.45762,0.50361,0.42786,0.5108,0.86257,0.74965,0.97465,0.77419,0.65302,0.68509,0.51236,0.49023,0.41008,0.81752,1.6111,0.55091,0.44574,0.78746,0.59408,1.5941,0.60666,0.37681,0.68515,0.34522,0.74567,1.6492,0.652,0.47796,0.60982,0.62759,0.41642,0.3881,0.76002,0.70611,1.1386,0.56946,0.46617,0.7673,0.36903,0.49016,0.18391,0.4127,0.83363,0.8977,0.2785,0.44308,0.92965,0.84388,0.34474,0.57301,0.381,0.44604,0.28954,0.33103,0.62306,0.39572,0.52231,0.75228,0.89607,0.77671,0.35833,0.38489,0.40448,0.50515,1.079,0.79674,0.68366,0.91916,0.74324,0.94005,0.42201,0.55282,1.0405,0.96814,0.80564,0.8493,0.72513,0.81459,0.38348,0.54874,0.70413,0.69114,0.8187,0.9846,0.57141,0.62,0.40477,0.42861,0.87818,0.48148,0.57133,0.68097,0.55973,0.93661,0.48445,0.63149,0.27713,0.56458,0.61061,0.68234,0.57174,0.61692,0.43269,0.29951,0.65684,0.32773,0.53106,0.67353,2.0353,0.84314,1.2128,0.78676,0.70453,0.31187,0.48713,1.4863,0.55995,0.54016,0.56408,0.85826,0.52815,0.55244,0.90481,0.31677,0.56745,1.2865,0.5458,0.87659,0.86602,0.41815,0.55152,0.53676,0.7057,2.0977,1.7207,0.79017,0.51761,0.69937,0.50591,0.90515,0.64187,0.94755,0.62898,0.47536,0.42879,0.56744,0.63235,0.77022,0.81569,0.64483,0.40168,0.69978,0.46283,0.69718,0.46151,0.97117,0.65434,0.92665,0.71808,0.59136,0.90656,0.76557,0.46451,0.27985,1.034,1.4589,0.33171,0.61038,0.5855,0.49795,0.58077,0.57878,0.35637,0.56557,0.42235,0.60609,0.85456,0.54603,0.64,0.89389,0.5249,0.54796,0.68272,0.47932,0.80386,0.47738,0.45053,0.63296,0.56966,0.4728,0.4943,0.7283,0.74513,0.42981,0.37982,0.88921,0.68541,0.71008,0.55881,0.90175,0.63859,0.82187,0.72491,0.3964,0.3856,0.26607,0.53824,0.6965,0.45989,0.55742,0.62105,0.51494,0.4047,0.43166,0.87556,0.3302,0.73092,0.57362,0.48501,0.50458,0.43752,0.40806,0.46368,0.57625,1.2588,0.92755,0.90184,0.96917,0.63621,0.44263,0.41489,1.0447,0.89201,0.9272,0.60034,0.9124,0.34411,0.4493,0.53171,0.20704,0.42086,0.44304,0.53584,0.48001,0.55184,0.55231,1.054,0.72048,0.46064,0.62266,0.82046,0.55272,0.64571,0.42298,0.29384,0.44907,0.45382,0.28561,0.64178,0.60566,0.54144,0.78855,0.45559,0.51106,0.63138,0.41813,0.87318,0.85692,0.77183,0.45375,0.61747,0.69712,0.38827,0.72139,0.68968,0.47205,0.54668,0.43434,0.91386,0.45003,0.33218,0.26495,0.56695,0.80865,0.75557,0.43068,0.38817,0.35774,0.26571,0.44185,0.41373,0.64527,0.65942,0.76185,0.54553,0.42902,0.80807,0.38704,0.52778,0.61108,0.55464,0.59149,0.73353,0.82486,2.108,0.75019,0.36326,0.66103,0.36005,0.68293,0.35517,0.52534,0.77164,0.56933,0.5167,0.32675,0.23172,0.46186,0.35418,0.92481,1.2511,0.44467,0.49919,0.3292,0.59,0.59452,0.86165,0.94842,0.95682,0.41666,0.857,1.0179,0.53829,0.53967,0.98356,0.27441,0.50722,0.65234,0.70803,0.30222,0.4764,1.3688,0.76564,0.44975,0.64689,0.49566,0.47308,0.92547,0.5333,0.43424,0.80718,0.84425,1.006,0.59758,0.64513,0.6574,0.89745,0.55187,0.34524,0.41002,0.66843,0.34711,0.68568,0.29341,0.38978,1.0256,0.80069,0.86676,0.59342,0.61369,0.55347,0.61728,0.92002,0.67035,0.4766,2.0954,1.3898,1.0549,0.57457,0.59526,1.1911,0.47199,0.47344,0.90616,0.80719,0.60456,0.60091,0.52685,0.62644,0.48809,0.46284,0.69909,0.38423,0.65508,1.0881,0.34776,0.51441,0.75509,0.99583,0.39683,0.85155,1.1163,0.83471,0.43762,0.57103,0.34338,0.56158,0.33126,0.64121,0.71573,0.58437,0.4592,0.64684,0.70154,1.3504,1.4632,0.74628,0.64592,0.65214,0.35395,0.43833,0.77376,0.56298,0.23751,0.49393,0.58018,0.43249,0.47336,0.704,0.28022,0.70012,0.84963,0.62365,0.6786,1.0208,0.31073,1.0134,0.61415,0.55929,0.9489,0.76414,0.90618,0.29305,0.75296,0.62832,0.51728,0.77776,0.69917,0.97947,0.5037,0.56264,0.72584,0.63035,0.44532,0.72579,1.3634,0.49995,0.69502,1.0543,0.50359,0.80175,1.6126,0.7652,1.1105,0.59533,0.66056,0.52039,0.53589,0.41241,0.56679,0.37222,0.8105,0.5462,0.73094,0.81883,0.54619,0.57868,0.43237,0.37676,0.45106,0.38457,1.044,0.39191,0.45414,0.83347,0.51663,0.72466,0.62209,0.42128,0.57231,0.54357,0.48458,0.56369,0.59885,0.49555,0.26384,0.8994,1.0995,0.89401,0.56952,0.34093,0.6423,0.49806,0.55676,0.80358,0.57807,0.49224,0.46815,0.95107,0.49348,0.34332,0.44814,1.0484,0.75435,1.1876,0.74395,0.54177,0.46613,0.65976,0.83648,0.64276,0.80878,1.113,0.49427,0.92701,0.36096,0.88055,0.46292,0.5381,0.72289,0.78282,0.89963,0.28735,0.65054,0.64787,0.5736,0.54435,0.52902,0.63197,0.65982,0.4592,0.41086,0.61524,0.49278,0.3013,0.72049,0.42083,0.60232,0.64137,0.63599,0.46748,0.53528,1.2419,0.68243,0.63198,0.39595,1.128,0.85818,0.72698,0.52955,0.67222,0.39395,0.2888,0.71039,0.71588,0.58021,0.59016,0.46253,0.59559,0.5092,0.86378,0.71219,0.75257,0.50832,0.41084,0.62468,0.49687,0.36557,1.0201,0.43168,0.52996,0.39998,0.70185,0.78276,1.2048,0.81535,0.43796,0.54662,0.59975,0.92049,0.28464,0.63858,0.46065,0.29074,0.81257,0.56577,0.3757,0.51412,0.84311,0.71572,0.43888,0.56865,1.0768,0.51264,0.45401,0.42881,0.80292,1.4392,0.77633,0.59676,0.81697,0.4291,0.48325,0.43706,0.60618,0.64148,0.64814,0.4215,0.57923,0.39336,0.88322,0.54246,0.47659,0.54687,0.39294,0.75576,0.84778,0.3859,0.56714,0.39142,0.45046,0.56981,0.65917,0.48097,0.75712,0.4819,0.52338,0.58691,0.52115,0.57145,0.69007,0.67593,0.47869,0.68246,0.68836,0.35604,0.69778,0.52105,0.65656,0.93588,0.62727,0.93939,1.0429,0.4439,0.37783,0.61183,0.92648,0.57038,0.42464,0.54505,1.413,0.32601,0.25361,0.98458,0.4474,0.32776,0.66823,0.47421,0.80113,1.0049,1.0855,0.65604,0.74332,1.0373,0.70558,0.40559,0.9532,0.78751,0.90701,0.6509,0.34106,0.64819,0.41745,1.1162,0.73276,0.67241,0.53677,0.74113,0.49876,0.36961,0.60441,0.71329,0.76004,0.72873,1.2204,0.71716,0.57409,0.5577,0.79047,0.81038,0.40881,0.36254,0.56723,0.48205,0.37311,0.36005,0.84053,0.96167,0.41788,0.60355,0.7352,0.43529,0.56357,0.59065,0.40386,0.4846,0.67916,0.49573,0.4798,0.56625,0.37883,0.66756,0.6596,0.81681,0.40546,0.70386,1.3183,0.83456,0.49685,0.38932,0.59062,0.59247,0.54148,0.75793,0.73125,0.51735,0.32176,0.69651,0.44822,0.54675,0.59231,0.67641,0.98333,1.233,0.93865,0.87319,0.47386,0.57481,0.54017,0.70837,0.81593,1.1417,0.70836,0.5822,0.45633,1.1105,1.4482,0.90394,1.016,0.48247,0.6409,0.43182,0.52873,0.56222,0.81809,0.65332,0.54245,0.85644,0.76166,0.65935,0.3149,0.6098,0.88189,0.73976,0.55568,0.29015,0.28294,0.48608,0.73024,0.66057,0.63102,0.44056,0.60358,0.75091,0.84522,0.68757,0.56477,0.52512,0.46668,0.5084,1.1793,1.0047,0.60861,0.83861,0.37387,0.70317,0.6354,0.52886,0.40327,0.62975,0.57924,1.6124,0.97545,0.38241,0.41275,0.66692,0.38653,0.64675,0.79454,0.82816,0.85436,0.43671,0.52307,0.32883,0.60329,0.09823,1.3481,0.95872,0.56497,0.40148,0.65639,0.39695,0.45116,0.62131,0.47774,0.60938,0.45196,0.82923,0.43798,0.54868,0.57095,0.578,1.0126,0.23257,0.47054,0.43843,1.1029,1.3008,0.57794,1.3315,0.95168,0.78313,1.1511,0.50324,0.52568,0.98895,1.581,0.25671,0.48608,0.3246,0.60489,0.38486,0.37734,0.67173,0.57321,0.35896,0.40688,0.57577,0.45384,1.3993,0.64634,0.69543,0.87376,0.41794,0.64579,0.39577,0.59317,0.40425,0.85622,1.1207,0.64309,0.58217,0.42547,0.55986,0.50569,0.59776,0.39733,0.82102,0.64143,0.60977,0.38,0.4134,0.54886,0.67315,1.2688,0.51506,0.78465,0.63275,0.75251,0.82468,0.40937,0.67322,0.52998,0.75303,1.1164,1.1592,0.65208,0.34092,0.62054,1.0895,0.73038,0.82567,0.99851,1.065,0.8794,0.31446,0.49614,0.39125,0.44179,0.41347,0.51797,0.45349,0.45228,0.55015,0.7925,0.58925,0.71076,0.94279,0.46788,0.57623,0.34224,0.94965,0.8624,1.4067,0.72069,0.81803,0.44702,0.51356,0.20291,0.49767,0.93942,0.37245,0.41499,0.44834,0.73767,0.5603,0.7818,0.57186,0.89527,0.83648,0.41468,0.81415,0.57307,0.69307,0.66849,0.63526,0.24496,0.97702,0.63936,1.0589,0.5481,0.7681,0.77078,0.54342,0.47534,0.56618,0.59787,0.49398,0.47961,0.8169,1.2113,0.89313,0.69064,0.51544,0.46794,0.6679,0.73492,0.51756,0.60439,0.44155,0.72647,0.76439,0.64673,0.35601,0.38555,0.50835,0.47745,0.57392,0.85013,0.46874,0.33743,0.5315,0.93541,0.42272,0.75425,1.3596,0.62597,0.6816,0.5027,0.60315,0.41638,0.47694,0.60425,0.45233,0.8251,0.91171,0.6961,0.93993,0.93331,1.0421,0.46768,0.23804,0.44396,0.44882,0.5115,0.49154,0.76138,0.70877,1.1126,0.88237,0.70935,1.1025,0.61778,0.29416,0.6328,0.5815,0.55912,0.59671,0.74436,0.42449,0.63047,0.61856,0.45042,0.51865,0.97878,0.76641,0.72915,0.43484,1.037,0.64188,0.32381,0.3197,0.25988,0.64853,0.60822,0.4741,0.61618,1.1457,0.86816,0.59969,0.5656,0.74247,0.9792,1.0491,0.76747,0.98287,0.99069,1.3689,1.9809,1.4239,0.36176,0.52589,0.48467,0.40359,0.57014,0.98257,0.48995,0.39494,0.8867,0.50078,0.33646,0.6903,0.9732,0.48446,0.69029,0.89998,0.64524,0.89011,0.84738,0.47137,0.6212,0.49231,0.45617,0.55584,0.77539,0.25168,0.68133,0.79918,0.47113,0.77322,0.81718,1.2061,0.44396,0.45964,0.94953,0.89214,0.75477,0.66139,0.4871,0.79037,0.7031,0.40549,0.76706,0.52621,0.66706,0.75698,0.62917,0.80307,0.74498,0.74545,0.5048,0.5547,0.6296,0.45795,0.48074,0.61505,0.25483,1.1211,0.59211,0.85258,0.46168,0.3895,0.72148,0.82756,0.99125,0.58084,0.61821,0.72005,0.81531,0.34192,0.31381,0.71955,0.8796,0.71391,0.43827,0.4388,0.49394,0.81472,0.28426,0.52021,0.86907,0.67973,0.52742,0.86255,0.75603,0.85222,0.68927,0.67049,0.44446,0.86675,0.91517,0.49631,0.48009,0.89639,0.39976,0.40089,0.82016,1.1535,0.92175,1.1193,0.6452,0.6443,0.54546,0.66873,0.6263,0.36851,0.76972,0.33605,0.71995,1.0833,0.86168,0.40292,0.73999,0.62081,0.35952,0.49105,0.87438,0.68119,0.96629,0.75098,0.84433,0.51859,1.4825,0.5544,0.74328,1.1865,0.8135,0.56977,1.0799,1.3035,0.62521,0.95213,0.6758,0.5717,0.72715,0.74349,0.51142,0.46121,0.58405,1.1081,0.45534,0.46685,0.59501,0.88183,0.42244,0.42532,0.42687,1.214,0.61329,0.64185,0.35223,0.33681,0.7459,0.7467,0.93962,0.50843,0.19197,0.51888,0.37074,0.54487,0.60553,0.42679,0.39794,0.29556,0.61846,0.30728,0.37666,0.40995,0.74874,0.60288,0.37398,0.29016,0.51505,0.21811,0.65659,0.80362,0.72445,0.65162,0.71755,0.597,0.82296,0.48863,0.48033,0.65711,0.83196,0.60279,0.51729,0.37644,0.36852,0.27453,1.3339,0.5882,0.84964,0.65257,0.2205,0.3134,0.4758,0.69382,0.52503,0.99413,0.35025,0.31538,0.67323,0.62065,1.2129,0.70045,0.98215,0.8076,0.49788,0.36988,0.43702,0.64524,0.68145,0.44425,0.34166,1.5634,0.37732,0.29387,0.59233,0.97942,0.27681,0.24723,0.35048,0.79488,0.54348,0.61486,0.54163,0.62375,0.49736,0.63122,0.8853,0.69283,0.33205,0.93265,0.55158,0.45139,0.50036,0.55538,0.52168,0.7306,1.1725,0.84622,0.79928,0.594,0.47486,0.8583,0.68742,0.4972,0.39766,0.65315,0.49557,0.55611,0.73435,0.44012,0.58412,0.37865,0.59794,0.84784,0.9243,0.7638,0.47587,0.58812,1.027,0.74992,0.70712,0.64188,0.46228,0.90367,0.52244,0.4284,0.4291,0.99643,0.57468,0.44314,0.74203,1.1792,0.65997,0.51064,1.1703,0.70178,0.56383,1.0317,0.76767,0.63548,0.4048,0.87574,0.61924,0.45942,0.36482,0.45631,0.49602,0.55497,0.63958,0.56222,0.74005,0.61616,0.65096,0.8159,0.49734,0.50759,0.70831,0.3525,0.43194,0.73001,0.30697,0.52838,1.6397,0.77266,1.2051,0.97099,1.0882,0.54675,0.34931,0.44193,0.48257,0.8357,0.94925,0.29585,0.8964,0.58199,0.51756,0.46534,0.38019,0.65896,0.75865,0.73153,0.44507,0.41322,0.27134,0.40978,0.31523,0.45283,0.50649,0.86424,0.9131,0.66107,0.47182,0.67797,0.35832,0.77041,1.2737,0.8318,0.45816,0.43334,0.52633,0.85213,1.0279,1.2698,1.3899,0.50748,0.3701,0.39724,0.40459,0.64667,0.75705,0.53289,0.57797,0.80084,0.99822,0.68507,0.48428,0.58745,0.98902,0.38829,0.50309,0.45055,0.8143,0.62732,0.40198,0.76604,0.63861,0.90822,0.63984,0.64017,0.26788,0.97177,0.54172,0.70526,0.36298,0.63565,0.67173,0.50034,0.62541,0.80357,1.1782,0.49809,0.41231,0.49689,0.99266,1.7561,0.99088,0.75159,0.64821,0.75972,0.91962,1.126,0.83514,1.0154,0.49393,1.2055,0.64511,0.2876,0.34532,0.7205,0.87381,0.50137,0.58988,1.0567,0.6143,0.89711,0.59566,1.3697,0.97488,0.59853,0.31922,0.61406,0.51915,0.56605,0.64212,0.65539,0.60199,0.89092,1.5054,1.2558,0.65178,0.87781,0.73694,0.56305,0.7379,0.37725,0.41754,0.56383,0.55593,0.8501,0.86326,0.7834,0.49944,0.75305,0.60767,0.95477,0.43046,0.54524,0.76918,0.56516,0.83017,0.7216,0.53286,0.9731,0.69364,0.41889,0.26928,0.69632,1.1247,0.60444,0.48814,0.52377,0.23027,0.47767,0.50381,0.4237,0.65454,0.52666,1.0518,0.72558,0.67806,0.84719,0.48863,0.441,0.84187,0.50822,0.56224,0.42209,0.96635,0.83149,0.71155,0.44852,0.44804,0.66158,0.5496,0.92745,0.65435,0.41463,0.4793,0.46482,0.45503,0.41396,1.0439,0.53607,0.51606,0.38229,0.53275,1.2925,1.3169,1.2838,0.78538,0.65627,1.0364,0.70286,0.80036,0.7288,0.48044,0.72631,0.56098,0.95208,0.42912,1.0965,0.39859,0.86323,0.47564,0.62351,0.43943,0.37829,0.73472,0.4143,0.86857,0.45508,0.23928,0.57713,0.53558,0.62047,0.85663,0.95378,0.39922,0.70702,1.0527,1.1306,0.70334,0.82466,1.1636,0.39465,0.62467,0.66404,0.49766,0.54184,0.40513,0.77331,0.63932,0.46364,0.97999,0.37125,0.48193,0.66527,0.44284,0.9081,0.6753,0.81923,1.1787,0.80225,0.36891,0.40877,0.59511,0.79625,0.84628,1.7144,0.94388,0.73874,0.59971,0.9285,0.58657,0.68787,0.63548,0.68804,0.84849,0.5211,0.46224,0.38967,0.57295,1.0931,0.28396,0.78412,0.77746,0.44311,0.40278,0.46819,0.73787,0.88379,1.0782,0.55273,0.4863,0.4108,0.87812,0.42145,0.81524,0.60282,0.38175,0.85296,0.48371,0.80602,1.0007,1.3186,0.90674,0.39541,0.24862,0.84344,0.45249,0.43359,0.66642,0.36539,0.19685,0.51129,1.0911,0.9793,1.7286,1.2832,0.85326,0.42014,0.33902,0.57496,0.98341,0.68163,0.70193,0.27815,0.29478,0.8011,0.1577,0.42022,0.79628,0.8957,0.37361,0.65956,0.74636,1.0776,0.67588,1.6678,0.95419,0.72052,1.1481,0.44269,0.56397,0.78385,0.85338,0.39449,0.67084,0.88574,0.89374,0.58287,0.37779,0.21065,0.53155,1.4533,0.78082,1.4299,0.61653,0.85577,0.97597,0.76398,0.34565,0.56635,0.45701,0.51654,0.7352,0.61049,0.87272,0.82581,1.2342,0.70549,0.50513,0.62946,0.4753,0.81341,1.1061,0.74051,0.5786,0.38333,1.1588,0.51001,0.84764,0.44442,0.51297,0.79917,1.0733,0.46292,0.58103,0.93683,0.42338,0.53206,0.779,0.50346,0.62399,0.35671,1.0776,0.66175,0.38522,0.57151,0.45969,0.19023,0.44863,1.0492,0.53654,0.55115,1.0085,0.80213,0.42896,0.87551,0.66859,0.79409,0.48004,0.90412,0.45079,0.43142,0.91608,0.86568,0.62492,0.35625,0.46699,0.5569,0.47211,0.80586,0.53208,0.95164,1.11,0.46296,0.70615,0.9476,0.48579,0.74879,0.53136,0.58247,0.58015,1.3799,1.5213,0.77563,0.47107,0.94587,0.40663,0.42214,0.72926,0.62978,0.40373,0.40882,0.53892,0.40266,0.66867,0.67281,0.55006,0.39504,0.95103,0.53499,0.50469,0.35711,0.34304,0.49161,0.62109,0.49155,0.69893,1.0087,0.55646,0.37302,0.41107,1.1326,1.5812,1.0949,0.5401,0.58463,0.78543,0.43795,1.003,0.48364,0.89478,0.41872,0.58252,0.60699,0.80589,0.32447,0.41644,0.52296,0.59848,0.61075,0.79068,0.78273,0.67939,0.68282,0.73893,0.57316,0.7581,0.77301,0.74881,0.85716,0.76224,0.52752,0.42965,0.88257,0.74622,0.48817,0.77519,0.82244,0.43162,0.6053,1.1148,0.66542,0.43872,0.64276,0.75044,0.59045,0.59246,1.2361,1.023,0.57884,0.62851,0.54039,0.62915,1.0023,0.40754,0.29153,0.44367,0.41364,0.15142,0.38466,0.34266,0.3155,0.60178,0.5698,0.32262,0.31433,0.27466,0.61863,0.73366,0.78893,0.54851,0.38105,0.57288,0.50339,0.31277,0.78423,0.46678,0.81602,0.47024,0.48144,0.83384,0.56504,0.40564,0.80812,0.92515,0.60457,0.68365,0.77202,0.66908,0.52788,0.59672,0.75326,0.41868,0.76968,0.55939,0.42601,0.40418,0.51103,0.3959,0.34224,0.35578,0.43551,0.57475,0.86797,0.55099,0.59034,0.6757,0.70053,0.33082,0.39525,0.68929,0.84271,0.31293,0.42529,0.92631,0.95375,0.63902,0.61271,1.1107,0.75313,0.74782,0.94494,0.73871,0.41328,0.3322,0.20668,0.36114,0.32878,0.67124,0.34714,0.46563,0.47458,0.55876,0.71616,0.4264,0.59072,0.32781,0.72633,0.60559,0.52758,0.29961,0.43573,0.88906,0.56441,0.46159,0.75173,0.5773,0.55567,0.92907,0.94797,0.93643,0.58798,0.4953,0.7173,0.45714,0.55698,0.68764,0.54762,0.44172,0.33512,1.0628,0.40803,0.52519,0.64628,0.49408,0.50189,0.94344,0.48271,0.48148,0.34584,0.90737,0.6653,0.81065,0.76171,0.60369,0.44477,0.51487,0.49866,0.50027,0.52159,0.75788,0.921,1.0935,0.59414,0.71444,0.61751,0.65053,1.466,0.73227,0.32353,0.64774,0.42971,1.0719,0.55723,0.83209,0.97176,0.72347,0.70502,0.83176,0.53442,0.95653,1.0465,0.92657,0.46694,0.78474,0.48358,0.73969,0.36452,0.49524,0.43315,0.88188,0.66081,0.97066,0.66719,0.29043,0.59891,0.3195,0.33842,0.76665,0.33772,0.61245,0.54749,0.57693,1.2093,0.43755,0.44377,0.37308,0.46132,0.34821,0.76711,1.0781,0.75853,0.55409,1.1388,0.73816,0.56049,0.60026,0.33009,0.47629,0.66329,0.74252,0.75506,0.56987,0.66469,1.1368,1.0269,0.54774,0.35319,0.81401,0.73239,0.73047,1.049,0.81107,0.72605,0.56257,0.50677,0.63826,0.23292,0.33843,0.18515,0.63865,1.0957,0.60855,1.1827,0.42034,1.3481,0.94868,0.53944,1.1319,0.80041,0.75602,0.46363,0.32629,0.71177,0.46731,0.166,0.71433,0.80996,0.33221,0.90201,0.58468,0.57756,1.1385,1.2341,0.49259,0.76117,0.34498,0.35547,0.66164,0.77906,0.57252,0.80259,0.4982,1.8714,1.2056,1.0359,0.69172,0.41701,0.98599,0.56062,0.74794,0.8127,0.59692,0.38058,0.5809,0.38994,0.30006,0.41159,0.29411,0.36403,0.51022,0.85311,0.40715,0.92747,0.4632,0.7047,0.36488,0.35965,0.42998,0.64982,0.7607,1.0188,0.60547,0.59623,0.65261,0.76764,0.43306,0.71236,0.44187,0.65689,0.47486,0.88011,0.84785,1.5394,0.725,0.6084,0.4273,0.90995,0.62594,1.0739,0.46844,0.43185,0.19003,0.82626,1.0414,0.42454,0.72606,0.79538,0.44503,0.40429,0.60855,0.37083,0.64518,0.35439,0.49626,0.48384,0.35441,0.69366,0.82428,0.4511,0.48193,0.64658,0.8314,0.51691,0.78134,0.82988,0.7454,0.56312,0.88282,0.5955,0.78996,0.727,0.47566,1.082,0.62369,0.51316,0.3685,0.74524,0.68566,0.64111,0.60942,0.49964,0.99621,0.51954,0.80823,0.85116,0.64226,0.70187,0.29597,0.71095,0.46434,0.44306,0.29957,0.55488,0.87093,0.51643,1.0899,0.50205,0.65685,0.40002,0.69779,0.37358,0.30038,0.70893,0.63537,0.77316,1.3381,0.72311,0.58755,1.0309,0.49262,0.79917,0.43132,0.65517,0.50357,0.63371,0.31501,0.69895,0.63062,0.65653,0.43134,0.61856,0.36962,0.44912,0.79349,0.58481,0.90013,0.54788,1.0728,0.78919,0.53542,0.45424,1.0204,1.0279,0.67082,1.3613,0.80903,0.32337,0.53914,1.0632,0.6546,1.0449,0.60206,0.28383,0.45845,0.66699,0.8801,0.3978,0.42091,0.60726,1.2518,0.9407,0.27693,0.33793,0.44733,0.5406,0.56528,0.54756,0.62977,0.8385,0.67987,0.43224,1.3184,0.70142,0.97742,0.79173,0.80789,0.4927,0.71024,0.73792,0.50169,0.72992,0.45643,0.81555,0.29917,0.50555,0.50312,0.61831,0.78265,0.62244,0.7119,0.98764,0.40542,0.78942,0.62242,0.79642,0.80425,1.0509,0.45355,0.53723,0.38399,0.80397,0.48792,0.4205,0.67574,0.62107,0.57632,0.34526,0.47215,1.3825,0.9113,0.85976,0.56036,0.49344,0.8147,1.147,0.73248,0.54794,1.0426,0.60689,0.62065,0.80603,0.75545,0.28897,0.64249,0.59407,1.0267,0.49153,0.85493,0.5921,0.51634,0.78687,0.65175,0.46865,0.5851,0.403,0.60674,0.68892,0.87469,0.77977,0.26169,0.63063,0.64231,1.0015,0.62362,0.9602,0.91549,0.66272,0.39348,0.70912,1.3196,1.2214,0.62231,1.1089,0.76801,0.62097,0.51355,0.69081,0.94593,0.55434,1.0293,0.66089,0.93122,0.9738,0.63338,0.41741,0.49859,0.63824,0.76578,0.63094,0.53887,0.97471,0.7271,0.33193,0.42531,0.43504,0.99203,0.28696,0.65265,0.56114,0.59683,0.68214,0.87595,0.63738,0.84824,0.50902,0.40584,0.40654,0.92635,0.64875,0.26933,0.59764,0.70436,0.51226,0.86156,0.6997,0.83824,0.4507,0.38275,0.80517,1.1152,0.66531,0.47117,0.88307,0.8024,0.40815,0.45674,0.71876,0.58815,0.71313,0.68083,0.6023,0.67161,0.42952,0.73498,0.56605,0.59831,0.62108,0.83946,0.54924,0.58081,0.58788,0.72627,0.43331,0.64658,0.7614,0.6525,0.52503,0.41725,0.75395,0.59215,0.46476,0.47978,1.4263,0.71169,0.44921,0.4775,0.49126,0.83771,0.36267,0.25163,0.37521,0.58124,0.48182,0.5132,0.4844,0.40161,0.45599,0.70552,0.567,0.50712,0.87452,0.95186,0.43399,0.60475,0.91195,0.46761,0.30165,0.51224,0.33945,1.9169,0.96367,0.56833,0.39668,0.54748,0.44936,0.91095,0.76303,0.50775,0.349,0.6389,1.1847,1.0273,0.47068,0.81625,0.7303,1.0243,0.45543,0.48048,0.80684,1.4663,0.36202,0.60886,0.41017,0.55031,0.66867,1.0115,0.90585,0.9383,0.43835,0.32441,0.45286,0.51673,0.86857,0.64287,0.43086,0.49688,0.41458,0.64829,0.21449,0.6319,0.57816,0.87057,0.44837,0.36616,0.87158,0.72843,0.61801,0.87226,0.76811
0.68437,0.44124,0.46692,0.32666,0.84165,0.65199,0.49201,0.43826,0.26934,0.34697,0.70301,1.2649,0.90343,0.55926,1.6104,0.90037,1.0709,1.183,0.46887,0.48673,0.59931,0.80416,0.58901,0.36667,0.15788,0.57924,0.78713,0.72274,1.1242,0.64803,0.59544,0.50965,0.34307,0.51607,0.61456,0.57301,0.62197,0.8946,1.2595,1.0733,1.2232,0.43778,0.57506,0.6314,0.51593,0.61915,0.86982,0.94354,0.78604,0.4179,0.52623,0.37636,0.43092,0.57782,0.50091,0.60641,0.81834,0.61729,0.41834,0.78961,1.8856,0.43133,0.69941,0.65285,0.42101,0.63699,0.58181,0.41912,0.41694,0.56886,0.53643,0.74794,0.4343,0.7122,0.81063,0.63178,0.78234,1.1098,0.55727,0.64923,0.6664,0.70192,0.47661,1.0158,1.1463,0.64217,0.60938,0.56358,0.86548,0.56992,0.79037,0.55975,0.70851,0.64859,0.36921,0.56468,0.37931,0.82585,0.43313,0.27087,0.6194,0.60197,0.78473,1.0399,0.95522,0.54379,0.35993,0.68322,0.52388,0.40302,0.91831,0.94161,0.89344,0.6394,0.66482,2.0159,1.1548,0.62427,0.60565,0.67614,0.6818,0.42784,0.69193,0.6037,0.7401,0.54495,0.92124,1.0459,0.31215,0.55032,0.43515,0.69085,1.2882,0.60625,0.60001,0.93719,1.2339,0.51032,0.34966,0.72868,0.35762,0.71407,0.38462,0.71737,0.39688,0.41707,0.56442,0.7022,0.68702,0.82144,0.88855,0.61837,0.41273,0.499,0.49883,0.81366,0.60483,0.77255,0.64384,0.49248,0.69265,0.60804,0.88303,0.32524,0.39255,0.60801,1.0485,0.60358,0.38097,0.42115,0.54831,0.64615,0.31225,0.59225,0.57849,0.80906,0.70545,0.63572,0.7225,0.4623,0.68579,0.88627,0.66894,0.58129,0.48917,0.43939,0.30301,0.2764,0.39989,0.38278,0.54894,0.48975,0.48806,1.2246,1.2493,0.76453,0.58101,0.59591,0.58732,1.3471,0.62982,0.48822,0.50125,0.65202,0.6006,0.58494,0.97401,0.86581,0.36128,0.37039,0.58316,0.62944,0.49257,0.28011,0.24244,0.42867,0.61226,0.96277,0.38861,0.54536,0.50186,0.65143,0.37622,0.44689,0.62176,0.28628,0.64512,0.63309,1.1761,0.81217,0.43151,0.50692,0.35144,0.4803,0.78991,0.69802,0.49485,0.92087,0.39229,0.63511,0.62336,0.63247,0.56635,0.74527,0.65675,0.84183,0.55847,0.45852,0.80122,0.4704,0.68283,0.70547,0.95102,0.7062,0.54248,0.92307,1.0294,0.35011,0.52784,0.7664,0.50559,0.6064,0.7351,0.54958,0.43998,0.39096,0.49957,0.43969,0.66459,0.67369,0.53686,0.45454,0.74355,0.85375,1.0044,1.0851,1.0376,0.51207,0.38459,0.5012,0.71031,0.59911,0.45707,0.35904,0.39893,0.68895,0.49587,0.45475,0.8044,0.54063,0.41123,0.87548,0.7984,1.1956,0.60867,0.64586,0.50622,0.60273,0.43115,0.26176,0.64658,0.70523,0.87763,0.69175,0.92043,0.59002,1.9285,0.35543,0.3991,0.66466,0.69074,0.77158,0.68137,0.99655,0.77461,0.63891,0.95099,0.75458,0.63085,0.61511,0.32439,0.41039,0.63039,0.77998,0.93536,1.0368,0.70817,0.71398,0.88834,0.49745,0.52213,1.0935,0.85206,0.56404,0.37574,0.18286,0.40756,0.44057,0.47563,0.61882,1.1152,0.42093,0.67546,0.9,1.2732,0.83445,0.97454,0.45252,0.57941,0.50365,0.75949,0.46498,0.77288,0.81221,0.39645,1.1591,1.022,0.80564,0.64697,0.66745,0.6082,0.53164,0.54829,0.6093,0.50502,0.42903,0.48268,0.83355,0.53512,0.68202,0.57074,0.73154,0.57545,0.598,0.48114,0.53446,1.2743,0.83232,0.7105,1.0517,0.98031,1.0652,0.56935,0.56402,0.53747,0.47149,1.1674,1.0736,0.89318,0.82323,0.52677,0.86075,0.69529,0.92396,0.94676,1.1799,1.194,0.68525,0.57701,0.97135,0.51138,0.4965,0.58736,0.78772,0.4513,0.79787,0.78621,0.36588,1.0984,1.5819,0.71712,0.84701,0.38831,0.27263,0.28423,0.46214,0.36846,0.64009,0.52869,0.57979,0.50964,0.68853,0.49694,0.61491,0.54502,0.69424,0.80761,1.0642,0.46436,1.0061,1.3711,1.13,1.331,1.0567,0.46412,0.50999,0.73218,0.98747,0.93231,0.6289,0.47373,1.0873,1.5344,1.2879,0.83981,0.58348,0.71585,0.54411,0.553,0.43976,0.97436,0.46086,0.73697,0.53104,0.66952,0.4426,0.90412,0.79525,0.75455,0.54556,0.60139,0.60962,0.59424,0.61871,0.62348,0.80598,0.57688,0.50403,0.68712,0.4407,0.83126,1.1957,0.80099,0.60813,0.68267,1.0192,0.59877,0.3683,0.58473,0.52292,0.47343,0.71041,1.6208,0.57751,0.29869,0.47645,0.44563,0.60671,0.66825,0.78803,0.96022,0.88279,1.3095,1.1274,0.56826,0.51204,0.50209,0.64091,0.58587,0.72757,0.62945,1.2301,0.57555,1.029,1.206,1.2987,0.86577,0.59956,0.52278,0.7547,0.8921,0.65325,0.53895,0.56179,0.85337,0.92657,1.044,0.32326,0.3707,0.77461,0.86043,0.24343,0.52791,1.0498,1.0445,0.52283,0.68251,0.36181,0.82578,0.85279,0.79633,0.86023,1.2118,1.0181,0.75893,0.51843,0.37278,0.41948,0.58036,0.65266,0.45052,0.57539,1.0229,0.40774,0.65992,0.66314,0.63993,0.41244,0.72364,0.40377,0.76697,0.5957,0.55302,1.2374,1.1028,0.55102,0.47244,0.52483,0.61497,0.74533,0.82961,0.52886,0.62172,0.71348,0.87008,0.80833,0.69135,0.47875,0.33446,0.54374,0.87017,0.40947,0.37551,0.75865,0.6187,0.96407,0.39973,0.47159,0.6472,0.45153,0.3822,0.42865,0.9558,0.42769,0.37668,1.017,1.2197,0.50887,0.80645,0.81243,0.67642,0.65669,0.82965,0.80671,0.65561,1.2015,0.26975,0.57509,0.48532,0.65673,0.64367,0.97261,0.69155,1.0103,0.87268,0.75324,0.30143,0.4636,0.16208,0.5711,0.66137,0.84903,0.98139,0.4281,0.9017,0.47843,0.47429,0.95122,0.39429,0.51623,0.59344,0.7052,0.57309,0.81402,0.48018,0.67219,0.74177,0.76786,0.63911,0.9024,0.52794,0.33562,0.41516,0.54306,0.5209,0.76845,0.84784,0.71375,0.99442,0.35747,0.4716,0.74726,0.78216,0.49917,1.2455,0.79001,0.5585,0.49174,0.75895,0.69764,0.5491,0.57953,0.70473,1.23,0.48896,0.5306,0.55945,0.62769,0.86422,0.67258,0.33384,0.78478,0.47516,0.60178,0.60979,0.57706,0.26988,0.48206,0.55003,0.38795,0.33642,0.6716,0.57035,0.59599,0.91843,1.253,1.0593,0.37123,0.57223,0.64638,1.1708,0.41591,0.6466,0.64448,0.59541,0.60385,0.53247,0.44099,0.88496,0.38767,0.39284,0.40114,0.54039,0.56814,0.31863,0.47673,1.0935,0.45834,0.79482,1.1226,0.6168,0.69822,0.52491,0.51296,0.83638,0.37184,0.4703,1.0317,1.1555,0.57655,0.73639,0.60699,1.5402,0.8322,0.55044,0.31404,0.7674,0.85901,0.47694,0.72966,1.0911,0.52399,0.45979,0.59332,0.67857,0.81135,0.89578,0.59081,1.0118,0.8879,0.63967,0.70236,1.0003,0.52218,0.75188,0.56423,0.37089,0.20652,0.49419,0.45343,0.60486,0.75455,0.63283,0.69184,0.7777,0.76145,0.50998,0.65198,0.64068,0.6565,0.45427,0.69916,0.72469,1.7144,0.95461,0.41602,0.86377,0.77254,1.1862,1.2149,0.51292,0.33186,0.84283,0.70519,0.62256,0.32504,0.47761,0.70571,0.52754,1.1303,0.86282,0.34311,0.33483,0.45452,0.56898,0.76151,0.40691,0.63589,0.5631,1.0067,0.68369,0.58989,0.32493,0.3225,0.75211,0.77777,0.66702,0.56452,0.63407,0.82288,0.90767,0.87925,0.7061,0.56511,0.83927,0.42594,0.63986,0.54991,0.47102,0.823,0.40284,0.23605,0.54894,1.2998,0.46442,0.6738,0.78278,0.4434,0.47106,0.39222,0.65674,0.63003,0.79243,0.84755,0.38747,0.4146,1.0746,0.56402,0.66179,0.73556,0.70278,0.58247,0.62167,0.27625,0.64019,0.95059,0.62772,0.33343,1.173,0.68141,0.32915,0.85586,1.8266,0.34007,0.40192,0.9067,0.63494,0.26812,0.83177,1.6623,0.85613,0.47341,0.64755,1.2741,0.69168,0.19569,0.53301,0.62756,0.3615,0.42847,0.7469,0.85043,0.62364,0.54666,0.52724,0.76764,0.65136,0.6977,0.63577,0.71499,0.39837,1.0166,0.87866,0.54812,0.4141,0.3638,0.4702,0.38521,0.47347,0.69107,0.76093,2.1621,0.96601,0.51522,1.2442,0.3898,0.94839,0.61174,0.38202,0.43082,0.83127,0.7713,1.1411,0.27276,0.6514,0.98705,0.67218,0.48255,0.42777,0.68463,0.68486,0.65265,0.65787,0.75408,1.2702,0.3068,0.68213,0.73687,1.014,0.60028,0.52468,0.55762,0.50715,0.40794,0.72047,1.6384,0.30598,0.54858,0.74103,0.48076,0.57363,0.7966,0.42548,0.83228,0.62565,0.513,0.53492,0.57293,0.43241,0.70135,0.49017,0.65662,0.77773,0.73072,0.56737,0.38829,0.45022,0.40026,0.61904,0.39019,0.83726,0.55234,0.61972,1.0079,0.4672,0.80695,0.50831,0.47134,0.53872,0.40009,0.9329,1.2658,0.72262,1.0419,0.39443,0.41756,0.7135,0.47789,0.6845,0.32869,0.70211,0.73792,1.0496,0.42911,0.55733,0.40405,0.30391,0.90833,0.46085,0.55957,0.69197,0.41044,0.86526,0.93583,0.92059,0.86908,0.39708,0.57152,0.47448,0.76952,0.50603,0.70663,0.24497,0.72905,1.0199,0.87768,0.80804,0.59684,0.30111,0.40605,0.87538,0.52945,0.3122,0.45148,0.60141,0.5717,0.62204,0.52587,0.48967,0.4584,0.69928,0.36789,0.35514,0.46895,0.55576,0.59302,1.0729,0.47304,0.61516,0.73637,0.76866,0.79169,0.45491,0.54344,0.69741,0.32463,0.64717,0.54295,0.48955,0.80085,0.56175,0.28653,0.78187,0.60298,0.50355,0.5838,0.43628,0.70514,0.34258,0.28885,0.43425,0.32622,0.54785,0.91764,1.1357,0.44112,1.2464,0.5576,1.0121,0.86265,0.60297,0.727,0.44808,0.31933,0.28486,0.80197,0.7999,0.78715,1.2009,0.65523,0.80717,0.97499,0.59233,0.7517,0.67809,1.0423,0.54432,0.57623,0.40273,0.6383,0.48048,0.54695,0.48263,0.72667,0.96954,1.0172,0.49822,0.98094,0.44312,0.61008,0.39342,0.569,0.35373,0.49827,0.83723,0.65004,1.1582,0.61051,0.37422,0.33414,0.53656,0.56108,0.53511,0.58501,0.87298,0.94201,0.63944,0.63541,0.54165,0.46138,0.75661,0.71816,0.53418,0.91955,0.68733,0.61075,0.60603,0.85139,0.6194,0.79603,0.75984,0.62092,0.54525,0.57836,0.87966,0.67944,0.66124,0.62256,0.7214,0.69773,0.73162,0.92954,1.1292,0.86234,0.48974,0.47823,0.54906,0.59467,1.6493,0.8209,1.0894,0.86293,0.40226,0.40845,0.80503,0.59725,0.80849,0.42829,0.53577,0.53328,0.38216,0.48647,0.54675,0.42336,0.43809,0.35557,0.6479,0.63555,0.61861,0.76137,0.46774,0.7725,0.78385,0.36556,0.45389,0.60896,0.88568,1.0522,0.64373,0.47037,0.51988,0.82172,0.95904,0.81624,0.61847,0.87972,0.71089,0.56473,0.69328,0.55632,0.89956,0.97855,0.50142,0.49242,0.38094,0.43878,0.52234,1.057,0.83204,0.82085,0.52537,0.41701,0.82927,0.51645,0.46078,0.73727,1.1031,0.5066,0.41259,0.73761,0.48162,0.82066,0.44669,0.73504,0.37106,0.76571,0.75905,0.96997,0.63335,0.77564,0.57367,0.92074,0.70546,0.77326,0.66718,0.92213,0.41272,0.75919,0.92567,0.64158,0.59327,1.8127,0.55387,0.6473,0.62391,1.3654,0.30356,0.41148,0.28164,0.53241,0.93446,0.28009,0.52656,0.31218,0.71745,0.7275,1.3087,0.52337,0.51881,0.50458,0.55603,0.4093,0.98205,0.6298,0.80534,0.49561,0.43269,0.45705,0.64124,0.55462,0.82964,0.44162,0.81326,0.53114,0.44261,0.59197,0.65032,0.96497,0.47363,0.89781,0.98262,0.47412,0.33006,0.2891,0.71933,0.61823,0.56069,0.94706,0.46023,0.26454,0.26185,0.53709,0.53914,0.48816,0.28025,0.85083,0.53141,0.2244,0.38953,0.57156,0.54026,0.41106,0.64491,0.23945,0.4788,0.66994,0.6976,0.74782,0.40501,0.55671,0.7347,0.37812,0.35905,0.44616,0.81483,1.0594,0.35055,0.33662,0.45192,0.69166,0.64192,0.77288,0.81932,0.71436,0.51004,0.31167,0.74628,0.86516,0.55156,0.63019,0.62409,0.46258,0.36903,0.40297,0.69551,0.757,0.92297,0.79644,0.66568,0.50406,0.49151,0.26938,0.70245,0.9902,0.92652,0.31292,0.53073,0.38257,0.58522,0.34385,0.62015,0.61557,0.56519,0.80152,0.61367,0.83188,0.66583,0.5141,0.97183,0.41889,0.63884,0.8331,0.60465,0.59525,0.61948,0.87565,1.0106,0.99783,0.99,0.75438,0.68873,0.91694,0.62077,0.97619,1.2212,0.45084,0.51918,1.4257,0.42214,0.36189,0.40118,0.3296,0.5213,0.30604,0.62054,0.56997,0.35952,0.59399,0.72322,0.35253,0.44773,0.57859,0.47174,0.73733,1.1687,0.78275,0.65117,0.37162,0.65549,0.56999,0.35301,0.86124,0.93617,1.0894,0.55297,0.87351,0.7607,0.55953,0.97741,0.82327,0.6411,1.182,0.62114,0.33227,0.58948,0.55169,0.18618,0.76358,1.0329,0.91815,0.57285,0.9277,0.71261,0.44392,0.3358,0.98237,0.66363,0.55313,0.51161,0.65107,0.44039,0.27603,0.52709,0.72572,0.40526,0.7584,0.95201,0.49443,0.80928,0.8431,0.31967,0.36944,0.60313,0.96895,0.48426,0.95377,0.85538,0.53744,1.1965,0.91186,0.84238,0.70975,0.99565,0.78247,0.54849,0.38681,0.45967,0.57869,0.8265,0.85909,0.783,0.34205,0.61793,0.74942,0.57121,0.46406,0.63465,0.47824,0.99574,0.6334,0.85864,0.6542,0.48463,0.67247,0.97736,1.4163,0.54861,0.69124,0.5901,0.68467,0.48656,0.87667,0.2358,0.48157,0.56376,0.49708,0.81493,0.28041,0.43272,0.76577,0.66719,0.61751,0.58282,1.1617,1.1077,1.007,1.4593,0.80199,0.91312,0.20668,0.74696,1.044,1.0666,0.37272,0.38073,1.0201,0.81023,0.73093,0.52173,0.71293,0.24153,0.48632,0.65535,0.71851,0.9131,0.32852,0.35226,0.30399,0.56092,0.37016,0.4127,0.44574,0.64027,0.72926,0.39684,0.39685,0.42641,0.40315,0.51618,0.54247,0.27004,0.82862,0.50031,0.71931,0.6247,0.29985,0.26766,0.29877,0.60427,0.76622,0.59472,0.8233,0.59741,0.60388,0.95485,0.56614,0.55605,0.78492,0.77036,0.42059,0.67877,0.73798,0.49122,0.75531,0.8382,0.39866,0.31049,0.39459,0.49866,0.67367,0.44307,0.61969,0.51076,0.61381,0.64916,0.71316,0.83601,0.81664,0.26468,1.469,0.55933,0.37901,0.76231,0.35176,0.74321,0.66272,0.43525,0.72369,0.63933,0.56423,0.31894,0.28898,0.32443,0.91821,0.62989,0.87685,0.39356,0.66311,0.90648,0.57605,0.54095,0.87862,0.46299,0.93873,0.56171,1.2092,0.80747,0.52586,0.84652,1.0971,0.39769,0.76823,0.69535,0.89108,0.8077,0.66262,0.41434,0.29342,0.7591,0.45488,0.41964,0.51289,0.78541,0.71669,0.53027,0.7488,0.79561,0.6661,0.39515,0.76147,1.2398,0.67171,0.59114,0.4367,0.65119,0.71768,0.61924,0.51107,0.37948,0.53231,0.40285,0.90778,0.31489,0.46094,0.59838,0.50606,0.60888,0.50425,0.46423,0.80448,0.63576,1.5696,0.66609,0.8582,0.59596,0.44195,0.58345,0.51698,0.89874,0.71191,0.512,0.91406,0.52162,0.67818,0.60178,0.67703,0.89557,1.1193,1.053,0.42725,0.53213,0.47484,0.7358,0.49542,0.75628,0.4794,0.42234,0.44044,0.75392,0.55461,1.0541,0.82134,0.59964,1.1469,0.99026,1.5579,0.55521,0.87795,0.424,0.25286,0.73442,0.67661,0.5237,0.59185,0.66405,0.7082,0.42855,0.35852,0.55363,0.67504,0.83774,0.8365,1.6298,0.81935,0.34127,0.7554,0.46802,0.3512,0.44926,0.88717,0.52623,0.37607,0.58942,0.51317,1.247,0.73792,0.92769,0.85075,1.4301,1.055,0.55269,1.9907,0.46551,0.39496,0.33898,0.30992,0.55802,0.26335,0.79748,0.5883,0.32301,0.64859,0.68707,0.70013,0.36486,1.004,0.7789,0.97098,1.501,0.3109,0.90828,0.52117,0.717,0.52936,0.81122,0.96492,0.50704,0.83214,0.34479,0.70101,0.55356,1.4576,0.47582,0.61089,0.46212,0.29364,0.45354,0.96861,0.31153,0.69182,0.41152,0.50212,0.79628,0.48582,0.49695,0.60343,0.4744,0.73498,0.54672,0.6005,1.2824,1.0749,0.44645,0.54434,0.4683,1.0217,0.768,0.31343,0.53748,0.45083,0.50744,0.45086,0.51385,0.39527,0.54226,0.38146,0.65238,0.63151,0.5516,0.84569,0.55582,0.49218,1.0085,0.9094,0.61826,1.1243,0.80252,0.63244,0.361,0.93435,0.84766,0.59769,0.53058,0.70565,1.0425,0.5915,0.67192,1.0274,0.57727,0.53637,0.27291,0.64733,0.89237,0.7496,0.49153,0.36041,0.22812,0.98355,0.80609,0.46431,0.69386,1.1691,0.51858,0.41659,0.92102,0.39912,0.79442,0.86207,0.79815,0.50145,0.59337,0.87623,1.2211,0.58222,0.74816,1.0251,0.80995,1.1977,0.31609,0.87376,0.33737,0.63781,0.65863,0.48608,0.53535,0.69672,0.81589,0.62137,0.4194,0.41668,0.27549,0.31829,0.4814,0.48853,0.51058,0.36997,0.61875,0.54678,0.38263,0.37377,0.3557,0.53593,0.55858,0.47755,0.80116,0.49378,0.44422,0.89539,0.62172,0.37712,0.61116,0.93211,0.51419,0.70948,0.66006,0.51873,0.42307,0.58859,0.81031,0.4533,0.80289,0.51098,0.34121,0.44094,0.28883,0.37345,0.75989,0.70407,0.72627,0.73246,0.67053,0.5365,0.51085,0.86326,0.60566,0.85816,0.61153,0.47565,0.48181,0.43818,0.51213,0.76276,0.43211,0.34143,0.40741,0.41621,0.57239,0.86662,0.95678,0.47426,0.43462,0.6964,0.46109,0.43145,1.1008,0.32923,0.58663,0.39222,0.53284,0.42791,0.38777,0.61219,0.57587,0.76271,0.98699,0.79315,0.44506,0.24456,0.40073,0.69693,0.70952,0.79104,0.25647,0.56666,0.68424,0.43465,0.42747,0.43019,0.67511,0.40948,0.33468,0.8378,0.88176,0.65938,0.45322,1.2,0.85601,0.49989,0.34795,0.51705,1.0546,0.3042,0.69623,0.87343,0.32599,0.29429,0.9826,0.63147,0.39966,0.41184,0.90307,0.96873,0.43156,0.56028,0.59574,0.28245,0.52917,0.72356,0.64939,0.44335,0.71774,0.46871,0.47408,0.63476,0.65165,0.45511,0.62513,0.68842,0.40326,0.47569,0.37813,0.36824,0.61223,0.44101,0.68709,0.76602,0.40143,0.47088,0.45163,0.47841,0.39084,0.63473,0.43876,0.51916,0.69797,0.51074,0.61856,0.41239,0.52497,0.27525,0.39078,0.57067,0.52776,0.85565,0.50418,0.43059,0.92157,0.31817,0.68209,1.1315,0.58144,0.34915,0.48365,0.92927,0.64586,0.42826,0.49586,0.77451,0.46186,0.60152,0.42946,0.4839,0.44967,0.49358,0.85385,0.492,0.67815,0.73262,0.82549,0.90065,0.87769,0.83399,0.70163,0.49903,0.46116,0.92761,0.35556,0.42602,0.50895,0.77592,0.70874,1.3475,0.98078,1.2855,1.2179,0.90558,0.6903,0.50353,0.4369,0.53473,0.46162,0.54182,0.68507,1.0116,0.61869,0.74755,1.172,0.84757,0.86145,0.39671,0.65067,0.62338,0.7035,1.018,0.79849,0.79186,0.79975,1.0543,0.92106,0.82886,0.77175,0.52136,0.93548,0.46261,0.53167,0.79154,1.0883,0.69768,0.79016,0.48549,0.47571,0.77926,0.45644,0.68441,0.49628,0.55933,0.44096,0.41512,0.37979,0.50674,0.72194,0.52823,0.3745,0.95201,0.44313,0.69527,0.75465,0.67927,0.48411,0.59586,0.80348,0.77446,0.42118,0.61881,0.91864,0.34634,0.7911,0.6442,0.62528,0.77738,0.64393,0.78002,0.9712,0.84284,0.74454,0.47656,0.45672,0.15396,0.49958,0.50143,1.2427,1.1622,0.4986,1.0455,0.56042,1.1726,0.55188,0.48789,0.76886,0.47253,0.68496,1.2353,0.5857,0.40556,0.2079,0.35281,1.3604,0.85895,0.26924,0.71819,0.495,0.29086,0.57452,0.41872,0.42638,0.50842,0.39151,0.83638,0.30414,0.36879,0.93963,0.52536,0.74052,1.5663,1.944,0.98297,1.3453,0.98423,1.0476,1.1686,0.47652,0.70663,0.6418,0.57521,0.51343,0.55917,0.36824,0.44517,1.055,0.51279,1.0041,0.83544,0.84371,0.91998,0.98368,0.35304,0.39694,0.58717,0.50723,0.53535,0.54866,0.86735,0.64962,0.46516,0.63847,0.4172,0.85873,0.63892,0.70279,0.42835,0.47318,0.57546,0.79446,1.7664,0.47608,0.55894,0.57248,1.1104,0.69073,1.0413,0.63153,0.61911,0.72904,0.60608,0.42665,0.41992,0.82725,0.9874,0.38999,0.61416,0.57864,0.9948,1.1772,0.55637,0.67993,0.37799,0.66723,0.77271,0.62805,0.98263,0.54434,0.2903,0.38058,0.61771,0.89583,0.77193,0.65238,0.97248,0.58511,0.46177,0.55245,0.58741,0.78884,0.91257,0.63431,0.34272,0.60265,0.86236,0.59931,0.64349,0.57645,0.39208,0.46313,0.41219,0.3826,1.0311,0.61194,0.69996,0.66212,0.38559,0.74797,0.33545,0.58039,0.79456,1.0714,0.55786,0.4772,0.85184,0.67505,0.64378,0.9586,0.82547,0.89239,1.0491,0.45811,0.43844,1.0689,0.78824,0.97054,0.86068,1.1675,0.70842,0.55427,0.72495,0.65376,0.39514,0.66994,0.47853,0.52318,0.4766,0.3366,1.2051,0.31425,0.55473,0.26293,0.60503,0.79941,0.91148,0.52668,0.9482,0.71962,0.65674,0.61205,0.73056,0.82017,0.64603,0.66176,0.59195,0.3725,0.57946,0.36091,0.64499,0.55638,0.56566,0.43171,0.72892,0.73409,0.60031,0.34741,0.48776,1.0923,0.79661,0.33203,0.23406,0.27023,0.21292,0.30562,0.35598,0.44795,0.82971,0.75047,0.51638,0.55436,0.64817,0.78016,0.70306,0.29039,0.85911,0.66456,0.37345,0.47363,0.89125,0.29896,0.38894,0.54536,0.29455,0.70293,0.8323,0.25564,0.70784,0.50993,0.89847,0.58531,0.1654,0.28886,0.54969,0.39873,0.83066,0.35674,0.22852,0.66177,0.25993,0.59011,0.39696,0.33272,0.33064,0.67324,0.57299,0.54183,0.64865,0.56364,0.53515,0.41728,0.34928,0.38992,0.624,0.43793,0.25014,0.55784,1.1472,0.81142,0.86077,0.94347,0.50469,0.619,0.81758,1.1433,0.80118,0.72418,0.46959,0.41487,0.47014,0.83677,0.5876,0.42983,0.498,0.4993,0.47199,0.62509,0.31497,0.58778,0.50805,0.47603,0.63571,0.77537,0.42106,0.49956,0.87836,0.49397,0.42527,0.63014,0.47853,0.48691,0.75629,0.73794,0.83756,1.2733,0.50651,0.35717,0.52086,0.22815,0.34494,0.5714,0.5103,0.53457,0.65399,0.4566,0.53103,0.96656,0.53235,0.5029,0.80344,0.75118,0.61548,0.51031,0.3507,0.22149,0.39657,0.85689,0.88054,0.55488,0.76386,0.66391,0.93975,0.95311,0.66598,0.48758,0.56065,0.75303,0.52852,0.49303,0.34155,0.43762,0.77063,0.67319,0.42551,0.42531,0.52532,0.8959,0.53695,0.78012,1.0457,0.98325,0.63431,0.64519,0.50973,1.1465,0.78948,0.49269,0.28427,0.65111,0.95966,0.5606,0.2955,0.34972,0.7317,0.61603,0.39073,0.43152,0.7064,0.54344,0.27965,0.62095,0.80998,0.37769,0.6661,1.6336,0.67006,0.51557,0.69507,0.87705,0.54074,0.96072,0.8091,0.66597,0.73721,0.99443,0.87119,0.35896,0.75889,0.7332,0.66037,0.59765,1.014,0.73541,0.56362,0.60504,0.68669,0.72187,0.77996,0.46985,0.50837,0.61859,0.40672,0.56608,0.53001,0.51595,0.25632,0.33867,0.52761,0.76257,0.74023,0.46343,0.96074,0.45065,0.40218,0.32879,0.39106,0.55667,0.50887,0.91624,0.71225,0.7791,0.56343,0.41562,1.0573,0.48013,0.60052,0.38379,0.54266,0.41274,0.65839,0.54135,0.65447,0.55599,0.87358,0.36722,0.20607,0.78959,0.61598,0.55087,0.56397,0.43756,0.7899,0.23249,0.3944,0.74516,0.41432,0.55026,0.47978,0.52956,0.64254,0.50563,1.9712,0.54862,0.23259,1.08,0.83798,0.45466,0.54281
0.54018,0.29017,0.57389,0.7663,1.3572,0.45389,0.44481,0.54055,0.54075,0.68968,0.40069,0.60052,0.74102,0.82498,0.47513,1.6249,0.59072,0.20889,0.73239,0.55736,0.99386,0.61282,0.2135,0.42374,1.1609,0,0.61985,0.44561,0.74737,0.42132,0.53769,1.1477,0.47227,0.18124,0.35075,0.79761,0.89035,0.84325,1.4075,1.1281,1.0925,0.8162,1.8239,0.54454,0.48041,0.83989,0.70046,0.51816,0.60311,0.26051,0.76002,0.33575,0.55517,0.60054,0.88051,0.53123,0.39213,0.63812,0.60482,0.98233,0.47325,0.49864,0.68229,0.46212,0.77997,0.63458,0.36154,0.48095,0.39202,0.47673,0.77322,0.73743,0.66102,0.85802,0.92781,0.87322,0.46795,0.62714,0.5431,0.61873,0.31542,0.84976,0.48136,0.42491,0.63235,0.62142,0.6029,0.41177,0.60193,0.50498,0.62242,0.5445,0.33927,0.41835,0.22275,0.2138,0.63357,0.54787,0.76105,0.586,0.75335,0.7959,0.6436,0.80384,1.1993,0.55214,0.7574,0.37413,0.47932,0.93132,0.91304,0.64473,1.0645,1.3057,1.1387,1.1668,1.1211,0.29927,0.3185,0.76918,1.003,0.35913,0.74388,0.8145,0.48126,0.27984,0.50787,1.0927,0.31639,0.60694,0.68938,0.49445,0.38471,0.58297,0.63103,0.54989,0.36371,0.47563,0.89949,1.1262,0.62924,0.5545,0.41682,0.79682,0.31831,0.6251,0.8621,0.96205,0.90359,0.79268,0.6668,0.44342,0.72558,0.5378,0.35904,0.5925,1.1445,0.91566,0.95915,0.86932,0.4273,1.2136,0.53678,0.34711,0.39846,0.81585,0.33398,0.73959,1.0428,0.60832,0.55029,0.29601,0.66442,0.74903,0.57969,0.66022,0.44375,0.67114,0.37129,0.58008,0.61337,0.34056,0.71005,0.77522,0.49163,0.7829,0.58882,0.78478,0.61427,0.23441,0.35325,0.489,0.73093,0.93563,0.59875,1.1994,0.35034,0.59009,0.46819,1.0067,0.44917,0.44817,0.57894,0.64411,0.58391,0.47965,0.83992,0.81298,0.65614,0.68627,0.53261,0.5443,0.2326,0.43643,0.4026,0.41939,0.6509,1.1728,0.78913,0.62842,1.1827,1.0792,0.36233,0.67506,0.64958,0.20399,0.41008,0.61683,0.79782,0.90455,0.67695,0.45666,0.52633,0.97421,0.97575,0.44006,0.43276,0.54,0.81974,0.31147,0.32302,0.44887,0.47116,0.59434,0.4537,0.69511,0.821,0.59662,0.50026,0.59351,0.34831,0.71086,0.7569,1.2466,0.77196,0.62539,0.8329,0.99476,0.34756,0.80062,0.64165,0.43843,0.56413,0.66,0.53818,0.52397,0.99005,0.36876,0.62493,0.44901,0.42854,0.41105,0.55438,0.93947,0.29185,0.39491,0.7461,0.64908,0.50306,0.57769,0.53184,0.68403,0.26716,0.45674,0.93848,0.42219,0.78371,0.56129,0.66209,0.4638,0.70399,0.95139,0.64727,0.37274,0.65071,0.4563,0.62595,0.53555,0.49472,0.9595,0.8957,0.58791,0.41532,0.62757,0.44708,1.0108,0.80201,0.59781,0.39225,0.96512,0.51387,0.37261,0.95014,0.76337,0.56309,0.39333,0.46021,0.98222,0.75916,1.0895,0.53822,0.64411,0.5605,0.52551,0.52019,0.72501,1.1742,0.49922,0.2844,0.51001,0.71231,0.95711,0.70084,0.75735,0.71103,0.61812,0.39374,0.55402,0.81449,0.77121,0.34587,0.23056,0.4455,0.50776,0.4603,0.70846,0.7482,0.6471,0.40341,0.99756,0.79149,0.37321,0.38459,0.69543,0.37486,0.96859,0.66472,0.61574,0.38585,0.85043,0.67862,0.5393,0.73051,0.60829,0.42014,0.20644,0.66746,0.62637,0.43611,0.47768,0.85209,0.44766,0.85519,0.5737,0.52982,0.95176,1.0183,0.34441,0.45349,0.55686,0.67039,0.88151,1.0719,0.92656,0.97749,0.5168,0.52732,0.71254,0.78599,0.30418,0.48504,0.36696,0.43449,0.83867,1.3452,0.8081,0.80071,0.70569,1.0115,1.7511,0.36409,0.44006,0.579,0.41616,0.47403,0.54868,0.5499,0.93392,0.50243,0.60147,0.53297,0.41262,0.60788,0.65613,0.42538,0.60777,0,0.16086,0.37449,0.56412,0.67397,0.52379,0.6954,0.31387,0.16898,0.61818,0.7821,1.2348,0.83942,0.59604,0.96856,0.60728,0.51186,1.8234,0.34141,0.48385,0.39126,0.53227,0.52336,0.51995,0.70446,0.66838,0.99777,0.77864,0.51888,0.35588,0.76442,0.43849,0.27298,0.5694,0.50028,0.59076,0.41081,0.3328,1.3562,1.1806,0.59106,0.665,1.2567,0.44404,0.51373,0.3736,0.45195,0.77267,0.36632,0.21858,0.44794,0.58637,0.93722,0.67095,0.50864,1.5529,0.30255,0.67495,0.89922,0.55698,0.36039,0.34011,0.45913,0.62136,1.0951,0.90079,0.38123,0.44087,0.31835,0.3593,0.33613,1.5568,0.39868,0.80173,0.38584,0.89683,1.2516,0.95202,0.35159,0.40692,0.59517,0.34192,0.54569,0.42181,0.95869,0.58245,0.8018,0.83102,1.127,1.0489,0.5479,0.82046,0.71054,0.59788,0.8014,0.54317,0.43814,0.68502,0.36269,0.49447,0.43899,0.54461,0.56684,0.78006,0.49857,0.26608,0.47107,0.8402,1.8225,0.58962,0.31945,0.58706,1.1872,0.98518,0.52813,0.55545,0.5176,1.5553,1.0828,0.49038,0.28929,0.32581,0.45474,0.40063,0.7454,0.52925,0.53257,0.39724,0.6736,0.83343,0.65624,0.9406,0.98284,1.3031,0.93351,0.68257,0.92112,0.77765,0.71878,0.54357,0.57818,0.72271,0.40953,1.2646,0.46874,0.56858,0.56057,0.35546,0.87019,0.67028,0.35087,0.46973,0.42672,0.88494,0.78943,0.39475,0.49265,1.1624,0.35452,0.45104,0.58007,0.28572,0.78657,0.87851,0.78754,0.80445,1.4667,1.2246,0.91283,0.4227,0.61857,1.0073,0.62376,0.53888,0.77933,0.84682,1.0142,1.1766,0.56273,1.1794,0.69619,0.70731,0.48146,0.82884,0.7807,0.84504,0.44383,0.79401,1.2227,0.65601,0.64858,0.2993,0.54477,0.47854,0.38624,1.2184,1.267,0.47627,0.97458,1.0846,0.51633,0.22242,0.48167,0.81669,1.3843,0.47568,0.4546,0.37069,0.534,0.54626,0.42038,0.37314,0.44494,0.57071,0.79567,0.58961,0.40338,0.44557,0.3609,0.65604,0.42242,0.38154,0.66933,0.34754,1.0759,1.0703,0.93965,0.8101,1.1118,0.93393,0.64608,0.66935,0.33938,0.51165,0.78072,0.46712,0.76504,0.65229,0.79423,1.0838,0.38693,0.33906,0.50486,0.4728,0.4008,0.49084,0.54463,0.44604,0.75762,0.28779,1.0736,0.88096,0.59595,0.40961,0.71599,0.66565,0.77749,0.4222,0.87801,0.64354,0.3339,0.55951,0.52588,0.66435,0.56184,0.54809,0.62009,0.37911,0.608,1.1357,0.76753,0.51682,0.72686,0.4712,0.47117,0.77033,0.27232,0.61784,0.81316,0.57795,0.51608,1.0598,0.72344,1.0019,0.74746,1.1554,0.39283,0.60068,0.70185,0.41406,0.64493,0.75739,0.87063,1.0597,0.70337,0.39431,0.43512,0.90016,0.25396,0.7552,0.28058,0.78835,0.5027,0.53711,0.42249,0.69043,0.66098,0.45441,0.8408,0.68756,0.44822,0.43958,0.85426,0.48437,0.45181,0.77469,1.5852,0.54873,0.53968,0.85107,0.36501,0.46456,0.49971,0.45934,0.66263,1.0671,0.58638,0.86877,1.2452,0.58358,0.69559,0.60185,1.0738,0.60553,0.40745,0.65566,0.52289,0.91047,0.42653,0.92358,0.80344,0.3416,0.83727,0.53276,0.87699,0.67314,0.80534,0.37839,0.5272,0.57253,0.36346,0.33656,0.71142,0.79611,0.3578,0.57933,0.43386,0.55755,0.54388,0.51215,0.38756,0.61626,0.49892,0.59604,0.73972,0.78473,0.87072,0.36019,0.84784,0.67146,0.40386,0.52135,1.2583,0.61979,1.0848,0.97434,0.76472,0.47093,0.81405,0.59934,0.40005,1.1095,0.55542,0.91959,0.9316,1.3227,1.1588,0.64653,0.38617,0.47014,0.32194,1.2932,1.7751,1.4774,0.58237,0.87828,0.55762,0.54851,0.64116,0.32756,0.12838,0.83317,0.23747,0.37324,1.0888,0.98247,0.68165,0.55358,0.77271,0.61786,0.45202,0.54267,0.4924,0.57226,0.52861,0.28465,1.0998,0.48289,0.27373,0.61956,0.62538,0.44538,0.61898,0.30138,0.53526,0.88394,0.6421,0.81018,0.71336,1.4426,0.2165,0.95606,0.32674,0.78281,0.5229,0.78161,0.41425,0.58531,0.4457,0.45846,0.41305,0.44633,0.65456,0.67009,0.80338,0.68363,0.31836,0.46324,0.31077,0.34192,0.92006,0.38573,0.51023,0.47367,0.47053,0.95988,0.69057,0.37971,0.56079,0.64887,0.84488,0.71184,0.57479,0.23357,0.53461,0.32064,0.52883,0.64353,0.27977,1.2731,0.78984,0.7327,0.54487,0.28979,0.51643,0.45333,0.75084,0.66166,0.41299,0.35234,0.42627,0.40304,0.72758,0.51937,0.53851,0.6458,0.487,0.44892,1.1115,0.9828,0.45975,0.88313,0.69908,0.82771,0.83891,0.50248,0.27326,0.47855,0.70833,0.59343,2.0127,0.47166,1.1351,0.59803,0.8231,0.93088,0.55349,1.4062,0.8577,0.73907,0.96412,0.73145,0.82572,0.46824,0.76221,0.41098,0.78054,0.85884,0.70523,0.6231,1.1041,0.5866,0.95336,0.48042,0.85255,0.5922,1.4123,0.80792,1.1625,0.38321,0.40412,0.56319,0.34072,0.73547,0.62506,0.82571,0.44819,0.64893,0.49242,0.50831,0.63695,0.42657,0.4327,0.45898,1.0648,0.46127,0.59066,0.67509,0.98177,0.37759,0.507,0.41672,0.25309,0.34282,0.23981,1.0711,0.93663,0.88283,1.1108,0.97459,0.82174,0.81062,0.65886,0.57941,0.88153,0.43642,0.86964,1.0367,0.56252,0.51544,0.35222,0.47453,0.60985,0.44824,0.69546,1.0267,0.52623,0.75946,0.73866,0.47048,0.54716,0.32125,0.30319,1.0399,0.61073,0.85734,0.98527,0.66801,1.0909,0.48807,1.1829,0.70497,1.2259,0.86418,0.53172,0.51061,0.5655,0.32396,0.56214,0.31492,0.57122,0.58012,0.42086,0.3414,0.43283,0.43017,0.49171,0.55031,0.56516,1.07,0.62389,0.50643,0.68952,1.0239,0.83014,0.78553,0.40557,0.74017,0.48536,1.087,0.68595,0.93965,0.76691,0.39451,0.58371,0.17596,0.43591,1.2434,0.56975,0.42622,0.40335,0.57299,0.41053,0.97757,0.29457,0.60342,0.83422,0.41355,1.0084,1.3286,1.0941,0.79211,0.88062,0.40618,0.34506,0.53766,0.56373,0.5494,0.60399,0.6919,0.18982,0.56338,0.55101,0.98843,0.69102,0.45668,0.55767,0.48682,0.60001,0.42606,0.57558,0.75329,1.0402,0.35341,0.53455,0.68164,0.22256,0.61272,0.66387,0.68653,0.67774,0.58643,0.45254,0.3965,0.43584,0.7232,0.47176,0.26343,0.49064,0.3336,0.44545,0.71877,0.96206,0.67602,0.71774,0.81109,0.82378,0.84046,0.66687,0.82367,0.41778,0.93349,0.54024,0.85943,1.049,0.95846,0.45713,0.58401,0.66852,0.65268,0.36012,0.86743,0.54203,0.64393,0.59524,0.61074,0.77363,0.34324,0.92845,0.6633,0.35061,0.55208,0.373,0.43535,1.2103,0.76198,0.47771,0.45305,0.45602,0.58282,0.7151,0.88086,1.188,0.33866,0.36886,0.65785,0.39009,0.91924,0.64356,0.69626,0.47106,0.70226,1.9823,1.0321,0.68155,0.58108,0.94543,0.55316,0.74006,0.57229,1.0352,0.86399,0.59224,0.65007,1.0121,1.0144,0.48524,0.75153,0.79783,0.66067,0.51516,0.53489,0.52344,0.59869,0.49978,0.38098,0.4418,0.39809,0.41296,0.32792,0.93267,0.52031,0.50712,0.76088,1.3463,0.47113,0.73684,0.61259,0.45002,0.97389,0.88468,1.0714,0.79726,0.61363,0.37114,0.81052,1.2053,0.37113,0.49112,0.81974,1.2188,0.46649,0.80894,0.7692,0.65869,0.67058,0.60002,0.76816,0.82742,0.83382,0.41114,1.0048,0.60577,0.61762,0.76052,0.48456,0.99628,0.61856,0.46446,0.74447,1.3878,0.42229,0.40746,0.86876,0.35348,0.51754,0.57757,0.60644,0.61624,0.77508,1.148,0.48373,0.37936,0.52584,0.7128,0.39581,0.29436,0.53714,0.93026,1.1772,1.0691,1.3142,0.64668,0.40949,0.37576,0.43829,0.59596,0.55935,0.29777,0.56298,0.56536,0.44268,0.61855,0.43565,0.2967,0.72869,0.94152,1.2823,0.6665,0.5382,0.63044,0.59683,0.95946,0.50773,0.52214,0.44042,0.59814,0.39032,0.86329,0.41735,0.46209,0.35688,0.74286,0.90847,0.78577,0.8109,0.85324,0.68643,0.24971,0.15329,0.95122,0.5188,0.37102,0.37149,0.39718,0.42315,0.37843,0.43737,0.50199,0.71937,0.63616,0.97667,0.33766,0.49709,0.39527,0.60069,0.87551,0.85016,0.63267,0.71056,2.3023,0.5981,0.32721,0.31586,0.66582,0.42414,0.97041,0.87254,0.71847,0.43174,0.48392,0.32997,0.32251,0.5419,0.82924,0.60162,0.57354,0.68989,0.63973,0.26161,1.1633,0.95541,0.88302,0.57993,0.68378,0.60867,0.62068,0.3834,0.26202,0.53353,0.79169,0.53387,0.74322,0.21093,0.54319,0.56094,0.429,0.30291,0.55867,0.45943,0.77562,0.49478,0.54536,0.58379,1.3221,0.35624,0.26437,0.48061,1.0938,1.4417,0.70896,0.89526,0.49874,0.69797,0.55774,0.60035,0.69823,0.37755,0.82219,0.43043,0.81578,0.44192,0.52393,0.53106,0.59538,0.31111,0.70178,0.62486,0.47021,0.54163,0.29988,0.39857,0.76083,0.40803,0.52162,1.3396,0.54744,0.584,0.54721,0.54345,0.76011,0.35946,0.29767,0.50351,0.49704,0.79896,0.20723,0.30839,0.63826,0.45381,0.68472,0.46853,0.8221,1.4039,1.4601,0.82913,0.47385,0.41171,0.80051,0.71106,0.51208,0.64816,0.70948,0.54368,0.76266,0.8078,1.2142,1.0294,0.35381,0.5185,0.47014,0.38999,0.46904,0.46792,0.47331,0.62766,0.64283,0.72582,0.56343,0.71745,0.99158,0.64189,1.0195,0.73095,0.5448,0.7828,0.54139,0.53251,0.61161,0.59353,0.54076,0.82267,0.73651,0.54714,0.32338,1.0618,0.52126,0.15347,0.30775,0.3216,0.62376,0.62051,0.76967,0.34959,0.33393,0.35431,0.61612,0.67361,0.79114,0.69606,1.3979,0.67985,0.6396,0.54507,0.67723,0.72914,0.67683,0.53132,0.64846,0.6861,1.0472,0.47601,0.61012,0.52301,0.43102,0.63566,0.26227,0.79242,0.92508,0.58691,0.71667,0.72777,0.48984,0.4061,0.52253,0.52679,0.50646,0.46821,0.36782,0.47261,0.52788,0.76727,0.42361,0.51401,0.18874,0.59017,1.0005,0.76408,0.23258,0.65788,0.75331,0.8332,0.80845,0.55276,0.82108,0.9369,0.88378,0.73832,0.63826,1.0808,0.47727,0.49457,0.32761,0.79195,0.61965,0.56199,0.62409,0.37358,0.40843,0.7422,0.51604,0.50507,1.0529,0.64301,0.40961,0.67697,0.50231,0.38197,0.54895,0.63457,0.66526,0.9475,0.77724,0.41077,0.52112,0.29118,0.71921,0.80522,1.0979,0.57895,0.49171,0.67937,0.8342,0.84796,0.71999,0.60492,0.29471,0.53026,0.40838,0.46565,1.0882,0.68445,1.2553,0.70695,0.57649,0.65023,0.49638,0.53501,1.0098,0.41223,0.70879,0.63737,0.48539,0.57321,0.36937,0.3235,0.42401,0.71972,0.49709,0.99875,0.53371,0.391,0.43289,0.45437,0.62242,0.44433,0.62285,0.90696,0.80358,0.32813,0.85858,0.44969,0.52509,0.44206,0.80688,1.0198,0.46394,0.71592,0.64895,0.92196,0.89474,0.40094,0.39305,0.32494,0.61895,0.53815,0.35654,0.4788,0.59895,0.49867,0.39607,0.8045,0.35622,0.54779,0.94113,1.0544,1.249,0.61695,0.40017,0.49992,0.32283,0.68102,0.38184,0.39221,0.44309,0.47055,0.46237,0.36068,0.51838,1.0305,0.70665,0.32609,0.51471,0.40307,0.87612,0.78114,0.88265,0.51912,0.5139,0.55748,0.57019,0.43054,0.34543,0.14563,0.49229,0.47401,0.82478,0.77772,1.3477,0.89495,0.66153,0.5915,0.7569,0.43092,0.72186,0.65616,0.66144,0.59256,0.66027,0.48974,0.53158,0.25432,0.44563,0.7537,0.81541,0.74575,0.91245,0.64727,0.38152,0.41136,0.32686,0.39106,0.60628,0.46452,0.37885,0.72519,0.25104,0.28504,0.55733,1.1934,0.82565,0.48605,1.0851,0.83057,0.97206,0.63305,0.46005,1.1774,0.50069,0.69214,0.84484,1.2348,0.77328,0.75784,0.26399,1.611,0.68106,1.2917,0.71542,0.41957,1.2548,0.35859,0.73267,0.9349,0.42505,0.71913,0.58423,1.2986,0.74327,0.72091,0.1602,0.33498,0.45379,1.15,0.83676,0.82839,1.0895,1.5626,0.48093,0.84391,0.70272,0.504,0.63273,0.37912,0.52237,0.42063,0.45665,0.3701,0.84345,0.31312,0.56028,0.56994,0.94389,0.73984,0.65356,0.38621,0.44159,0.65309,0.98361,1.3991,0.78806,0.50583,0.72032,0.8126,0.72987,0.78316,0.92515,0.46651,0.58095,0.27976,0.32804,0.45607,0.36771,0.23077,0.83375,0.52473,0.52303,0.82083,0.72459,0.7027,0.53157,0.33305,0.38539,0.35375,0.29505,0.20646,0.79229,1.4529,0.49865,0.4975,0.54177,0.32821,0.39348,0.85765,0.55196,0.35366,0.5693,0.84828,0.8412,0.39209,0.78889,0.69314,0.579,0.61691,0.49585,0.61056,0.41477,0.36829,0.78104,0.61307,0.48757,0.57874,0.54796,0.54489,0.74322,0.37022,0.37881,0.39086,0.84376,0.65636,0.97153,0.66168,0.39754,1.171,0.43687,0.47587,0.48814,0.76407,0.63499,0.90472,0.50449,0.24634,0.61248,0.3044,0.54793,0.49896,0.55787,0.74413,0.3604,0.46562,0.43882,0.91676,0.33919,0.52503,0.3367,0.6108,0.37963,0.88427,0.66597,0.87229,0.9325,0.6682,0.83429,0.74443,0.47035,0.94556,0.35389,0.31081,0.69929,0.61213,0.5897,0.95156,0.31552,0.63291,0.67247,0.49855,0.42998,1.1295,0.73329,0.71222,0.45192,0.94788,0.65614,1.154,0.93457,0.71363,0.69434,0.58525,0.45384,0.28695,0.38242,0.39447,0.28384,0.73385,0.5003,0.59985,0.50607,0.77642,0.64774,1.3139,0.68108,0.57363,1.009,0.21732,0.25656,0.51022,0.74276,0.84662,0.86699,0.36291,0.29849,0.69943,0.58708,0.5151,0.97579,0.52772,0.99233,0.85981,0.69094,0.60353,0.65812,0.46179,0.64036,0.55172,0.29861,0.5243,0.37284,0.52324,0.75283,0.86131,0.76253,0.40258,0.30157,0.28488,0.54974,0.70063,0.41907,0.21038,0.22981,0.62095,0.82774,0.73921,0.34958,0.32247,0.37405,1.2153,0.61144,0.73192,0.50313,0.40305,0.33357,0.468,0.71904,0.70311,1.1776,0.71198,0.98989,1.0217,0.90876,0.31895,0.7264,1.0959,0.75027,0.60074,0.33452,0.35584,0.72002,0.59607,0.57565,0.53717,0.76076,0.61554,1.6168,0.69335,0.42497,0.45398,0.67702,0.5363,0.52321,0.92451,0.49914,0.33531,0.5639,0.40943,0.58931,0.46497,0.35781,0.52413,0.31078,0.98061,0.51202,0.62082,0.42314,0.36284,0.89993,0.56494,0.33844,0.75594,0.5242,0.3998,0.81099,0.83462,0.57478,0.5232,0.54639,0.8885,0.42633,0.81475,1.0222,0.62512,0.63,0.51965,0.53806,0.29735,0.35889,0.35122,0.8375,0.79946,0.84708,0.56574,0.6744,0.77921,0.61776,1.2576,0.6617,0.76734,1.2035,0.86174,0.44742,0.4402,1.4825,0.41109,0.6803,1.2621,0.80272,1.1288,0.88347,1.7495,0.60201,0.87919,0.58014,0.51965,1.2952,0.34592,0.49641,0.57792,0.50467,0.42943,0.6248,0.70273,0.60874,0.4924,0.70503,0.21954,0.36787,0.49773,0.60682,0.43427,0.84171,0.83155,0.94751,0.51143,0.57337,0.2355,0.27828,0.44046,0.52736,0.50523,0.61395,0.4661,1.2399,0.8252,0.94247,0.53585,0.78123,0.50092,0.59972,0.64737,0.42832,0.50708,0.44462,0.78022,0.31959,0.94116,0.46694,1.4506,0.58421,0.41303,0.62508,0.44466,0.52425,0.58872,0.65834,0.61349,0.62385,0.97173,0.6111,0.96544,0.54251,0.48322,0.87576,0.49458,0.71643,0.71255,0.25431,0.28814,1.4347,0.8752,0.64747,0.41398,0.39182,0.37178,1.3409,0.52326,1.0671,1.1509,0.34409,1.0435,0.89916,1.0492,0.41213,0.63122,0.25746,1.4677,0.425,0.50712,0.57879,0.48405,0.72663,0.43715,0.59275,0.89212,0.34646,0.40698,1.1259,0.81911,0.92458,0.67962,1.1927,1.3066,0.30182,0.63299,0.59007,1.0719,0.94831,0.46675,0.49157,0.92624,0.59576,0.93062,0.27491,0.74615,0.56766,0.61447,0.59647,0.4247,0.79381,0.57972,0.19612,1.0592,0.20248,0.52158,0.5109,0.72702,0.62812,0.57845,0.2424,0.44783,0.77946,1.1642,0.56544,0.67007,0.82203,0.54194,0.79089,0.34445,0.90576,0.47558,0.62376,0.64681,0.6552,0.73302,0.55014,0.66145,0.53642,0.63127,0.76321,1.0785,0.80612,0.71036,0.34959,0.41174,0.22982,1.1275,0.49459,0.52675,0.53304,0.88672,0.40793,0.44801,0.31906,0.58981,0.74363,1.0414,0.47074,0.52846,0.6125,0.56011,0.71248,0.47222,0.80812,1.0166,0.80121,0.43879,0.47339,0.39063,0.47399,0.97536,0.89576,0.60226,0.60611,0.23165,0.79075,0.40835,0.46211,0.51472,0.88888,0.43642,0.94788,0.7997,0.71063,1.4359,0.44895,0.68013,0.5729,0.67155,0.40199,0.2863,0.50745,0.70604,0.96785,1.4121,0.41061,0.37792,0.85667,1.5018,0.70869,0.78288,0.51519,0.34006,0.8671,1.1616,0.59382,0.77888,0.57925,0.91922,1.7585,1.1644,0.75458,0.57531,0.71863,0.49281,0.81463,0.86305,0.97785,0.27247,0.74189,0.71821,0.80636,0.61274,0.53549,0.6728,0.74549,0.47677,0.65019,0.95785,0.61483,0.72696,0.97623,1.1069,1.0025,0.51816,0.33336,0.70243,0.30222,0.72686,0.39439,0.51358,0.84475,0.60243,0.54077,0.90914,0.86126,0.60578,0.46775,0.75806,0.60752,0.92116,0.72491,0.95306,0.45483,0.91638,0.87754,0.49219,0.40738,1.8866,0.8905,0.40696,0.34413,0.48365,0.41583,0.13999,0.40575,0.78341,0.3218,0.80279,0.75212,0.45423,0.62304,1.3578,1.3031,0.95997,0.39821,0.63333,0.50241,0.75192,0.69299,0.85328,0.62097,0.58853,0.78697,0.41807,0.50252,0.44439,0.27235,0.34912,0.4461,0.44469,0.26303,0.7518,0.74442,0.35479,0.29932,0.23459,0.57217,0.58265,0.4016,0.51694,0.57989,0.68598,0.38926,0.43534,0.77608,0.98433,0.8743,0.35317,0.38226,0.65142,0.4257,0.80678,0.36627,0.38096,0.97494,0.59943,0.6769,0.76939,0.65898,0.26233,0.45533,0.95578,0.6086,0.54177,0.54532,0.49915,0.594,0.49003,0.49731,0.37634,0.49279,0.83242,0.55712,0.31804,0.46607,0.38418,0.5382,0.58425,0.70662,0.45241,0.64244,0.41988,0.94976,1.435,0.3731,0.38711,0.54843,0.7593,0.6786,0.80839,0.60568,0.45885,0.63179,0.41044,0.65582,0.66812,0.2005,0.5004,0.38642,0.49725,0.67792,0.5828,0.97786,0.78775,0.55854,0.68114,0.62818,0.55379,0.58302,0.3921,0.46224,0.53283,0.68829,0.40579,0.35488,0.58931,0.40582,0.33647,0.5719,0.32138,0.45648,0.53597,0.65012,0.48982,1.141,0.43592,1.2702,0.40202,0.66359,0.44559,0.31811,0.62515,0.39967,0.47847,0.68419,0.58391,0.46953,0.75018,1.3329,0.38042,0.61085,0.52743,0.63866,0.76512,0.46492,0.62784,0.70366,0.89614,0.74554,0.45307,0.60157,0.42357,0.2754,0.16271,0.51072,0.57213,0.46448,0.85718,0.33685,0.75493,0.28059,0.5755,0.46758,0.46341,0.80336,0.85369,1.0289,0.69636,0.40713,0.63021,0.60359,0.89146,0.41295,0.74728,0.93939,0.34647,1.0742,0.75937,1.3215,1.052,0.62642,0.74832,0.503,0.34871,0.63241,0.12625,1.171,1.1514,0.81209,0.8315,0.70442,0.76514,0.47299,0.3262,0.75732,1.2042,0.82159,0.44846,0.66727,1.1105,0.53304,0.52948,0.35071,1.2243,0.27732,0.48338,1.8919,1.3552,0.99589,0.68358,0.52751,0.54363,0.86529,0.53282,0.62851,0.57396,0.40176,0.70612,0.56821,0.42212,1.5689,0.83692,0.82756,0.3312,0.63771,1.7051,2.204,1.0976,0.50877,0.36509,0.78031,0.60187,0.53733,0.32622,0.66199,0.51479,0.48461,0.43835,0.99368,0.58152,1.353,0.4943,0.64022,0.7382,0.42827,0.58514
1.3081,0.231,0.4658,1.06,0.34145,0.38098,0.41477,0.84697,0.68971,0.69563,0.36072,0.36098,0.48887,1.7794,0.4141,1.2318,0.75923,0.37051,0.65942,1.0711,1.4722,0.72931,0.43343,0.56364,0.59327,0.45876,0.71318,0.2499,0.71297,0.43827,0.94261,1.0703,0.53884,0.28704,0.38248,0.49524,0.46559,0.59766,1.3007,0.45129,0.46699,0,0.39782,1.099,0.24437,0.26981,0.18624,0.83408,0.7252,0.45436,0.20091,0.2706,0.602,0.24263,1.0271,0.71935,0.9979,0.57306,0.56127,0.4182,0.5358,0.71226,0.29127,0.63575,1.2147,1.0017,0.48777,0.51319,0.53747,0.55285,0.57606,0.65285,0.60318,0.63315,0.42256,1.1203,0.52676,1.1653,0.57942,1.0956,0.58513,1.0274,0.8748,0.24596,1.1719,0.62211,0.55118,0.36595,0.39262,0.81259,0.48015,0.40365,0.38914,0.27685,0.51731,0.70078,0.65786,0.27092,0.3078,0.37856,0.52785,0.53951,0.47457,0.73003,0.91674,0.40004,0.54034,0.70161,0.57594,0.42481,0.45158,1.3742,0.78271,1.7309,1.0509,1.6591,0.7889,0.32835,0.64004,0.73257,0.89496,0.74312,0.95235,0.5906,1.1208,0.41115,0.69035,1.5327,0.68278,0.4607,0.67665,0.79218,1.0197,0.6203,0.68142,0.47157,0.59535,0.77063,1.033,0.78522,0.26016,0.33169,0.51981,0.23964,0.64297,0.78363,0.39653,0.78651,0.86081,0.21424,0.74542,0.36911,0.97169,0.35763,0.21545,0.5882,0.57504,0.63319,0.94452,0.84094,0.46583,0.73671,0.70787,0.4855,0.679,1.2476,1.2518,0.71378,0.64579,1.6741,0.38927,0.81448,0.71606,0.58529,0.61856,0.37471,0.91276,0.51429,0.91351,0.53552,0.88395,0.96379,0.38014,0.70688,0.93068,0.7084,0.65342,0.79011,0.58788,0.32955,0.74848,0.78735,0.63807,0.66218,0.883,0.82711,0.84596,0.59484,0.77471,0.39346,0.55326,0.49021,0.50036,0.33235,0.51695,0.88001,1.2363,0.23455,0.48577,0.32368,0.45704,0.78832,0.71372,0.85737,0.68929,0.90974,0.79543,0.53107,0.7512,0.95386,0.72685,0.84087,0.47823,0.63321,0.82091,0.84549,1.4124,0.3075,0.23343,0.53562,0.75935,0.47753,0.71116,0.87533,0.5497,0.31112,1.2,0.83708,1.2077,0.48346,0.38139,0.5544,0.89522,0.92152,0.41893,0.31544,0.30303,0.48226,0.15947,0.32811,0.62813,0.49075,1.2421,0.52141,0.55408,0.51489,0.91562,1.1298,1.0223,1.0022,0.37355,0.93788,2.9322,0.68535,0.95968,0.60278,1.144,1.0948,0.22266,0.64272,0.49613,0.4988,0.57587,0.73637,0.45446,0.73209,1.5887,0.42262,0.42799,0.75929,0.37321,1.4033,0.98837,0.67921,0.55627,0.94141,0.50993,1.3019,0.61215,0.44562,0.48998,0.92412,1.0487,0.45872,0.55151,0.72205,0.52789,0.78083,0.59203,0.79734,0.999,0.90755,0.90445,1.0021,0.91071,0.60335,1.0122,0.53575,0.87962,0.7166,0.53242,0.57859,0.59145,0.78673,1.1887,0.47731,0.9752,0.68652,0.57669,0.9149,0.92289,0.37219,0.5353,0.42622,0.45853,0.47939,0.94196,0.53851,0.3087,0.39816,1.0231,0.4443,0.89726,0.52649,0.91398,0.53112,0.49252,0.63024,0.48381,0.56623,0.56388,0.65439,0.93508,0.60555,0.69084,0.88415,0.70922,0.82452,0.95481,0.52007,1.219,0.3803,0.41401,0.32885,0.64564,0.57305,1.1133,1.1366,0.62243,0.62839,0.66763,0.61604,0.38187,1.0253,0.25975,0.27209,0.32673,0.33665,0.39998,0.95607,0.91166,0.67247,0.52523,0.55557,0.60343,0.93628,0.86437,0.70294,0.72046,0.84171,3.1695,0.63735,0.36272,0.59093,0.42387,0.8076,1.2652,1.1239,0.58921,0.58661,0.35696,0.17273,0.35645,0.72538,0.92029,0.70193,0.4593,0.84094,0.41881,0.63386,0.38644,0.49284,0.36781,0.4761,0.90957,1.0008,0.34206,0.57753,0.402,1.4873,0.8181,0.54595,1.4802,0.13159,0.34066,0.60984,0.9883,0.62013,1.1491,1.8192,0.23309,0.61181,0.88314,0.40469,0.19612,1.2576,0.80086,1.014,0.7297,1.0166,0.76674,0.42231,0.62641,0,0.5517,0.51965,0.71852,1.0053,0.80219,0.57918,0.3336,0.63406,0.95781,1.1891,0.14901,1.028,1.4865,1.0424,0.32321,0.71786,0.48781,0.67329,0.38784,0.11132,0.57221,1.1373,0.34381,0.72952,0.42404,0.96606,0.84189,0.49255,0.5844,0.31149,0.66594,0.14998,0.43434,0.26771,1.23,0.94006,0.53127,0.39649,1.2857,0.61188,1.2266,1.103,1.2598,0.63767,0.42583,0.31265,1.199,0.83326,0.95067,0.96201,0.49321,0.61266,0.69325,0.70205,0.73155,0.76621,0.70114,1.0079,0.946,0.65825,0.49097,0.91254,0.546,0.34223,0.61114,0.81004,0.45321,0.51519,1.289,0.15694,0.90074,1.758,0.82151,0.8206,0.58037,0.86239,1.1314,0.6488,0.42877,0.59583,0.72502,0.85145,0.65714,0.34368,0.5535,0.7754,0.58995,0.43714,0.80175,0.93685,1.1341,0.97989,0.65754,0.88279,0.79788,1.1354,0.42135,1.2847,0.17244,0.70955,0.92482,0.68958,0.64122,0.35859,0.86492,0.585,0.74855,0.40791,0.58095,0.4684,0.45067,0.64963,0.51854,0.84782,0.31971,0.6556,0.8141,0.53967,0.3872,0.70024,0.4938,0.52336,0.42231,0.30143,0.59981,0.66175,0.36389,0.51259,0.46797,0.20194,0.67513,1.1658,0.88986,0.68523,0.608,0.77216,1.4074,0.52302,0.42639,0.43398,0.78102,0.82744,0.46166,0.29702,0.796,0.82607,0.54446,0.43013,0.52963,0.84635,0.53129,0.84331,1.5656,0.83153,0.94453,0.53058,0.56639,0.62301,0.72991,0.91826,0.84761,0.49739,0.522,0.73036,0.39482,0.58673,0.88155,0.54739,0.39902,0.7828,1.1304,0.6344,0.78711,0.75276,0.27422,0.6646,0.3425,0.42865,1.2108,0.67557,0.51158,0.32361,0.63434,0.39203,0.34442,0.78208,1.1549,0.52307,0.81401,0.38234,0.23763,0.55525,0.5297,0.41471,0.42697,0.76278,0.48797,0.42021,0.38822,0.48105,0.64288,0.80501,1.1776,0.53975,0.49223,0.36744,0.40807,0.66808,1.268,0.99459,0.65338,1.0065,0.82313,1.1061,0.47293,0.37822,2.2539,0.96582,0.85574,0.76155,0.53555,0.51788,0.47531,0.3787,0.24972,0.4608,0.41687,0.30004,0.56791,0.62014,0.56783,0.5256,1.2698,0.24165,0.6464,0.75006,0.52724,0.94376,0.5954,0.71039,0.32348,0.43419,0.2315,0.69882,0.34591,1.6292,0.90252,1.0936,0.14863,0.35096,0.99058,1.4265,0.73399,0.66682,0.55972,0.29189,0.57948,0.8059,0.64529,0.36648,0.76586,0.36383,0.69782,0.18418,1.0541,0.74527,0.56969,0.73646,0.64485,0.28524,0.55084,0.41354,0.2661,0.29197,0.68569,1.219,0.8764,0.89991,0.58166,0.53822,0.28372,0.55786,1.2658,0.63146,1.1775,1.0161,0.53826,0.31738,0.86045,0.31501,0.50928,0.29932,0.43457,0.65624,0.92501,0.93838,0.75295,0.80103,1.1158,0.53898,0.54941,0.42133,0.1949,0.52271,0.95836,0.68908,0.62812,0.44423,1.4428,0.70071,0.51548,0.90008,0.80519,0.37055,0.54476,0.21992,0.31588,0.72013,0.94666,0.69546,0.53683,0.86012,0.53516,0.90088,0.68878,0.43688,0.47823,0.537,0.6453,0.87099,0.66369,0.56022,0.32516,0.39844,0.45162,0.56207,0.45145,0.20922,0.58693,0.30861,0.95482,0.74336,1.1213,0.43352,0.30984,0.29133,0.65791,1.2246,2.3696,1.2341,0.81596,0.40975,0.70116,0.74053,1.3065,0.97428,0.58515,2.5457,0.62701,0.63872,0.53504,0.3265,0.74148,0.93619,0.53067,0.7273,1.6036,0.61792,1.6376,0.27474,1.0455,0.50883,1.5042,1.2017,1.4129,0.53402,0.47717,1.0428,0.58723,0.84188,0.29368,0.38056,0.47112,0.34416,1.0338,0.52388,0.74343,1.6495,0.99672,0.50692,0.38828,0.40443,0.43485,1.0763,0.25065,0.29758,0.47794,0.98872,0.24421,0.88842,1.157,1.1812,0.71402,0.29075,0.65267,0.22983,1.5266,0.5901,1.8296,0.74735,1.053,0.70469,0.64901,0.56981,0.6618,0.64336,0.35481,0.51607,0.50269,0.37205,0.16617,0.4187,0.47418,1.2467,0.70271,0.64898,0.59128,0.65204,0.35996,0.72067,0.5171,0.3108,0.49328,0.94597,0.99562,0.809,0.70012,0.62537,0.52892,0.63418,0.33696,0.53088,1.1322,0.40973,0.27348,0.67617,0.71058,0.24035,0.76956,0.50784,0.55109,0.73802,0.81627,0.96726,0.39297,0.33393,0.47011,0.76294,0.63432,0.4835,0.62439,0.75992,0.66524,0.71154,0.76967,0.86872,0.59908,0.99864,0.6497,2.2627,0.53928,0.80415,0.35387,0.84172,1.166,0.8161,1.309,0.86543,0.62805,0.49784,0.49039,0.96846,0.66322,0.59395,0.47504,0.60458,1.3808,0.6532,0.28911,1.0676,0.75215,0.5039,0.94673,0.96637,0.82157,0.86067,0.9804,0.67548,0.75574,0.9375,0.42031,0.4756,0.77477,1.1616,0.87133,0.74534,0.33096,0.29769,0.77461,0.93745,1.0874,0.76737,0.64727,0.55773,0.51604,0.89189,0.63441,0.86496,0.77716,0.95657,0.58935,1.3094,0.72355,0.91067,0.50134,0.42557,0.65961,0.6189,1.0925,0.95244,0.94372,0.53763,1.4853,0.27784,0.69798,0.75941,0.41438,0.68168,1.1141,0.44709,0.43345,1.1713,2.8708,0.66655,0.59509,0.51795,0.49463,0.72815,0.47837,0.51277,0.58766,0.46925,0.57823,0.58429,0.84258,0.48777,0.6534,0.61568,0.69758,0.84451,0.90336,0.55754,0.79744,0.62553,0.93772,0.65195,0.68536,0.43253,0.75654,0.50997,0.88514,1.071,0.81689,0.75175,1.0504,1.2779,1.3281,0.65644,0.53017,0.86777,0.43133,0.47458,0.38057,0.37385,0.46342,0.34032,0.87896,0.7968,0.85896,1.0266,1.0652,1.2522,0.57485,0.5365,0.46175,0.92207,1.1217,0.75323,0.4008,0.27394,0.56842,1.3739,1.0254,0.5004,0.26765,0.6217,0.39143,0.28373,0.24664,0.7922,0.72104,0.35822,0.17857,0.63049,1.21,0.29086,0.35697,0.5658,1.0335,1.336,0.4873,1.104,0.86654,0.82278,1.0422,0.81533,0.9163,0.51045,0.82317,0.44376,0.5381,0.49073,0.52835,0.45087,1.0372,0.62145,0.69525,0.59174,0.89359,0.61929,1.1439,0.58323,1.0134,0.57866,1.3312,0.9689,0.82449,0.66417,0.34738,0.3241,0.62056,0.42119,0.76852,0.76276,0.74923,0.31109,0.63899,0.5532,0.6327,1.1383,0.38406,0.47843,0.46587,0.57147,0.6763,0.2203,0.62027,0.63382,0.32035,0.67511,1.0492,0.61406,0.46279,0.62889,0.57992,0.90943,0.67123,1.1893,0.61029,0.60961,0.72712,0.36396,1.1048,0.56109,0.65872,0.39889,0.68927,0.46458,1.1558,0.41348,0.94298,0.51865,0.98335,0.75153,0.70786,0.4757,0.92773,0.53156,0.66258,0.64275,0.49285,0.40984,0.87856,0.6902,0.70742,0.88769,0.55593,1.0204,0.46413,0.76263,1.3255,0.68382,0.38118,0.91818,0.52846,0.47983,0.85502,0.53055,0.61417,0.83333,0.47423,0.56635,0.52705,0.78777,0.5137,0.5014,1.0454,0.55542,0.72022,1.0638,1.8166,2.3376,1.4769,0.54935,0.3049,0.34843,0.67683,0.50855,0.50782,0.91927,0.36449,0.96152,0.51883,0.46772,0.66404,1.4433,0.91109,0.61208,0.36495,0.20756,0.43628,0.46644,0.71662,0.50565,1.069,0.49427,0.84575,0.34107,0.49438,0.64733,0.5018,0.79031,0.80076,0.43949,0.68024,0.73183,0.50087,0.51954,0.96191,1.5368,0.45584,0.5937,0.46344,0.29879,1.9185,0.27234,0.23081,0.84166,0.69871,1.1546,0.63092,1.0084,1.8865,0.27774,1.0243,0.28894,0.31821,0.27401,0.36054,0.5021,0.83197,0.34958,1.1671,0.9548,0.63796,0.66451,0.70568,0.56383,0.44662,0.47529,1.1462,0.51002,1.4662,0.75916,0.6076,0.39478,0.9269,1.4645,0.84699,0.88616,1.0756,0.6858,0.20783,0.3977,0.70019,0.47045,0.57975,0.45961,0.86855,0.60933,0.20199,0.3423,1.2181,0.36043,0.7053,1.0191,0.55673,0.55614,0.71382,1.0771,0.4735,0.76779,0.84481,0.54766,0.53648,0.74987,0.32788,0.71353,0.7892,0.40855,0.35323,0.82244,0.57919,0.55262,0.47626,0.61451,1.2374,0.43289,0.84687,0,0.55665,1.2016,1.3161,0.73435,0.21012,0.29585,0.34692,0.75333,0.60518,0.55271,0.71088,1.622,0.61547,0.97226,0.6147,0.56051,0.30513,0.48872,0.44924,0.36452,0.62024,0.8052,0.74112,0.67002,0.29094,0.54944,0.66572,1.0318,0.83011,0.71711,0.6428,0.76545,0.90043,0.25912,0.56839,0.48686,0.34729,0.71801,1.0158,0.1871,0.61704,0.4056,0.58688,0.67052,0.30522,0.42655,0.67888,0.3027,0.71084,0.50315,0.40772,0.5102,0.73169,0.90332,0.2708,1.2324,1.2784,0.32819,0.39298,0.68348,0.78865,1.0528,0.90735,0.89785,0.35145,0.17081,0.263,1.0305,0.80175,0.69103,0.87293,0.50232,0.81805,0.81196,0.57655,0.4424,0.27149,0.42441,0.48924,0.46158,0.28334,0.61495,0.6543,0.33474,1.0972,0.35795,0.45897,0.88754,0.73788,0.47739,0.42703,1.1653,1.066,0.52324,0.48873,0.72536,0.90001,0.73795,0.82127,0.54489,0.45437,0.81409,1.199,0.78795,0.72488,1.0698,0.89792,0.30474,0.82902,0.44841,0.61152,0.71366,0.73272,0.78414,0.7749,0.42922,0.71605,0.53264,0.6396,0.95707,0.32083,1.1345,0.52457,1.0349,0.22809,0.2999,0.28488,0.6871,0.97458,1.0528,1.2317,0.82419,0.23654,0.97228,0.63024,0.27898,0.68222,0.58966,0.67034,0.53846,0.54999,0.24798,0.63755,1.4552,0.3098,0.5103,0.60141,0.4638,0.62331,0.46045,0.43286,0.75841,0.78543,0.30569,0.6232,0.83876,0.3512,0.46732,0.87625,0.43594,0.73765,0.98071,0.65808,0.89793,1.0464,0.16415,0.48513,0.50698,0.79438,0.61326,0.6621,1.0371,0.50472,0.66657,0.43447,0.63044,0.92047,0.33507,0.57971,0.71752,1.1561,0.58979,0.59846,0.6741,1.0204,0.62823,0.93579,0.4231,0.43528,0.4411,0.73313,0.98758,0.73249,0.62753,0.41104,0.55407,0.36506,0.86509,0.59951,0.26061,0.22244,0.30709,0.54751,0.43557,0.43796,0.72382,1.2754,1.5728,0.84343,0.56063,0.70327,1.7281,0.42907,0.41937,0.37264,1.0338,1.4224,0.53806,1.5565,0.63121,0.44173,0.91777,0.92346,1.4198,1.0749,0.53505,0.8691,0.83552,0.56324,1.1558,0.77635,0.4159,0.93157,0.49705,1.2596,0.80661,0.6078,0.24798,0.60264,0.99643,1.3425,0.74711,0.69326,0.53989,0.44009,0.58942,0.94317,0.39826,0.50788,0.91656,0.49607,0.54554,0.63702,0.53181,0.70538,0.70294,0.49628,1.2361,0.69399,0.88092,1.1881,1.4945,0.52734,1.1103,0.53934,0.44749,1.2276,0.57624,0.65575,0.687,1.2239,0.7368,2.1601,0.68147,0.23416,1.1335,0.93049,0.36524,0.37997,1.383,0.66378,0.18628,0.31053,0.56759,0.51434,0.99749,0.646,0.49046,0.6097,0.5178,0.57631,0.80882,0.81949,0.38571,0.34249,1.0405,0.45277,0.22101,0.50431,0.74562,0.61135,0.31455,0.57872,0.52782,0.54941,1.1807,0.99335,0.89405,1.4614,0.87755,0.61413,0.45613,0.86489,0.42389,0.65541,0.83254,1.1087,0.44303,0.45196,0.7338,0.21142,0.28821,0.87423,0.47459,0.63088,0.91897,0.79467,0.33744,0.94586,0.65805,0.39159,1.0452,0.41699,0.60186,0.74984,0.32351,0.58824,0.697,0.75285,0.67347,0.72219,0.8605,0.57661,0.78746,0.61801,1.0448,0.62463,0.51693,0.31493,0.58356,0.63133,0.80961,0.52587,0.26823,0.34847,0.67767,0.43561,0.84966,0.8967,0.86128,0.52862,0.76663,0.89892,0.61658,1.286,0.7073,0.87792,0.69177,0.56004,0.27999,0.70368,0.53828,0.94108,0.71417,1.415,0,0.31065,0.38157,0.58983,2.0163,0.65835,0.21063,0.57228,0.54765,0.2162,0.76936,0.89156,0.81836,0.61169,1.2004,0.72557,0.51519,1.0401,1.0478,0.91175,0.33255,0.33013,0.31234,0.31478,0.69301,0.36191,0.69306,0.52335,0.26137,0.13006,0.52731,0.85319,0.94875,0.86443,1.4326,1.2686,0.43146,0.26255,0.32306,0.17563,0.34756,0.70505,0.43251,1.3444,0.61335,0.67071,0.42718,0.83331,1.2812,0.84606,0.44199,0.2303,0.53804,0.42352,0.52899,0.88957,0.91533,0.6707,1.8312,1.1782,0.82737,0.47478,0.84374,0.62176,0.53468,0.52449,0.74591,0.83344,0.78566,0.35683,0.33742,0.5771,0.60877,0.29888,0.5025,0.66796,0.87535,0.75543,0.44695,0.44346,0.70545,0.46593,0.37489,1.3639,1.2259,0.95653,0.3389,0.38598,0.41088,0.45189,0.99132,0.75959,0.57083,0.76719,0.67353,0.4077,0.63347,0.43466,1.0542,0.58882,0.43584,0.9253,0.88108,0.75867,0.21321,0.684,0.94656,0.39308,0.4995,0.48563,0.75351,0.62715,0.41398,0.29504,0.49797,0.70486,0.90238,0.4022,0.40015,0.41739,0.44573,0.84155,0.85503,0.49972,0.33778,1.024,0.60813,0.66106,0.88613,1.0333,1.1708,0.78707,0.19134,0.58929,0.59833,0.2188,0.37921,0.72545,0.69375,1.1909,0.61624,0.38618,1.0172,0.5632,0.19096,0.57236,0.54167,0.48347,0.20587,0.67585,0.94765,0.6807,0.32881,0.88357,0.85637,0.85577,1.1687,0.4029,0.14813,0.41973,0.6502,0.82475,0.70663,0.80637,0.78398,0.58705,0.37007,0.61707,0.45505,0.54606,0.48521,0.89303,0.51983,0.35227,0.52332,0.36185,0.27025,0.47287,0.53918,0.64889,0.71902,0.62887,0.60976,0.46794,0.72786,0.5769,0.9621,0.61914,1.014,0.57886,1.1479,0.31257,0.37554,0.72135,0.76093,0.97414,0.49146,0.65019,0.31132,0.49089,0.61093,1.1978,0.77943,1.0248,0.26939,0.59645,0.61485,0.56816,0.36249,0.62907,0.42471,0.60913,0.49232,0.21096,0.40869,0.18939,0.58986,0.32723,0.45111,0.4828,1.053,0.5469,0.53421,0.43567,0.67663,0.83994,0.42955,0.36055,0.3665,0.34478,0.32959,0.28241,0.8507,1.5746,0.65154,0.49719,0.52405,0.54225,0.35974,0.5048,0.80664,0.67568,0.40414,0.42051,0.47549,0.54478,0.20661,0.75923,0.83186,0.60211,0.98181,0.35316,0.60913,0.6631,0.5917,0.62879,0.80915,0.6285,0.67661,0.40184,0.81413,0.32105,0.39898,0.73054,0.76391,0.5944,0.38563,0.41538,0.26881,0.60803,0.4912,0.55153,0.78953,0.44041,0.12376,0.62454,0.87739,0.79467,0.94925,0.98038,0.86866,0.80729,0.80356,0.77609,0.56066,0.5604,0.56365,1.477,0.92725,0.8146,0.76615,0.37531,0.90954,0.72956,0.83913,1.2358,0.59511,0.93475,0.21155,0.64303,0.25651,0.50889,0.70558,1.2152,0.95681,1.1676,0.56681,0.27991,0.54007,0.77667,0.72559,0.31744,0.88104,0.69196,1.1988,0.83503,0.48053,0.86419,0.82422,0.68009,0.5121,0.9905,1.2561,1.6597,0.54965,0.57101,0.37772,0.3562,0.47191,1.0628,0.92273,0.54996,0.72681,0.69004,0.59056,0.41596,0.99351,0.81446,0.34938,0.54956,0.66996,1.2889,0.60871,0.87495,0.95826,0.40589,0.85793,0.73465,0.39617,0.64204,0.48105,0.65923,0.44582,0.53829,0.66072,0.70658,0.75631,1.5459,0.81955,1.1053,0.25738,0.44935,0.34748,0.50287,0.4539,0.20285,0.29834,0.42688,1.043,1.1965,0.56908,0.786,0.8709,0.51539,1.7469,0.60682,1.0086,0.51009,0.44504,0.84969,0.94683,0.54067,0.5135,1.0563,1.1021,0.49362,0.32299,0.41837,0.6617,0.64166,0.64625,1.0502,1.2786,1.7955,0.76996,0.82128,0.63087,0.21503,0.74628,0.72398,0.54313,0.31369,0.74965,1.3363,0.95472,1.0903,0.57137,0,0.70801,0.75079,0.58005,0.78546,0.72424,0.40913,0.2562,0.48427,0.96443,0.55656,0.60626,0.37444,1.6223,0.97547,0.57321,0.66328,0.6138,0.66023,1.1189,0.51541,0.4563,0.65894,0.91972,1.176,1.2723,0.53746,1.0418,1.0019,0.56984,0.22036,0.50533,0.77969,1.0454,0.5059,0.29584,0.42293,1.5619,1.1974,0.4767,0.88406,0.64564,0.34392,0.93445,0.48937,0.56878,0.4072,0.21792,0.61472,0.57098,0.90103,0.5234,0.67021,0.96315,0.47468,0.41477,0.38538,0.42167,0.42969,0.65025,0.36531,0.76755,1.024,0.72049,0.48246,0.60554,0.66736,0.46464,0.59914,0.36182,0.80837,0.92893,1.0434,0.79042,0.81168,0.87847,0.60258,0.62257,0.592,0.41741,0.38261,0.31421,0.30153,0,0.29134,0.5616,0.74831,0.56556,0.81633,0.91367,1.3377,1.4887,1.666,0.91426,0.71227,0.5945,0.28602,1.3549,0.48175,0.63821,0.33624,0.62855,0.66401,0.66182,0.96302,0.59511,0.63647,1.2395,0.49735,0.90385,0.69985,0.55894,0.91063,0.50461,0.71995,0.73568,0.70801,0.62669,0.74524,0.29726,1.0197,1.129,0.56509,0.60474,1.1019,1.0067,0.76654,0.36431,0.36886,0.41746,1.2511,0.93704,0.50562,0.37107,0.255,0.54115,0.6766,0.75501,0.70222,0.52232,0.47664,0.61785,0.50626,0.23352,0.3639,0.49162,0.59149,0.82466,1.4651,0.90239,0.85174,0.40346,0.58292,0.49142,0.59335,0.72218,0.57922,0.66758,0.57482,0.68533,1.2467,1.0415,1.0434,0.82614,0.63232,0.65723,0.59069,0.68664,0.95111,0.71327,0.51374,0.76741,0.85945,0.94211,0.9552,0.38426,0.48531,0.73757,0.46112,0.58983,0.59768,0.94099,0.37991,0.41321,0.43025,0.53288,1.0809,1.223,0.49382,0.29498,0.76114,0.56881,0.58775,0.69764,0.24843,1.2559,0.3038,0.44131,0.69683,0.69448,0.48054,0.58921,0.72075,0.36248,0.70333,0.47113,0.67802,0.63212,0.62162,0.59866,0.43648,0.23357,0.668,1.1506,0.49938,0.61549,0.39991,0.41963,0.66216,0.76411,0.68599,0.45013,0.47457,0.60857,0.59935,0.31522,0.52251,0.5526,1.1507,1.1809,0.41542,0.71094,0.47711,1.5234,1.1893,0.42121,0.27423,0.69714,0.32443,1.0021,0.91974,1.1452,0.9721,0.33117,0.7288,0.31047,0.49991,0.4618,0.7326,0.66296,1.085,0.55472,0.87404,0.85112,0.86524,0.5439,0.40278,0.14008,2.0741,0.78993,0.88086,0.59917,0.45792,0.99483,0.40212,0.38889,0.9458,1.0735,0.71444,0.89332,0.37136,1.1903,0.81247,0.90151,0.65843,0.66156,0.95971,0.70504,0.81862,0.90733,0.54833,0.38798,0.36114,0.29726,0.41719,0.98986,0.71483,0.35045,0.65127,0.44939,0.4888,0.28899,1.1171,0.75395,0.73925,0.25182,0.36256,0.33373,0.21502,0.83733,1.2621,0.41914,1.2239,0.45162,0.5831,0.49754,1.0316,0.4069,0.60683,0.5287,0.46232,0.79624,1.0053,0.43465,1.2717,0.50769,0.52085,0.6851,0.49452,0.56712,0.35435,0.46852,1.0713,0.37744,0.43837,0.78477,0.68162,0.63784,0.37708,0.46598,0.67908,0.49966,0.49443,0.97245,0.75205,0.25553,0.64523,0.5569,0.78611,0.58624,0.28456,0.52612,0.28272,0.29083,1.4254,0.93708,1.0239,0.4274,0.39474,0.79829,0.73047,0.72808,2.0527,0.86177,0.65024,0.26866,1.1736,1.1047,0.87473,1.3955,0.44472,0.67614,1.3192,0.30825,0.92898,0.56609,0.6449,0.6072,0.69044,0.42631,0.88205,0.60384,0.38613,0.34185,0.41269,1.135,1.4957,0.7863,0.72419,0.41061,0.42998,0.44026,0.70621,0.80986,0.71766,0.41624,1.0709,1.1186,0.18634,0.26013,0.85655,1.2439,0.69756,0.59049,1.0366,0.80186,0.56918,2.4591,0.70095,0.35175,0.44237,0.60979,0.78772,0.56396,1.2728,0.58014,0.76216,0.58451,0.80146,0.51351,0.54482,0.17203,0.76432,0.63288,0.69414,0.71478,0.48494,0.45691,0.40856,0.6496,0.47436,1.6009,0.49981,0.49002,0.38915,0.65136,1.2532,0.44238,0.52374,0.83237,0.37031,0.61272,1.362,0.85194
0.7892,0.41778,0.40839,0.82751,0.52036,0.37923,1.3497,0.4762,0.87827,0.7614,0.49593,0.64849,0.45005,0.59901,1.1355,0.75926,0.59251,0.57696,0.4741,0.70854,1.4079,0.64987,0.59383,0.40099,0.51858,0.47211,0.78498,0.53622,0.98209,0.96088,0.74978,0.53591,0.76677,0.3926,0.402,0.38378,0.38857,0.47703,0.42555,0.80533,0.75922,0.49782,0.93173,0.94229,0.66277,0.78278,0.61747,0.56406,0.58885,0.36835,0.29082,0.47362,0.34435,0.39336,0.46523,0.53692,0.51585,0.57722,0.58697,0.54733,0.49704,0.49705,0.24919,1.0503,0.87293,0.3636,0.60291,0.36465,0.71756,0.71902,0.57296,0.52873,0.36239,0.35813,0.45175,0.95224,1.3823,0.42721,0.72541,0.80232,0.74985,0.37599,0.65893,1.39,0.74096,0.56753,0.81153,0.54085,0.63439,0.65705,0.5208,0.3737,0.60121,0.60445,0.75973,0.83472,0.47324,0.693,0.49169,0.26683,0.66537,1.382,0.62577,0.86267,0.7398,0.4288,1.1401,0.66136,0.83865,0.71733,0.61453,0.66121,0.48548,0.75684,1.3181,0.83227,0.40589,0.39904,0.59979,0.77636,0.43875,0.54932,0.59719,0.3793,0.47246,0.92342,0.70322,0.7707,0.88834,0.34632,0.51495,0.44005,0.94288,0.74348,0.42146,0.6915,1.03,1.1725,0.3618,0.87004,0.60913,0.32664,0.47211,0.45371,0.56557,0.3785,0.45458,0.942,0.53449,0.39271,0.49281,0.9806,0.51293,0.72368,0.42923,0.57149,0.42788,0.22191,0.56264,0.58246,0.74455,0.42013,0.56804,0.50716,0.65628,0.85555,0.52909,0.39492,0.67776,1.0696,0.94576,0.47567,0.75506,0.68821,0.689,0.41213,0.36815,1.0583,0.66574,0.41776,0.61097,0.56132,0.59253,1.069,1.4942,0.51238,0.34047,0.64686,2.42,0.48353,0.40524,0.56768,0.55858,0.45024,0.65085,0.89386,0.59054,0.36299,0.701,0.72454,0.35163,0.57,0.33854,0.59262,0.68394,0.55392,1.431,0.59558,0.59374,0.53179,0.74018,0.63887,0.5939,0.4016,0.7908,0.92656,0.5175,0.53666,0.64435,0.31182,0.61458,0.31259,0.55379,1.0771,0.63189,0.68574,0.34403,0.52481,0.38834,0.47123,0.52282,0.41671,1.2139,0.76092,0.88528,0.56115,0.5685,0.79456,0.77232,1.1382,0.39216,0.24869,0.93411,0.72115,1.0054,0.60358,0.58714,0.65349,0.25579,0.4934,0.62218,0.65003,1.1874,0.46851,0.42994,0.71134,0.61446,0.40997,1.4747,0.6406,0.90976,0.84823,1.0221,0.75542,0.86142,0.68925,0.82409,0.39044,0.53684,0.30265,0.39384,0.34048,0.51708,0.6446,1.0765,0.73839,0.99423,0.42525,0.4225,0.66765,0.93233,0.72498,0.82596,0.74438,0.33096,0.6019,0.64177,0.66394,0.77133,0.43944,0.49645,0.55062,0.85052,0.69845,0.20989,0.6572,1.4238,0.55539,0.47369,0.4681,0.74334,0.56571,0.52525,0.48389,0.43933,0.87275,0.51932,0.979,0.49628,0.44956,1.2279,0.67878,0.49062,0.92159,1.1534,0.37165,0.49475,0.53234,0.34648,0.43928,0.47928,1.3902,0.55039,0.40586,0.31681,0.57574,1.658,1.3284,0.86981,0.96787,0.43718,0.70571,0.90644,0.80393,0.52189,0.52911,0.34576,0.56201,0.94253,0.58277,1.0519,0.32618,1.3067,0.44088,0.57459,0.70153,0.64351,0.59806,0.62488,0.56412,0.5667,0.44194,0.93693,0.63076,0.66092,0.91459,0.55134,0.24267,0.68473,0.91661,0.37467,0.93549,0.40375,0.73377,0.34206,0.25654,0.73535,0.50105,0.82626,0.59321,0.50127,0.62236,0.58968,0.39763,0.3466,0.6753,0.64156,0.45122,0.60811,0.44486,1.1488,1.0136,0.68372,0.60496,0.61126,0.53326,0.53103,1.1353,0.4919,0.55418,0.50659,0.37168,0.49956,0.32056,0.69594,0.82956,0.44312,0.55694,0.81928,1.0747,0.83649,0.96633,0.61955,0.78276,0.47022,0.43779,0.76133,0.23746,0.69908,0.45069,0.56596,0.73014,0.5423,0.48497,0.18159,1.3816,1.1772,0.47243,0.43938,1.034,0.70804,0.64411,0.44998,0.23605,0.66065,0.98386,0.92194,0.62222,0.40762,1.0639,0.77053,0.90132,0.48887,0.35066,0.40321,0.6265,1.1809,0.59661,0.47828,0.5306,0.75077,0.67322,0.6306,0.34971,0.4521,0.33641,0.63446,1.4773,1.1648,0.17292,0.59083,0.49593,0.78312,0.58954,0.58585,1.5924,0.82338,0.82501,0.59256,0.55874,0.80493,1.1429,0.66949,0.4691,0.82981,0.50432,0.25715,0.60886,0.5839,0.72512,0.61601,0.58253,0.66023,0.68818,0.23841,1.725,0.75981,0.51813,0.49497,1.0321,0.68977,0.25822,0.45351,0.53269,0.36246,0.33924,0.37721,0.59716,1.3928,0.67855,1.0292,1.0517,0.58296,0.46243,0.54896,0.41056,1.0031,0.63452,0.38549,0.35526,0.31707,0.39906,0.5542,0.52559,1.1269,1.0599,0.4796,0.4291,0.44597,0.44766,1.0248,1.0165,0.49695,0.47018,0.6364,0.76282,0.45461,0.32671,0.43336,0.39428,0.5233,0.21485,1.0391,0.60936,0.31912,0.76492,0.57929,0.51506,0.89466,0.44932,0.50106,0.80552,0.23049,0.4348,0.6339,0.4557,0.50704,0.37489,1.1018,0.99862,0.93819,0.95972,1.0327,0.6146,0.47828,0.27276,0.70006,0.46996,0.34168,0.61936,0.69064,0.72002,0.5521,0.52287,1.0786,0.71871,0.60863,0.43222,0.66133,0.39586,0.64251,0.62457,0.29787,1.1307,0.8979,1.6691,0.55137,1.1178,0.61016,0.72729,0.87232,0.46789,0.72391,0.90016,0.46661,0.70496,1.0067,0.53014,0.38512,0.64534,0.50958,0.85492,0.56534,0.8595,0.54769,0.68285,1.0267,0.35772,0.49481,0.43719,0.43334,0.41915,0.61693,0.40819,0.76537,0.67855,0.72629,0.56084,0.61472,0.7562,0.89864,0.71719,0.45016,1.0324,0.54482,0.30495,0.34551,0.47107,0.6145,0.54458,0.26856,0.56638,0.72543,0.34553,0.63813,0.65236,1.0764,0.62717,0.93472,0.62469,0.43121,0.54067,0.47875,0.6795,0.80511,0.60207,0.49983,0.29393,0.53501,0.42036,0.40171,0.72302,0.91805,0.70221,1.225,0.80235,0.51931,0.41437,0.60539,0.42036,0.56018,0.59448,1.1038,0.58846,0.73114,1.0164,0.45519,0.59984,0.53199,1.1429,0.51822,0.658,0.84379,0.45383,0.98741,0.68179,0.46471,0.57313,0.33062,0.87756,0.41868,0.42536,0.27397,0.34424,0.5182,0.69232,0.61073,0.65222,0.60321,0.6094,0.53606,0.62027,0.76936,0.61344,0.76607,0.51796,0.50448,0.7903,0.76861,1.0913,0.47627,0.30713,0.46955,0.6159,0.61528,0.89739,0.56978,0.34653,0.23231,0.58319,0.47308,0.47503,0.76331,0.60816,0.35545,0.49256,0.58507,0.68624,0.57453,0.76786,0.22486,0.69525,0.33972,0.52679,0.46467,0.66434,0.54232,0.55785,0.67517,0.75789,0.90599,1.0879,0.51292,0.38205,0.6001,0.38363,0.4517,1.1378,0.69202,0.3836,0.42148,0.78295,0.76516,0.38499,0.4883,0.64172,0.55763,0.79929,0.93811,0.28295,0.43114,0.69124,0.9035,0.76331,0.83498,1.0161,0.79287,0.46239,0.74814,0.6359,0.8451,0.43897,0.65744,0.88283,0.544,0.52035,1.0353,0.59181,0.28619,0.54758,0.4717,0.6334,1.0491,0.41927,0.70803,0.93343,0.66937,0.82725,0.30462,0.43761,0.31539,0.57646,0.42257,0.67883,1.3814,0.3665,0.33389,0.32609,0.57988,0.39702,0.83278,0.60235,0.51447,0.25523,0.49195,0.54713,0.76748,0.63316,0.49999,0.47315,0.52624,0.77398,1.341,1.1508,0.45129,0.33962,0.48546,0.52767,0.53294,0.69965,0.81093,0.95119,1.0687,0.59294,0.92916,0.72593,0.67397,0.98377,0.65413,0.48551,0.64096,0.44835,0.47075,0.41175,0.24822,0.43776,0.7197,1.5222,0.4765,0.35877,0.56701,0.54403,0.49875,0.46409,0.91244,0.56503,0.79633,0.376,0.69082,0.94642,1.0517,0.43363,1.7077,0.35409,0.26556,1.0219,0.9863,0.612,0.5937,0.47367,0.5126,0.72017,0.73568,0.40371,0.50219,0.43923,0.39062,0.73651,0.69487,0.39582,0.49097,0.79498,0.33128,1.0239,0.70218,0.24272,0.604,0.18616,0.79742,0.70514,0.63226,0.55398,0.80865,0.4145,0.32123,0.30233,0.38003,0.61595,0.69124,0.47412,0.4589,1.054,0.38731,0.38153,0.54787,0.70645,0.50693,0.56062,0.84867,0.78573,1.2005,0.80074,0.89427,1.0514,0.46703,0.64158,0.93739,0.77862,0.52149,0.48491,0.61307,0.34107,0.41467,0.3144,0.28738,0.73115,0.80966,0.60889,0.56077,0.83824,0.79934,0.36573,0.19746,0.53094,0.80669,0.31986,0.32405,0.42603,0.82784,0.45286,0.41818,0.57109,0.47936,0.9553,0.5391,0.29005,0.70979,0.66867,0.9764,0.7989,0.68424,1.0411,0.49961,0.7517,0.90811,0.72241,0.33347,0.65298,0.84544,0.40613,1.0226,0.47342,0.90508,0.85231,0.58987,0.67495,0.93627,0.38977,0.45054,0.78154,0.74361,0.58357,0.50248,0.33311,0.76998,0.35739,0.73283,0.56008,0.70311,0.51544,1.0323,0.6367,0.85867,1.0145,1.3121,0.67042,0.70897,0.867,0.44653,0.60588,0.50863,0.8885,0.60506,0.69683,0.75519,0.7994,0.67321,0.52391,0.67689,0.55746,0.51423,0.50597,0.62209,1.1893,1.0325,0.54914,0.93732,0.56272,0.59469,0.33466,0.55805,0.9849,0.68351,0.97231,0.62489,1.1972,0.61697,0.86673,0.62539,0.51713,0.40826,0.48966,0.60074,0.47507,0.53285,0.60712,0.65048,0.61137,0.88624,0.65539,0.50829,0.50628,0.57266,0.3893,0.52111,0.71396,1.0458,0.28614,0.44883,0.5394,0.42014,0.6642,0.96911,0.80883,0.79139,1.5708,0.61078,0.36297,0.41584,0.67528,0.5965,0.63655,0.45208,0.50556,0.75603,0.42001,0.95831,0.71771,0.59607,0.43209,0.73055,0.728,1.0997,0.59415,0.72738,0.8162,0.87684,0.41184,0.89227,0.71257,0.97821,0.83143,0.54693,0.83981,0.49912,0.96774,0.58079,0.51884,1.121,0.99071,0.76862,0.94788,0.60561,0.63101,0.44671,0.60071,0.66996,0.79405,0.46294,0.4366,0.74355,0.8913,0.65954,0.66071,0.80698,0.6101,0.80415,0.5512,1.0981,0.71146,1.2417,0.78453,0.5448,0.49148,0.25793,0.44144,0.77371,0.19372,0.45816,0.71086,0.50453,0.40509,0.63314,1.0494,0.73473,0.87694,0.39704,0.71627,0.59798,0.60624,0.76561,0.58748,0.50853,1.0096,0.76317,0.34198,0.89072,0.67303,1.1169,0.35619,0.57622,0.70991,0.85054,0.88666,0.53675,0.52359,0.64171,0.96365,0.86547,0.43784,1.3956,0.52251,0.45911,0.67842,0.84854,0.56766,0.6998,0.73011,1.1164,0.36886,0.46232,1.1646,0.7542,0.47281,0.82412,0.33592,0.88483,0.61838,2.0371,2.9795,0.68024,0.61795,0.95836,0.47697,0.15249,0.55554,0.25391,1.1664,0.88927,0.536,0.28307,0.85885,0.94564,1.1423,1.1745,0.3119,0.36783,0.31734,0.27042,0.51864,0.7207,0.77401,0.59651,0.57861,1.1297,1.083,0.34421,0.42714,0.52117,0.57111,0.5064,0.80038,0.67195,1.238,0.44784,0.48464,0.54636,0.42512,0.6278,0.97437,0.64589,0.42883,0.91501,0.88648,1.1871,0.65944,0.69744,0.45769,0.67053,1.9119,1.327,1.0958,1.1741,0.50968,0.45758,0.72244,1.4076,0.86983,0.83126,0.85905,0.79263,1.1955,0.6572,0.46786,0.53796,0.28432,0.69173,0.50759,0.65671,0.45991,0.83683,0.57985,0.42911,0.77963,0.89561,0.85691,0.85013,0.53993,0.46737,1.0544,0.66105,0.67013,0.72281,1.0886,1.2151,0.69488,1.0523,0.47743,0.73462,1.0887,0.88909,0.66133,0.83442,1.0915,0.41584,0.36076,0.52953,0.68618,0.54998,0.69413,0.68356,0.64363,0.57374,1.1228,0.61469,0.5794,0.49458,0.88056,0.41214,1.761,0.94081,0.63818,0.8538,0.9518,0.41223,1.1832,0.38383,0.59828,0.27911,0.23131,0.7713,1.2853,0.53234,0.40825,0.63911,0.39409,0.21897,0.7659,0.50242,0.75954,0.27139,1.2244,0.58633,0.58571,0.86443,0.92624,0.42932,1.205,0.49409,0.50236,0.97628,0.49978,0.9775,0.71831,0.66386,0.59742,0.74853,0.50459,0.75858,0.64803,0.45547,0.47629,0.36918,0.75138,1.078,1.047,0.43142,0.33539,0.6903,0.90682,0.78725,0.66789,0.40677,1.2317,0.83131,0.99566,1.035,0.57634,0.57023,1.1035,0.5759,0.55387,0.48759,0.47345,0.88055,0.76623,0.69085,0.78036,0.71582,0.46165,0.6835,0.43026,0.50481,0.41628,0.7119,0.75675,0.86028,0.75424,0.59273,0.51796,1.3115,0.52825,0.44491,0.59275,0.38352,0.49284,0.73372,0.56705,0.42839,0.5841,0.53518,0.59809,0.4966,0.62888,0.69474,0.49008,0.35548,0.66831,0.30258,0.61203,0.55496,0.22751,0.99368,0.30106,0.47498,0.66964,0.39757,1.0557,0.4639,0.72219,0.58132,0.86263,0.76008,0.89515,0.77147,0.69127,0.54957,0.58868,0.33375,0.38506,0.38327,0.73353,0.53798,0.33664,0.59984,0.47582,0.28655,0.38368,0.36115,0.78519,0.70292,0.89597,0.65877,0.45864,0.35363,0.72349,0.52436,0.59878,0.6521,0.49654,0.74386,0.78587,0.57729,0.5738,0.59295,0.31956,0.79104,0.85401,0.9135,0.73493,0.79625,0.948,1.0612,1.1645,0.77104,1.3301,0.64209,0.37186,0.5308,0.47239,0.34871,0.64748,0.43776,0.51388,0.50902,0.51849,0.47397,0.53422,0.33025,0.20311,0.67291,0.90768,0.91475,1.0887,0.43001,0.67538,0.65211,0.90128,0.68927,0.45128,0.68404,0.59324,0.68454,0.41446,1.046,0.62647,0.65083,0.94951,0.40151,0.48259,0.4843,0.67414,0.39568,0.59445,0.36453,0.28926,0.52262,0.42214,0.57806,0.87635,0.97002,1.1042,0.84415,0.24405,0.41561,0.66272,0.38908,0.58855,0.47665,0.69999,0.56915,0.57178,0.44777,0.45458,0.60407,0.64572,0.26824,0.8523,0.81703,0.43349,0.42611,0.86046,0.79085,0.54179,1.1431,1.0696,0.5657,0.53293,0.55034,0.68911,1.0118,0.46753,0.67816,0.51177,0.56653,0.43247,0.32901,0.86143,1.1941,0.70275,0.33537,0.48895,0.44482,0.39926,1.0425,0.49967,0.37979,0.8284,0.78848,0.48581,0.53008,1.2989,0.75947,0.6134,0.30416,0.50743,0.8603,0.46384,0.27353,0.47837,1.0703,0.85239,0.57006,0.61301,0.88462,0.90087,0.50423,0.94884,1.0511,0.52659,0.85713,0.35691,0.60144,0.57044,1.4857,1.7721,1.1583,0.94818,0.71031,0.82794,0.43509,0.72859,0.31034,0.73933,0.45167,0.53585,0.53862,1.0231,0.94765,0.55144,0.33043,0.49334,0.60395,0.45046,0.92094,0.89784,0.68635,0.9596,1.0131,0.78603,1.3588,0.45588,0.81426,0.61513,0.60179,0.60795,0.96297,0.61443,0.82037,0.70731,0.50618,0.74777,0.43403,0.58773,0.65955,0.72529,0.4078,0.65178,0.83798,0.8591,0.75098,0.4893,0.5933,0.38573,0.32584,0.80834,1.2312,0.98803,0.6543,1.0193,0.37036,0.574,0.37441,0.80651,0.74906,0.48242,1.1115,0.99182,0.82303,0.76403,0.90845,0.57888,0.90302,0.9434,1.3999,1.0579,0.56308,0.65741,1.0866,0.88549,0.67295,0.41148,0.74369,0.49479,0.79698,0.60386,1.0916,0.53202,1.3516,1.2171,1.1706,0.4031,0.40558,0.52988,0.68133,0.35968,0.53671,0.57582,0.75355,0.69819,1.5742,0.44132,0.54702,0.5338,0.35056,0.24655,0.37884,0.86639,0.44945,0.82512,0.85133,0.26374,0.46624,0.56308,0.59655,0.77087,0.71028,0.40827,0.88778,0.33708,0.46555,0.5718,0.56651,0.83444,0.47099,0.54024,0.37939,0.9125,0.6909,0.64528,0.8123,0.52453,0.66158,0.58051,0.60366,0.84826,0.63758,0.54574,0.67701,0.65347,0.69605,0.41156,0.56587,0.70359,1.1031,0.35479,0.8385,0.61894,0.48779,1.0667,0.39245,0.67339,1.3262,0.26915,0.24725,0.61634,0.67067,0.9423,1.457,0.55519,0.64984,0.45074,0.96312,0.8084,0.34973,0.37371,0.81109,0.45422,0.92835,0.66944,0.88483,0.55354,0.82582,0.47552,0.4263,0.93959,0.66597,0.83887,0.85097,0.30148,0.75715,0.94206,0.5878,0.55255,0.7343,0.57067,0.95506,0.88138,0.51533,0.14414,0.7654,1.5425,0.71389,0.3793,0.57118,0.16335,0.58123,0.8337,0.73002,0.65745,0.43327,0.37239,0.50776,0.45338,0.58316,0.32783,0.49262,0.65176,0.69852,0.58828,0.29126,0.49791,0.42486,0.50672,0.81756,0.3242,0.39648,1.0401,0.77432,1.0912,0.89208,0.58598,0.70621,0.59329,0.33591,1.0086,0.45986,0.43191,0.48094,0.50835,0.9261,0.42963,0.54337,0.92997,1.1216,0.97775,0.65281,0.42764,1.1229,0.52866,0.35963,1.0974,1.1863,1.0501,0.74213,0.52832,0.48117,0.72551,0.51702,0.66347,0.35474,0.41589,0.36019,0.83648,0.88742,0.38401,0.45173,0.5772,0.82149,0.49836,0.40909,0.48706,1.501,0.76938,0.55047,0.54428,0.79934,0.94792,0.67434,0.71356,1.0953,0.56028,0.81031,0.56529,0.47972,1.0835,0.50643,0.44544,0.41901,0.43437,1.4506,0.99857,0.87738,0.6199,1.359,0.50255,0.46794,1.1343,0.6185,0.74912,0.48429,0.69825,0.46992,0.58909,0.52266,0.51139,0.34974,0.73982,1.002,0.83156,0.66641,0.92015,0.83028,0.46663,0.50681,0.55833,0.93705,0.63693,0.29931,0.62017,0.69202,0.46184,0.55203,0.38084,0.30885,0.31121,0.41892,0.71296,1.0412,0.44513,0.72544,0.20164,1.0475,0.71514,0.40952,0.45681,0.57219,0.67586,0.33671,0.56507,0.80374,0.79598,0.56947,0.24395,1.1395,0.67427,0.74188,0.62908,0.55078,0.74352,0.37979,1.0344,0.572,0.3794,0.57574,0.62135,1.0194,1.2131,1.1258,0.44113,0.52454,1.0547,0.35443,0.57825,0.8669,0.46466,0.45389,0.77404,0.37281,0.63868,0.43507,0.61514,0.48712,0.57183,0.6232,0.49959,0.69327,0.42383,0.70646,0.64037,0.49361,0.50758,0.61658,0.31096,0.4598,0.49289,0.58208,1.044,0.46571,1.0555,0.68638,0.72256,1.3781,0.58206,0.76653,0.72431,0.73087,0.36608,0.2609,0.95207,0.77261,1.2039,0.95405,0.98193,0.8215,0.85303,0.7239,1.0251,0.71441,0.46866,0.52696,0.63038,0.38105,0.43524,0.31369,0.6825,0.65327,0.62174,0.62454,0.69646,0.51857,0.4052,0.46109,0.5836,0.38445,0.54085,0.49498,0.62563,1.0981,0.48012,0.5481,0.65938,0.2293,0.45039,0.54738,0.57849,0.42718,0.50359,0.33674,0.62985,0.96067,0.51425,0.83768,0.40565,0.61795,0.40603,0.76035,0.56398,0.43246,0.55173,0.98168,0.48756,0.62123,0.68469,0.51554,0.91062,0.74524,0.95122,0.93578,0.5906,0.38209,0.71128,0.62314,0.45771,0.72066,0.36503,0.38718,0.31396,0.74443,0.88695,0.55053,0.747,0.77061,0.48822,0.55261,0.73137,0.46064,0.38536,0.97293,0.51643,0.45088,0.65967,1.1166,0.49837,0.57785,0.35671,0.54842,0.83625,0.28797,0.57495,0.57064,0.58722,0.55108,0.8822,0.40649,0.47889,0.58288,0.85979,0.81189,0.84898,0.5672,1.3533,0.34569,0.68408,0.96171,0.56794,0.4155,0.54915,0.3444,0.41549,0.96568,0.49462,0.63119,0.42992,0.76888,0.39954,0.7154,0.40778,0.82598,0.9802,0.47241,0.84544,1.5851,1.4873,1.0859,0.77158,1.2374,0.57313,0.43278,0.48287,0.55445,0.40359,1.0425,0.47649,0.5102,0.54879,0.29708,0.90836,0.55926,0.58884,0.69248,0.70186,0.50109,0.5419,0.72825,0.4467,0.54487,0.51303,0.52921,0.52403,0.58495,0.60504,0.66126,0.78718,0.73904,0.36552,0.68676,0.74157,0.535,0.27193,0.97065,0.312,0.43825,0.66772,0.62546,1.4015,1.4636,0.63247,0.3138,0.82929,0.30676,0.27193,0.27706,0.53091,0.52523,0.60005,1.0533,0.57172,0.61849,0.37183,1.1722,0.59569,0.57052,0.37671,0.3191,0.27134,0.53336,0.61987,0.82089,0.6227,0.33363,0.3182,0.51712,0.23154,0.82981,0.52641,0.31882,0.66499,0.47386,0.8692,0.6573,0.71134,0.59028,0.5864,0.62408,0.35001,0.21787,0.39759,0.51559,0.83987,1.0197,0.36756,0.76359,0.9914,0.74654,0.45551,0.83601,0.37941,0.22199,0.46662,0.88694,0.26959,0.63903,0.44126,0.65845,0.53084,0.68177,0.54088,1.1129,0.38677,0.51637,0.49757,0.45505,0.66533,0.21718,0.29403,0.72176,0.78875,0.75729,0.7854,0.58496,0.53274,0.69885,0.37364,1.0998,0.51594,0.4261,0.62652,1.0434,1.3175,0.79203,0.8077,0.63623,0.53803,1.1561,1.1728,0.62967,0.73806,0.47306,0.70301,0.40711,0.28982,0.74533,0.60403,0.94807,0.98855,1.4271,0.57452,0.86476,0.66287,0.88739,0.44946,0.34302,0.77103,0.89127,0.73869,0.55558,0.77979,0.80768,0.84376,0.62807,0.81469,1.1549,0.69293,0.9701,0.51298,0.73207,0.7933,0.90609,0.39732,0.58314,0.57487,0.84733,0.9416,0.46512,0.51986,0.59071,0.52265,0.48814,0.69724,1.1931,0.63439,0.5104,0.50522,1.0789,0.58945,0.51492,0.66106,0.40954,0.47367,0.6342,0.57722,2.4385,0.90127,0.5269,0.50457,0.78987,0.88224,0.77078,0.44481,0.3871,0.42525,0.70474,0.56138,0.66454,0.77283,0.36966,0.35438,0.32805,0.45618,0.31833,0.60821,1.1373,0.73916,1.1023,0.71068,0.99913,1.158,0.60024,0.33821,0.36287,0.37881,0.54683,0.35048,0.624,0.35039,0.46711,0.2972,0.5694,1.3422,0.8302,0.41737,0.47868,0.55778,0.37655,0.6145,0.41033,0.45284,0.44861,0.47095,0.93852,0.5886,1.0373,1.1349,0.57932,0.51239,0.42345,0.34172,0.6095,0.72421,0.43587,0.49812,0.63521,0.44085,0.42732,0.61293,0.54174,0.60826,0.50933,0.3831,0.80868,1.2877,0.72904,0.42659,0.81094,0.4674,0.47527,0.57727,0.96066,0.56946,0.61515,0.63949,0.68644,0.44755,0.50768,0.28884,0.43104,0.43372,0.85645,0.80686,0.48148,0.45416,0.60217,0.69806,0.99167,0.73942,0.50563,0.48099,0.55469,0.20692,0.51385,0.66085,0.27246,0.85054,1.0172,0.5295,1.0957,1.4594,0.74402,0.90017,0.42655,0.44198,0.50112,0.64993,0.67431,0.67685,0.79841,0.72486,1.0664,0.73499,0.52414,0.75391,0.94673,0.58483,0.75367,0.67081,0.6492,0.82191,0.64654,0.53462,0.61916,0.43776,0.27522,0.77375,0.36308,0.8342,0.80471,1.1374,0.71772,0.53607,0.76585,0.71678,0.6274,0.36506,0.52999,0.42824,0.63187,0.36539,0.24401,1.0432,0.62715,0.47152,0.35933,0.8981,0.69465,0.62356,0.54156,0.52189,0.57082,0.97026,0.78429,0.42224,0.77797,0.61076,0.3655,0.64591,0.39002,0.55431,0.65935,0.44286,0.83671,1.1407,1.2175,0.8271,0.87148,0.60963,0.42585,0.5091,0.31561,0.46125,0.96836,1.4358,0.4678,0.69933,0.79156,0.5431,1.241,0.43906,0.57037,0.50318,0.68012,0.69332,0.44553,0.6217,0.57725,0.73927,1.0092,0.70366,0.64235,0.43338,0.40941,0.25492,0.39929,0.56025,0.5793,0.69257,0.41935,0.24111,0.75851,0.61212,0.51007,0.67806,1.165,0.83141,0.46486,0.96493,0.35763,0.9761,0.83827,0.82216,0.38724,0.41758,1.3452,0.64215,0.53723,0.85238,0.90865,0.68666,0.82733,0.77807,0.34337,0.44456,0.43252,1.1356,0.58001,0.57482,0.91176,0.4581,0.37028,0.88898,0.47047,0.83355,0.59922,0.65206,0.77646,0.40593,0.54712,0.39639,0.51578,0.48248,0.41596,0.54349,1.4798,0.50796,0.68994,0.7195,0.90611,0.83413,0.59468,0.7926,0.69114,0.54651,1.0577,1.2947,0.44301,0.51724,0.65705,0.47528,1.1104,0.64265,0.5427,0.42474,0.69192,0.98742,0.71562,0.34516,0.64311,0.64132,0.81008,0.56967,0.57667,1.2788,0.66104,0.43912,0.30176,0.99407,0.78857,0.57869,0.51582,0.37689,0.41726,0.48496,1.155,0.6969,0.45553,0.58845,0.82564,0.25859,0.6399,1.1444
0.53459,0.37893,0.44576,0.38259,0.75476,0.44841,0.39525,0.46112,0.65286,0.47979,0.51918,0.63081,0.92486,0.39719,0.60314,0.30275,0.59312,0.94954,0.41763,0.77275,1.2177,0.75858,0.58936,0.80233,0.65595,0.87103,0.87535,0.64666,0.65831,0.53763,0.35625,0.70413,0.75129,0.55181,0.87855,0.50688,0.76705,0.67324,0.55733,0.31444,0.24404,0.36712,0.44636,0.60756,0.44369,0.54167,0.78141,0.53411,0.67451,0.51874,0.72211,0.62092,0.53631,0.69998,0.55332,0.72436,0.37162,0.31285,0.4393,1.1142,1.0355,0.7179,0.67489,0.63702,0.77036,0.28776,0.90071,0.80895,0.66315,0.56436,0.86271,0.38497,0.67881,0.389,0.56292,1.3557,0.62833,0.92664,0.81557,0.94601,0.4931,0.41959,0.66898,1.1094,0.78367,0.49808,0.49482,0.39778,0.43083,0.38685,0.80058,0.44343,0.47076,0.42103,0.72264,1.1138,1.1369,0.51797,0.64533,0.52585,0.68665,1.2777,0.85064,0.76579,1.1911,0.93194,0.46946,0.44822,1.0535,1.2671,0.73866,0.56917,1.0892,0.40931,0.68476,0.66467,1.0298,0.67351,0.56117,0.57731,0.33844,0.65193,0.57171,0.52243,0.33085,0.79535,0.65423,0.60448,0.45781,0.65732,0.42775,0.48028,0.77849,0.61883,0.38196,0.3416,0.53946,2.2952,0.42411,0.77435,0.67186,0.86106,0.67409,0.43405,0.584,0.57001,0.47806,0.69587,0.74457,0.63835,0.56514,0.54452,0.79591,1.6137,1.1807,1.3066,0.41651,0.62829,1.2524,1.6742,0.96859,0.43948,0.49461,0.48362,0.49912,0.52914,0.62895,0.4519,0.71327,0.71314,0.77884,0.56608,0.54464,0.47494,0.37515,0.81301,0.72853,0.90223,0.54434,0.23888,0.73189,1.0545,0.5937,0.85224,0.74067,0.50274,0.59964,0.87391,0.72783,0.96012,0.55189,0.45067,0.55555,0.74625,0.60013,0.80709,0.96116,0.89642,0.44403,0.47908,0.44209,0.6753,0.40314,0.77044,0.6168,0.49834,0.6216,0.57733,0.98135,0.58331,0.57613,0.54108,0.63155,0.57319,0.63964,0.94702,0.81312,1.0111,0.57632,0.67914,0.39128,0.635,0.60732,0.74765,0.78875,0.56746,0.51393,0.30833,0.24863,0.458,0.48791,0.80914,0.79857,0.68514,0.42655,0.61339,0.58422,0.50976,0.42151,0.41316,0.48493,1.7755,1.312,1.9676,0.42448,0.94438,1.0649,0.54117,0.38651,1.0691,0.45927,0.41892,0.73502,1.0683,0.60335,0.30844,0.55448,0.54057,0.27475,0.35192,0.58012,0.67173,0.51448,0.48965,0.56239,0.37449,0.38834,0.51248,0.64603,0.63411,0.4481,0.6582,0.50275,0.7287,0.86348,1.5691,0.90057,0.63215,0.64624,0.63625,0.57962,0.69889,0.51621,0.7372,0.76997,0.7327,0.51123,0.59392,1.0879,0.40936,0.64331,0.81265,0.81531,0.67431,0.63844,0.97899,0.68694,0.26733,0.37232,0.29981,0.82346,0.52,0.95208,0.52611,0.62726,0.6848,0.91957,0.66883,0.36375,0.55903,0.48424,0.37143,0.31269,0.42004,0.41671,0.64982,0.80859,0.56093,0.45745,0.46452,1.0788,0.62382,0.68547,0.51545,0.46226,0.53546,0.65101,0.66378,0.54769,0.5541,0.98705,0.43887,1.0563,1.2642,0.91463,0.53673,0.54598,0.56574,0.74828,0.52921,0.63261,0.88683,0.90235,0.85652,0.55245,0.3378,0.43346,0.52459,0.75761,0.49133,0.48691,0.92125,0.54509,0.79105,0.65263,1.0571,0.31609,0.70013,0.46819,0.66176,0.42788,0.56346,0.36028,0.78804,0.45468,0.43628,0.60733,0.68039,0.66723,0.5949,0.26815,0.54329,0.75565,0.52482,0.83425,0.78124,0.44076,0.54492,0.64931,1.0351,0.78053,0.51211,0.66119,1.1102,0.88589,0.64979,0.67772,0.97162,0.83611,0.44878,0.74408,0.61264,0.73175,0.65646,0.62844,0.49746,0.39171,0.44105,0.64312,0.74821,1.5151,0.69124,0.78278,0.63678,0.61292,0.73405,0.60797,0.35569,0.94951,0.56033,0.99942,0.47291,0.66484,0.63791,0.51736,0.59933,0.55196,0.76832,0.24206,0.3174,0.47316,0.22473,0.23666,0.66976,0.55046,0.55122,0.46898,0.36012,0.73219,0.64327,1.1919,0.38603,0.78263,0.3674,0.82111,1.0505,0.8285,0.51531,0.88744,0.91809,0.71308,0.27651,0.39601,0.60258,0.25003,0.86562,1.0845,0.87727,1.0953,0.53747,0.41154,0.49926,0.88322,0.70035,0.75715,0.42478,0.38282,0.31186,0.58603,0.89803,0.98754,0.93186,0.3698,0.62696,0.95515,0.69925,0.25124,0.3428,0.66224,0.83767,0.52516,0.53355,0.36887,1.3273,0.44256,0.51325,0.62055,0.54994,1.2619,1.4839,0.59092,0.38354,0.49168,0.48618,0.32106,0.60735,0.56781,0.34172,1.0839,0.65682,0.42023,0.70112,0.57511,0.58217,0.6552,0.80507,1.3113,1.0351,0.71188,0.80016,0.72417,0.53139,0.52491,0.96237,1.0509,0.57299,0.45496,0.61305,0.41583,0.35834,0.53069,0.84855,0.81069,1.1518,0.48566,0.49609,0.66152,0.91903,0.6345,0.53547,0.99977,0.34163,0.30066,0.45537,0.4384,0.64479,0.40254,0.48704,0.47412,0.83025,0.53713,0.62408,0.69749,0.67263,0.59187,0.58106,0.33909,0.7123,0.65679,1.1146,0.73312,0.65997,0.47466,0.60942,0.32038,0.89077,0.65855,1.1218,0.3612,0.72107,0.79611,0.36452,0.83881,0.41387,0.92642,0.56744,0.41976,1.0147,0.8241,0.67915,0.23515,0.40872,0.67759,0.92729,0.70301,0.57153,0.41713,0.58742,0.62562,0.70045,1.0687,0.57628,0.40567,0.41686,0.91561,0.67869,0.80915,0.86608,0.46459,0.8842,0.73004,0.57904,1.0436,0.59801,1.0186,1.0787,0.86606,1.072,0.497,0.25009,0.61616,1.0219,0.54913,1.0493,0.44284,0.81832,0.62413,0.86339,0.69604,0.69308,0.74307,0.39725,0.49225,0.65912,0.72252,0.47722,0.88264,0.60346,0.74968,0.90394,1.1999,0.86303,0.39098,0.46359,0.27238,0.43449,0.54856,0.64483,0.88002,0.46156,0.88739,0.62361,0.21609,0.74384,0.64435,0.64177,0.29795,0.30915,0.79864,0.38889,0.57526,0.63795,0.66661,0.51686,1.4171,1.2966,0.47911,1.4837,0.60789,0.42657,0.41428,0.38742,0.5963,0.50014,0.65777,0.74261,0.28474,0.61613,0.72793,0.38988,0.43455,0.53459,0.6333,0.8886,1.0617,1.1301,0.69892,0.63714,0.91033,0.6654,0.8678,0.22738,0.43941,0.35924,0.64246,0.69405,0.63057,0.3911,0.57424,0.3501,0.4019,0.54991,0.79386,0.86791,0.88737,0.72693,0.56118,0.83047,0.81978,0.45455,0.40306,0.66574,0.51919,0.77598,1.2601,1.8093,1.8888,1.2368,0.60632,0.8292,0.71608,0.57587,0.49477,0.47182,0.6731,0.53484,0.42931,0.62436,0.72965,1.2244,0.63101,0.47298,0.4492,1.0582,0.91879,0.50975,0.55448,0.5247,0.40397,0.85948,0.53732,0.69762,0.3566,0.55933,0.70861,0.30468,0.26072,0.50339,0.47364,0.70303,0.43443,0.47438,0.7852,0.82141,0.51198,0.5091,0.49392,0.96031,1.2109,0.81358,0.42595,0.87341,0.7053,0.73487,0.58327,1.0559,0.95204,1.3162,0.69128,1.153,0.69,0.87738,0.413,0.38267,0.62207,0.33359,0.67758,0.38722,0.38749,0.42657,0.53398,0.80432,0.56848,0.60274,0.61773,0.71727,0.76615,0.81884,0.68723,0.82249,0.38092,0.96515,0.60583,0.53922,0.62169,0.74285,0.49185,0.57722,0.41947,0.5969,0.69568,0.53504,1.0924,0.25593,0.77332,0.5932,0.71348,0.41441,0.77772,0.64037,0.66815,0.69341,0.94724,1.3872,0.50204,0.70727,0.38792,0.53448,0.51732,1.1408,0.59634,0.62274,0.74299,1.4098,1.2454,0.86653,0.34164,0.24743,0.77577,0.41821,0.94997,0.72162,0.67151,0.19617,0.5639,0.70709,0.42266,0.44533,0.55716,0.48463,0.54984,0.92029,1.0935,0.51682,0.65544,0.79643,0.74453,0.47695,0.64734,0.42098,1.9749,0.54773,0.73811,0.78822,0.88289,0.74939,0.90857,1.0085,0.60521,1.0102,0.7736,0.22738,0.42619,0.66856,0.44692,1.0899,0.83115,0.28928,0.96217,0.7647,0.84501,0.31329,0.4706,1.3251,0.7517,0.6949,0.49593,0.84769,0.62326,0.42069,0.39275,0.53499,0.55617,0.49433,0.72178,1.1377,0.62445,0.3503,0.37787,0.45809,0.41624,0.82638,0.62959,0.25805,0.61433,0.87915,0.99335,0.7258,1.1253,0.43463,1.1513,0.49588,0.72876,0.94782,0.41201,0.53873,0.72261,1.042,1.2912,0.92468,0.46076,0.7705,0.27918,0.23202,0.51302,0.92582,0.33831,0.55463,0.72152,0.82999,1.3306,0.50044,0.50332,0.72835,0.51438,0.53351,0.46412,0.3642,0.2535,0.41535,0.36667,0.46295,0.73056,0.87412,0.75601,0.26638,0.75964,0.56659,0.84611,0.69328,0.94201,0.44236,0.64255,0.94618,0.76785,0.6245,0.30273,0.9546,1.271,0.73424,0.35324,0.5875,0.46014,0.85149,0.99411,0.98139,0.7944,1.0874,0.88987,0.75152,0.74172,0.68009,0.41087,0.54843,0.25354,0.76795,0.65532,0.65187,0.44007,0.626,0.7263,0.67991,0.72098,0.40892,0.70723,0.4773,0.57369,0.33215,0.31178,0.77464,0.91884,0.68613,0.49297,0.91235,0.68078,0.71889,0.45131,0.65338,0.88226,0.48444,0.30501,0.39065,0.50286,1.1668,0.5833,0.76474,0.49174,0.79321,0.4068,0.37047,0.54466,0.88142,0.83846,0.37141,0.40299,0.43967,0.62,0.47172,0.52021,0.7186,0.58392,0.40212,0.49244,0.59829,0.92753,0.64661,0.95051,0.73052,0.81048,0.70878,0.64369,0.60765,0.51145,0.36644,0.373,1.0751,0.71474,0.3613,0.46509,0.67124,0.67266,1.5019,0.91039,1.0279,1.0231,0.97617,0.46956,0.51309,0.59832,0.69773,0.3971,0.61111,1.3372,0.72386,0.58088,0.94313,1.0954,0.80421,0.35307,0.37426,0.34763,0.45544,0.80348,0.36778,0.52364,0.90917,0.47156,0.38824,0.72952,0.82029,0.66383,0.49519,0.47442,0.47868,0.59509,0.70379,1.3315,0.69111,0.44648,0.54254,0.63584,0.48389,0.40945,0.77256,1.0964,0.8595,0.48729,0.31012,0.59033,0.51066,1.0609,0.70658,0.46948,0.46305,1.1835,0.55499,0.47172,0.86835,0.8747,0.65865,0.64891,1.0201,1.0148,0.73798,0.25563,0.34051,0.32628,0.67076,0.56681,0.36663,0.58208,0.59603,1.0107,0.68199,1.1298,0.66227,0.56353,0.35268,0.5635,0.68635,0.66993,0.32484,0.56431,0.61132,0.40067,0.25308,0.54713,0.72274,1.011,0.76487,0.73014,0.45625,0.37923,0.82223,0.62336,1.2351,1.0733,0.7323,0.99845,0.69038,0.43679,0.64911,0.51407,0.79565,0.90465,0.86459,0.48405,0.42495,0.34309,0.51455,0.55197,0.72104,0.56139,0.9917,0.87424,0.70031,0.61544,0.66071,3.6199,5.0767,0.56778,0.67617,0.811,0.74774,0.65603,0.48592,0.45985,0.5356,0.64059,0.4456,0.5836,0.44148,0.44258,1.0539,0.97755,0.67192,0.37715,0.29189,0.69018,0.70712,0.53764,1.5631,0.64622,0.55423,0.48986,0.85023,0.61721,0.4898,0.60113,1.0123,1.0314,0.48761,0.9709,0.7118,0.73354,0.46921,0.38329,0.47158,0.8523,1.2347,0.66311,0.27456,0.88404,0.64566,1.0187,0.80857,0.91441,0.48252,1.9098,2.8544,1.0144,0.53827,0.51446,0.27511,0.38873,0.76041,0.6431,1.3903,0.70861,1.2519,0.60074,0.45989,0.84612,0.83679,0.53094,0.99906,0.39386,0.58001,1.2509,0.60359,0.51195,0.48992,0.30955,0.86295,0.7054,1.0298,0.67055,0.63367,0.71322,0.9294,0.44721,0.70215,0.9892,0.79711,0.57478,0.41402,0.54371,1.0006,0.78251,0.52445,0.72511,0.75335,0.43167,1.2076,0.38111,0.41044,1.2673,0.69963,0.27174,1.0364,0.18394,0.68805,0.73003,0.61089,0.28976,1.0664,0.67459,0.3772,0.90351,0.66593,0.78937,0.7109,0.802,0.8705,0.77195,0.95313,0.69127,0.98885,1.2017,0.54632,0.62431,0.42808,0.16941,0.38326,0.97399,0.83576,0.50712,0.48607,0.43853,0.32132,0.55211,0.44169,2.1099,1.1804,1.2504,0.49354,0.4597,0.44342,0.77595,0.61458,0.58658,1.1689,0.57748,0.49513,0.3937,0.53914,1.0878,0.94839,0.92723,0.49556,0.4234,0.49303,0.61222,1.1297,0.35681,0.8998,0.44343,0.77424,0.61904,0.38236,0.70412,1.008,1.1071,1.5402,0.57414,0.66575,1.191,0.49887,0.59701,0.38716,0.64031,0.3962,0.2661,0.45707,0.57131,0.5982,1.0249,0.4874,0.6557,0.50082,1.0183,0.57965,0.5875,0.70193,0.41499,0.96765,0.81215,0.91775,0.55091,0.49935,0.90033,0.46586,0.80825,0.47453,0.25371,0.36937,0.40584,0.32221,0.38515,0.83677,0.46637,0.77998,0.73851,0.51214,1.0171,0.39978,0.68665,0.59265,0.63543,1.0654,0.38523,0.3507,0.55729,0.81886,0.49406,0.69334,0.65651,0.43618,0.5065,0.52421,0.54561,0.70305,0.88886,0.65806,1.5113,0.52161,1.004,0.82607,0.45205,0.37458,0.38537,0.59678,0.47037,0.80003,0.47113,0.57709,0.56007,0.57329,0.60406,0.79689,0.45783,0.83711,0.46783,0.58653,0.34802,0.5053,0.93012,0.34292,0.34578,0.71268,0.82441,0.77909,0.84258,1.3637,0.95622,0.68321,0.60385,0.56783,0.62318,0.46427,0.55592,0.61847,0.29804,0.36938,0.49436,0.53291,0.99959,0.30929,0.58446,0.48088,0.50543,0.69496,0.84279,0.549,0.81138,0.6056,0.41015,0.42181,0.5097,0.96878,0.34805,0.97236,1.2133,0.71367,0.285,0.48914,0.63068,0.52267,0.38945,0.47841,1.3423,0.78271,0.72945,0.79971,0.64217,1.4081,0.56041,0.28107,0.64511,0.61165,0.95909,1.0523,0.59619,0.54732,0.54011,0.65121,0.71413,0.3735,0.41784,0.70969,0.60451,0.56107,0.3605,0.4507,0.56481,0.72913,0.28599,0.58274,0.77657,0.74682,0.3942,1.2041,0.30551,0.50974,0.4036,0.7475,0.47508,0.54202,0.8109,1.2238,0.59735,0.55662,0.6065,0.59497,1.0526,1.473,0.75391,0.43032,0.5724,0.35846,0.46102,0.94645,0.66272,0.7131,1.0219,1.0011,0.43768,0.34817,0.61274,0.43824,0.46363,1.2298,1.117,0.67816,0.83359,0.65827,0.69023,0.63447,0.44017,0.48983,0.599,0.47437,0.39492,0.38992,0.40193,0.42064,0.53938,0.62599,0.29154,0.58715,0.94531,0.4652,0.82666,0.62587,0.53703,0.68139,0.47776,0.86349,0.68037,0.27832,0.36705,0.49125,0.5958,0.52536,1.0067,1.4955,0.59789,0.4622,0.61772,0.41416,0.59222,0.3625,0.52298,0.54231,0.54693,0.82195,0.47063,1.0351,0.55615,1.1508,0.30956,0.51525,0.63311,0.36629,0.48479,0.51899,1.1228,0.92285,0.44786,1.0676,1.1175,0.26359,0.35272,0.467,1.1906,0.67865,0.83707,0.61496,0.31909,0.80595,0.64114,0.45694,0.28318,0.38191,0.63696,0.84571,0.66264,0.2613,1.1342,0.67845,0.36845,0.43286,0.36142,0.42569,0.60235,0.82376,1.2798,0.42315,1.1265,0.74397,0.67119,0.74382,0.6978,0.60709,0.88074,0.56091,0.77859,0.78789,0.56902,0.49952,0.42895,0.46474,0.82415,1.1446,1.0904,1.3242,0.69902,0.59357,1.081,0.90275,0.46434,0.50501,0.50216,0.57095,0.31762,0.55015,0.54083,0.43081,0.8653,0.52738,0.33098,0.59681,0.80008,0.68268,0.81448,0.5547,0.66582,0.65735,0.78262,0.51048,0.68287,0.27909,0.49336,0.58523,0.6287,0.47092,0.75436,0.40946,0.62122,0.30137,0.40441,0.73641,1.1435,0.66834,0.4813,1.2457,0.44609,0.43086,0.51431,0.6648,0.99796,0.86414,0.84968,0.57083,1.117,0.89609,0.56344,1.0773,0.44615,0.82978,0.91948,0.68728,1.2241,0.80744,0.44202,0.45143,0.47997,0.24083,0.4741,0.44616,0.52968,0.67082,0.36363,0.3941,0.34195,0.9863,0.30784,0.7754,0.77555,0.55922,0.60248,0.43502,0.53654,0.728,0.46593,0.47216,0.73902,0.59464,0.82136,0.56553,0.35564,1.1223,0.78204,1.0288,0.92026,1.4602,1.0128,0.17173,0.66794,0.79798,0.49532,0.5078,0.64921,0.6457,0.52814,0.18726,0.60981,0.81422,1.0246,0.25176,1.0551,1.3144,0.78867,0.30783,0.38302,0.69198,0.61027,0.56021,0.30012,0.42859,0.4763,0.20181,0.34574,0.75273,0.44222,0.62057,0.41048,0.79691,0.70715,0.26302,0.21138,0.59209,0.51564,0.42946,0.50702,0.74306,0.82178,0.38219,0.42251,0.59275,0.47045,0.43353,0.63596,0.45903,0.53578,0.52248,0.55439,0.58537,0.44311,0.59385,0.71872,0.55067,1.2279,0.38172,0.87298,1.0164,0.53229,0.57605,0.7025,0.42385,0.46082,0.62457,0.53207,0.5232,0.68326,0.38853,0.80561,0.69407,0.66092,0.75564,0.45884,0.69718,0.29361,0.8685,0.56385,0.79681,0.37321,0.42274,0.72144,0.89194,0.35946,0.46499,0.4226,0.654,0.78833,0.60348,0.65153,0.55185,0.7631,0.70628,0.74043,0.75622,0.8321,0.66021,0.80992,0.55132,0.51601,1.1875,1.2362,0.65013,0.449,0.48852,0.8757,1.1743,0.92524,0.94386,0.61002,0.32167,0.22497,0.36591,0.39958,0.70739,1.107,0.80539,1.2044,0.63141,0.50213,0.42368,0.75048,0.83413,0.36216,0.75236,0.51441,0.74275,0.68261,0.64668,0.43242,0.45183,0.81809,0.84915,1.6252,0.76093,0.80728,0.50528,0.98995,0.42398,0.57383,0.6272,0.64931,0.30615,0.47381,0.46787,0.49109,0.50897,0.63246,0.90595,1.011,0.73769,0.34352,0.46369,0.88366,0.54865,0.6018,1.1663,0.54594,0.42996,0.6997,0.60979,0.67108,0.54805,0.45964,0.45159,1.0144,0.87211,0.75971,0.47419,0.7136,1.0714,0.44993,0.88782,0.30557,0.82411,0.63792,0.33701,0.75479,0.84925,0.5574,0.5309,0.6439,0.86676,1.3438,1.2337,0.52635,0.49779,0.87988,1.0761,0.70982,0.61112,0.51982,0.57648,0.74931,0.52004,0.43862,0.52353,0.74515,0.53939,0.66412,0.62031,0.69643,1.0466,0.6349,0.59226,0.77752,0.37159,0.35111,0.7319,0.36833,0.78941,0.44941,0.82277,0.77343,1.617,1.0286,0.99378,0.41281,0.46988,0.9877,0.54093,0.339,0.34743,0.56119,0.90825,0.63827,0.76667,0.5663,1.0666,1.1991,0.49696,0.80656,0.63927,0.31599,0.65058,0.47836,0.49789,0.51943,0.58239,0.47631,0.42111,0.43161,0.59692,0.38099,0.78678,0.73156,0.71143,0.39758,0.56554,1.2035,0.46361,1.059,0.9995,0.80883,0.97353,0.54518,0.72301,0.72222,0.72371,0.47771,0.65459,0.64791,0.59928,0.63299,0.69964,0.7947,0.61513,0.53106,0.45807,0.53345,0.64226,0.47216,0.34435,0.5386,0.58521,0.51716,0.78354,1.0709,0.63124,0.54505,0.55968,0.66081,0.69643,0.33346,0.79748,0.8964,0.64951,1.0964,0.40281,0.80909,0.34334,0.36311,0.53012,0.4884,0.53903,0.42222,0.5937,0.67999,0.58787,0.29569,0.26492,0.69084,0.55756,0.87935,0.99383,0.51509,0.76544,0.29749,0.3502,0.84627,0.56376,0.4021,0.69432,0.62276,0.68669,0.32389,0.95587,0.64463,0.80889,0.8604,0.62754,0.4859,0.28822,0.5545,0.28876,0.7407,0.47768,1.4542,0.6422,0.62603,0.30077,0.44357,0.52138,0.30737,0.59849,0.56906,0.40394,0.50405,0.45362,0.58197,0.45537,0.51511,0.56609,1.0461,1.0758,1.0197,0.94641,0.89159,0.51863,0.45556,0.39487,0.6348,0.4998,0.98166,0.8315,0.44774,0.24872,0.34571,0.45313,0.85757,1.0046,0.26281,0.3617,0.44281,0.42322,0.5442,0.82581,0.85365,0.56255,0.40279,0.43582,0.58944,0.92818,0.73606,0.21783,0.59748,1.0795,0.47418,0.73439,0.54022,0.76463,0.34599,0.53284,0.59915,0.37319,0.39991,0.3819,1.0887,1.1099,0.65429,0.62799,0.33718,0.7479,0.76622,0.6994,1.0009,0.69788,0.59134,0.48703,0.75513,0.43359,0.29579,0.3592,0.8959,0.54055,0.51579,0.45362,0.50174,0.96698,0.88204,0.51429,0.49693,0.58131,0.34322,0.79954,0.70959,0.35643,0.57924,0.62883,0.85374,0.67657,0.35349,0.9562,0.44316,0.26333,0.52248,0.9978,0.63239,1.2419,0.81358,1.0182,0.78322,0.5487,0.51874,0.99456,0.3819,0.53348,0.52914,0.92081,1.0084,0.79447,0.19272,0.56191,0.53196,0.34803,0.4273,0.34633,0.34071,0.8135,1.2134,0.41315,0.29218,0.51933,0.36934,0.45564,0.65597,0.2333,0.71174,0.55258,0.82496,0.65678,0.62566,0.5126,0.71976,0.97161,1.2578,0.50013,0.34645,0.8575,0.83918,0.75213,0.57309,0.45024,0.49548,0.55389,1.5279,0.84442,0.62262,0.77279,1.0262,0.55725,1.067,0.50143,0.25,1.031,0.60757,1.0894,0.71362,0.49452,0.93905,0.48391,0.63875,0.75847,0.81776,0.42578,0.34606,0.65263,0.60689,0.61995,0.55939,0.74376,0.55941,1.2442,0.2036,0.49634,0.50699,0.65646,0.34494,0.54475,0.69683,0.75389,0.33168,0.89227,0.45592,0.47918,0.65275,0.67881,0.84537,0.89724,0.51691,0.44758,0.4499,0.74393,0.54431,0.54888,0.49577,0.98749,0.54247,0.37961,0.82065,0.71207,0.43016,0.42967,1.1631,1.0681,0.68579,0.78502,0.59792,0.79106,0.35535,0.23978,0.19084,0.81424,0.5619,0.53393,0.64369,0.68767,0.55152,0.86124,0.37403,0.18959,0.60517,0.9218,0.55188,0.62843,0.49276,0.495,0.48244,0.52164,2.2325,0.62054,0.32705,0.32441,0.37061,0.52554,1.0267,0.60538,0.32535,0.6792,0.58391,0.19089,0.78177,1.1109,0.43187,0.59808,0.54771,0.50069,0.22384,0.68285,0.82058,0.60878,0.55117,0.39277,0.96317,0.37273,0.58287,0.67349,0.58225,0.43658,0.41783,1.2458,0.97712,0.7223,0.69385,0.63636,0.42066,0.43206,0.51865,0.31673,0.23283,0.44112,0.36337,0.39565,0.56774,0.68578,0.61055,0.57201,0.53981,0.76058,0.74361,0.61949,0.4733,0.41535,0.74587,1.9693,0.59928,0.39984,0.40662,0.98856,0.62051,0.45763,0.94189,0.65262,0.63019,0.97931,0.42779,0.47105,0.33989,0.73569,0.56823,0.81685,0.75339,1.1348,1.2272,0.41111,0.83369,0.3809,0.48003,0.54419,0.94584,0.50289,1.2638,1.3731,0.70744,0.70686,0.95395,0.82575,0.74308,0.67116,0.27749,0.30901,0.69667,0.65141,0.78532,0.56329,0.55199,0.35425,0.5051,0.56098,0.54372,0.31376,0.29424,0.32525,0.44721,0.65769,0.39174,0.31786,0.69468,0.36445,0.47231,0.50304,0.62451,0.69523,1.0125,0.47421,0.44763,0.76051,0.51481,0.38403,0.51874,0.6397,0.46423,0.69684,0.62915,0.65815,1.0339,0.58764,0.54805,0.58914,1.0612,0.52296,0.5331,0.91331,1.4111,0.57718,0.57957,0.69847,0.77855,0.51261,0.56144,0.86412,1.0204,1.1229,0.72772,1.1331,0.88334,0.68524,0.98843,1.1584,0.70783,0.79583,0.65559,0.55194,0.75538,0.85084,0.4193,0.76601,0.58401,0.71921,0.58865,0.5663,0.53874,0.62173,0.479,0.42947,0.40817,0.51697,1.0039,1.0346,0.75868,0.82719,0.52767,0.48899,0.557,0.45092,0.39409,0.36148,0.6418,0.95878,0.51143,0.27982,0.76539,0.90742,1.0587,0.67445,1.0186,1.4416,0.58947,0.9062,0.58585,0.96121,0.35665,0.62039,0.51274,0.28023,0.35524,0.81169,0.90926,0.65517,0.41528,0.63983,0.41792,0.88295,0.71514,0.35021,1.0495,0.39225,0.80351,0.58692,0.70797,0.54073,0.67311,0.96565,0.90825,0.61439,0.89366,0.49097,0.84004,1.0992,0.65515,0.30388,0.47355,0.71769,0.48194,0.41034,0.68547,1.0676,0.66421,0.49814,0.67666,0.81949,0.6818,0.59614,0.51997,0.54126,1.023,0.737,0.64922,0.45346,0.37526,1.1157,0.24574,0.30976,0.31256,0.60942,0.64291,0.77844,0.83279,0.7987,1.0858,1.0332,0.55761,0.68864,0.87758,0.56582,1.1164,0.33439,0.60034,0.42816,0.34336,0.54034,0.39123,0.5803,0.45762,0.63857,0.72531,0.67745,0.76776,0.41404,0.60506,0.25643,0.65675,0.85606
0.60796,0.38443,1.37,0.79581,0.53765,0.64271,0.37134,0.49313,0.44732,0.83608,0.67452,0.57462,0.51739,0.61118,0.60211,0.52975,0.81525,0.54857,0.45901,0.44742,0.98448,0.55038,0.54946,0.68573,0.44116,0.74389,0.9671,0.92898,0.47749,0.75712,0.60543,0.65602,0.37286,0.75219,0.66315,0.44023,0.9708,0.39699,0.62313,0.70261,0.3894,0.39621,0.41678,0.83899,0.47654,0.54337,1.7338,0.5469,0.47527,0.55851,0.42403,0.36106,0.88588,0.85775,0.68103,0.76642,0.95381,0.63897,0.86333,0.51453,0.39703,0.78247,0.78286,0.35294,0.3191,0.39224,0.46336,0.99207,0.53121,0.34647,0.31487,0.42987,0.83614,0.67981,0.3394,0.41798,0.90984,0.50398,1.0306,0.64648,0.56792,0.34453,1.0896,0.59641,0.66892,0.52683,1.0929,0.97015,0.85308,0.58373,0.3661,0.60228,0.45685,0.85133,0.62258,0.86211,1.3762,0.50301,0.59897,0.57701,0.86361,0.49246,0.61855,1.0353,1.1091,0.73266,0.87908,0.44316,0.52292,0.9636,0.90026,0.60864,0.77431,0.92398,0.5048,0.3086,0.66494,0.78545,0.68729,0.46879,1.0139,0.72765,0.54016,0.62241,0.44656,1.0675,0.64039,0.57104,0.6077,0.47449,0.65104,0.50439,0.42195,0.77382,0.64783,0.50284,0.48945,0.92868,1.0314,0.45474,0.37978,0.39528,0.52518,0.69259,0.53419,0.42774,0.49506,1.3162,0.656,0.45742,0.58413,0.59557,0.85176,0.80493,1.2347,0.73249,1.1139,0.52249,1.164,1.2677,0.72813,0.41965,0.77671,0.99173,0.69196,0.60782,0.46652,0.52653,0.62081,0.69291,0.81606,0.5127,0.57955,0.45282,0.29031,0.52726,0.91947,0.70932,0.52747,0.44829,0.52166,0.53046,0.36057,0.54722,0.8353,0.59976,0.34037,0.50979,0.7264,0.28674,0.59002,1.2514,1.2039,0.6123,0.49488,0.56076,1.03,1.3626,0.833,0.46221,0.45504,0.74646,0.33558,0.96686,0.61323,0.65073,0.5066,0.59381,0.74932,0.73261,0.82948,0.5432,1.0763,0.5104,0.80572,0.74891,0.5151,0.58772,0.46574,0.75373,0.64242,0.56444,0.80248,0.5611,0.97695,0.60329,0.64282,0.75245,0.40779,0.42484,0.41642,1.0622,0.6103,0.60729,0.54945,0.77409,0.84957,0.64391,0.96152,1.0012,1.0852,1.3362,0.96555,0.67002,0.79965,0.8711,0.62931,0.64862,0.73737,1.1473,0.55663,0.72521,0.64199,0.82125,0.5289,0.92922,0.6172,1.1954,0.71592,0.51827,0.58733,0.98338,0.89063,0.53114,0.32786,0.52958,1.0561,0.69391,0.5358,0.55681,0.45897,0.75543,0.55325,0.45879,0.65648,0.40196,0.40671,0.76218,0.70388,0.45561,0.61528,1.0146,1.364,0.30074,1.0465,0.58353,0.84713,0.6838,0.99448,0.30636,1.3854,1.4076,0.75151,0.42292,0.5055,0.67006,0.82082,0.40603,0.51959,0.58565,0.55959,0.87725,0.61894,0.87532,0.46189,0.35215,0.43207,0.81265,0.99772,0.36795,1.0101,0.55395,0.27537,0.51063,0.75019,0.55874,1.3781,0.66721,0.77171,0.55575,0.47857,0.4292,0.7676,0.81874,0.80501,0.61868,0.73106,0.80507,1.2558,0.75193,1.0639,0.40527,0.44835,0.75036,1.0251,0.44664,0.45166,0.84171,0.9298,0.55892,0.67123,1.4131,0.94587,0.46123,0.64078,0.51833,0.47582,0.469,0.57348,0.62265,1.5941,0.22094,0.21975,0.48839,0.68065,0.77259,0.85258,0.68361,0.5669,0.67152,0.60736,0.50983,0.6052,1.0076,0.58555,0.69529,1.1193,0.69467,0.49099,0.72067,0.66002,0.83037,0.63,0.35133,0.38516,0.3629,0.99066,0.70646,1.0973,0.75326,0.91698,0.80485,0.36623,0.53734,0.80938,0.93959,0.59122,0.25525,0.46538,1.0111,0.35877,0.9627,0.8829,0.82657,0.33869,0.5503,1.0053,0.65603,1.0412,0.8858,0.86292,0.41059,0.49388,0.58042,0.56107,1.0087,0.82946,0.84072,0.30632,0.63898,0.2708,0.70636,1.0525,1.0516,0.92774,0.85654,0.66208,0.97144,0.5254,0.26678,0.52218,0.92562,1.1138,0.76264,0.67594,0.5765,0.91174,1.117,0.61041,0.82498,1.0869,1.6093,0.10404,0.51227,0.54881,0.80829,0.60416,0.34048,0.68969,0.46464,0.55258,0.7341,0.3421,0.90539,0.45756,0.5871,1.021,0.26549,0.61414,0.69692,0.66262,0.85245,0.5491,0.44287,1.004,0.50424,0.24976,0.60826,1.0162,0.80236,0.59472,0.69405,0.30109,0.63923,1.2462,0.83627,0.53302,0.72723,0.48303,0.47211,0.4843,0.61253,0.78675,0.84025,0.33833,0.59071,0.47891,0.78964,0.91096,0.59973,0.9702,0.66662,0.39443,0.33112,0.51675,0.59108,0.57082,0.84979,0.82785,0.70745,0.39378,0.65914,0.22998,0.31953,0.42843,0.44867,0.9339,0.32628,0.66122,0.58064,0.78031,0.36442,0.70383,0.60588,0.60274,0.83105,0.37524,0.34764,0.68085,0.5695,1.0425,0.68839,0.48053,0.62085,0.76121,0.72159,0.76708,0.79821,0.50137,0.80184,1.0478,0.74675,0.54234,0.5825,0.7376,0.22336,0.65802,0.63798,0.75667,0.36131,0.47667,0.73974,0.53005,0.82206,0.5778,0.571,0.56008,0.64591,0.39054,0.75192,0.90985,1.0728,0.47129,0.80046,0.48024,0.42006,0.80222,0.70022,0.63968,0.93672,0.52358,0.38943,0.75509,0.99713,0.24099,0.58768,0.7044,1.2411,1.2166,0.37514,0.4584,0.78008,0.31088,0.7383,0.47348,0.72995,0.73526,0.60998,0.41058,0.57376,0.84112,0.62528,0.56107,0.71651,0.60565,0.35642,0.3871,0.62277,0.31782,0.87343,0.85308,0.48213,0.41211,0.45049,0.63661,0.76382,0.4215,0.84341,0.73542,0.53013,0.53919,0.5895,0.43686,0.55889,0.73926,0.38285,0.5965,0.31625,0.75362,1.0247,0.51346,0.41736,0.4611,0.6235,0.51903,0.79006,0.76633,0.76411,0.73912,0.48972,0.41497,0.45203,0.42754,0.62408,0.26473,0.61892,0.69216,1.2647,0.34928,0.3766,0.67351,0.44889,0.4034,0.5324,0.78767,0.73114,0.43555,0.25,0.62013,0.63729,1.0256,0.77425,0.77647,0.51446,0.58919,0.57145,0.60957,0.89937,1.2032,0.69004,0.63422,1.1122,0.48477,0.45721,0.39384,0.44908,0.77705,0.90511,0.60029,0.481,0.61413,0.78291,0.41632,0.88607,0.4766,0.23857,0.45763,0.42884,0.54023,0.50162,0.63921,0.62491,0.44267,0.44677,0.28089,0.47819,0.72862,1.1605,0.44356,0.40111,0.30445,0.4099,0.90603,1.2946,1.1499,0.73697,0.58859,0.3964,0.7397,0.99798,0.88083,0.81731,0.56532,0.83811,0.74308,0.58329,0.55529,2.5209,0.78633,0.67692,1.2136,0.29992,0.41887,0.49557,0.90587,0.93727,0.81231,0.82508,0.86028,0.80009,0.71725,0.56391,0.87769,0.82794,0.55388,0.41041,0.60764,0.32383,0.64869,0.67558,0.48456,0.62155,0.39043,0.27338,0.45682,0.88147,0.76746,0.48787,0.49244,0.49074,0.43289,0.54572,0.70739,0.56853,0.73546,1.0399,0.57498,0.45369,0.73897,0.39071,0.6349,1.0022,0.77077,0.77638,0.73655,0.58244,0.7197,0.80737,0.84015,0.62804,0.38722,1.0613,0.49264,0.34557,0.37888,0.40286,0.51782,0.58568,0.92196,1.2687,0.45815,0.318,0.41286,0.48683,0.5926,0.80926,0.90722,0.77955,0.41738,0.45729,0.4152,0.67107,0.81119,0.71562,0.57967,0.32486,0.50772,0.41083,0.74122,0.61041,0.69189,0.75707,0.41971,0.6243,0.51215,0.57703,0.63526,0.74222,0.74572,0.66372,0.85618,0.37356,1.1896,0.49465,0.66576,0.38607,0.60796,0.51756,0.98372,0.6712,0.27175,0.73059,0.70189,0.73932,0.73123,1.1686,0.47003,0.5469,0.79185,0.22465,0.40005,0.45287,0.4315,0.57376,0.63902,0.50882,1.3268,0.28361,0.24918,0.30059,0.57622,0.75094,0.8912,0.93902,1.7608,0.59741,1.0298,0.37025,0.37084,0.40159,0.81825,0.75042,0.48439,0.78076,0.77166,0.84942,0.73175,0.2778,0.55675,1.26,0.57642,0.59406,0.66936,0.40446,0.20645,0.55591,0.59712,0.33484,0.26739,0.53025,0.56101,0.41831,0.42818,1.0628,0.58392,0.62977,1.0778,1.4635,0.5557,0.44313,1.1856,0.39174,0.44003,0.44504,0.42989,0.37668,0.77413,0.51514,0.48652,0.40003,0.6198,0.64728,0.40452,1.0317,0.6218,0.21615,1.0018,0.53111,1.0868,0.88174,1.3915,0.6781,0.66183,0.67811,0.61329,0.88727,0.3606,0.8307,0.901,0.44234,0.33674,0.46108,0.63707,0.58266,0.63497,0.64425,0.4642,0.3482,0.55545,1.1634,0.85418,0.30124,0.86574,0.57893,0.7332,0.35046,0.72317,0.33921,0.45134,0.78613,0.40294,0.52406,1.2024,0.4493,0.58768,0.7932,0.25252,0.35886,0.43694,0.30917,0.35124,0.57514,0.46965,0.41163,0.72425,0.55233,0.34076,0.67503,1.3041,0.70274,1.019,0.27917,0.89319,0.50132,0.97028,0.66441,0.88856,0.73184,0.88844,0.97735,0.67121,0.62013,0.37152,0.50558,0.84262,0.54611,0.76194,0.42716,0.94753,0.94251,0.64273,0.55772,0.62702,0.88986,0.67095,0.40154,0.38581,0.6243,0.46854,0.29814,0.57781,1.5761,0.58362,1.0355,0.4652,0.70493,0.68159,0.93429,1.1742,0.66268,0.34072,0.5444,0.39935,0.36539,0.44216,0.42542,0.64107,0.53689,1.1348,0.63988,0.54792,0.56684,0.53673,0.59179,0.7744,0.78909,0.42318,0.50295,0.4433,0.5357,0.38884,0.69884,0.4863,0.71958,0.92962,0.51713,0.42581,0.58076,0.53279,0.73007,0.87711,0.89524,0.4462,0.86048,0.64322,0.56021,0.40556,0.81389,0.66145,0.86879,1.1281,0.83687,0.63188,1.0371,0.99139,0.81455,0.66058,0.55605,0.35351,0.57009,0.37764,0.93849,0.73231,0.89799,0.6173,0.47308,0.23749,0.55963,0.8974,0.77355,0.51484,0.83554,0.78701,1.2334,0.57967,0.42043,0.54556,0.65974,0.64919,0.95034,1.5147,0.3143,0.62318,0.73328,0.60716,0.70542,0.58628,0.51352,0.50639,0.52911,0.68933,0.32862,0.32782,0.46595,1.1529,0.87739,0.53471,0.69544,0.58154,0.47792,0.78439,1.2535,0.46176,0.86458,0.57458,0.5007,0.58504,0.50888,0.59766,0.72667,0.6718,0.56747,0.59202,0.64582,0.99729,0.76517,1.0258,0.68707,0.70329,0.63788,0.78113,0.74448,0.74575,0.90118,0.52063,0.39597,0.53784,0.51044,0.35137,0.48123,0.8601,0.50404,0.60248,0.99748,0.93925,0.61521,0.40187,1.0555,0.53248,0.73989,0.7778,0.80288,0.64878,0.52868,0.88566,0.95558,0.92583,0.4991,0.71727,0.63695,0.53097,0.83343,0.84409,0.8505,0.50531,0.5791,0.51497,0.91442,0.84399,0.45892,0.73947,0.75101,0.75457,0.80535,0.89138,0.79254,0.87243,0.62306,1.1269,0.5508,0.71143,0.42477,0.83325,0.97883,0.56749,0.41683,0.52226,0.39779,0.27719,0.6299,0.50123,0.50673,0.87523,1.3919,0.7134,0.82557,0.44327,0.59258,0.35386,0.42932,0.84312,1.0588,0.79377,1.0298,1.0091,1.4122,1.099,1.1777,0.51461,0.72895,0.81017,1.242,0.55884,0.56488,0.69112,0.47868,0.41924,0.52708,1.45,0.55968,0.89834,0.60481,1.0306,0.68551,0.69653,0.80804,0.72729,0.63547,0.96186,0.83456,1.2522,0.42595,0.9627,0.44472,0.76406,0.5857,0.55914,1.0218,0.80646,0.74952,0.54463,0.26621,0.74044,0.83832,0.38377,0.55801,0.75662,0.59423,0.83914,0.54391,0.47136,0.28354,0.6514,0.44652,1.0951,0.79033,0.52237,0.66252,0.80031,0.56591,0.54728,0.69442,0.50569,0.53293,0.4826,0.8515,0.49041,0.47338,0.83785,0.66056,1.0717,0.81117,1.0801,1.4136,0.45447,0.4916,0.90381,0.74911,0.64729,0.41049,0.46696,0.75325,0.66674,0.67686,1.1073,0.73216,0.45014,0.55996,1.7536,0.67147,0.66306,0.9061,0.98344,0.94213,0.46451,0.88878,0.49444,0.96909,0.59547,0.70257,0.63591,0.37714,0.51153,0.8051,0.81044,0.65715,0.85243,0.4819,0.62657,0.33411,0.45289,0.89539,1.3558,1.2118,1.0628,0.52651,0.34558,0.42074,0.44287,0.59456,0.52062,0.97745,1.1794,0.62576,0.61643,0.7091,0.34792,0.46311,0.58007,0.53001,0.46261,0.60307,0.56291,0.92998,0.44399,0.39558,0.3924,0.51398,1.2899,0.39423,0.37951,1.1892,1.2712,1.3345,0.61697,0.43126,0.2801,0.25664,0.49297,1.0571,0.66985,0.72011,0.44161,0.46355,0.61958,0.62238,1.0564,0.5731,0.69644,0.53523,0.69052,0.65085,0.6439,0.74285,0.90034,0.66639,0.97276,0.34966,0.59515,0.66099,0.49717,0.35427,0.45334,0.57686,0.68548,0.27471,0.24892,0.6889,0.64278,0.53498,0.76809,0.5198,0.46152,0.68881,0.85229,1.0891,0.57168,0.52236,0.58344,1.0342,0.31747,0.50421,1.2765,1.3444,1.4271,0.47973,0.55455,0.54407,0.68583,0.57214,0.53385,0.8775,0.86014,0.66918,0.71029,1.2193,0.93298,0.42721,0.44649,0.74179,1.1367,0.67351,0.62869,0.50183,0.57073,0.40756,0.80837,0.69957,0.45136,0.79789,0.92351,1.0432,0.57706,0.55087,0.7284,0.50702,0.43593,0.46307,0.80659,0.51192,0.47475,0.42365,0.65697,1.2094,0.7368,0.56434,0.6791,0.56944,0.33743,0.60359,0.30964,0.44297,0.56928,0.65092,0.78995,0.50565,0.5568,0.53583,0.35905,0.45465,0.42283,0.97505,0.52311,0.58939,0.68661,1.0591,0.68181,0.50922,0.76278,1.1596,0.50286,0.83276,0.33205,0.25133,0.51263,1.5382,0.70221,1.0604,0.80579,0.69362,1.0909,0.6175,1.1767,0.9995,1.0332,0.52028,0.47236,0.59318,0.81828,0.4956,0.62793,0.49117,0.85852,0.77747,0.46447,0.5237,0.5242,0.24651,0.58299,0.46269,0.47383,0.33328,0.61072,1.0187,0.52083,0.79392,0.48995,0.24768,0.77268,0.64996,0.63377,0.43727,0.51463,0.50171,0.46137,0.35474,0.76001,0.38195,0.8302,0.99206,0.4996,0.57214,0.63676,0.66058,0.66571,0.4874,0.55737,0.8053,0.85002,0.54634,0.56321,0.55776,1.156,1.1007,0.55557,0.61317,0.61955,0.5744,0.86004,0.50004,0.94186,0.5433,0.51952,0.33381,1.0062,0.57501,0.97815,0.87586,0.72222,0.60951,0.5726,0.64053,0.42679,0.34353,0.63008,0.54956,0.39141,0.29087,0.43096,0.48672,0.72744,1.0305,0.90457,0.51795,0.37649,0.43108,0.41614,0.45956,0.90194,0.84889,1.054,0.90454,0.87296,0.32063,0.70109,0.37153,0.5628,0.43006,0.66689,1.0244,1.7123,0.46663,0.73747,0.65583,0.60502,0.2751,0.93867,0.3668,0.34821,0.43703,0.55345,0.66311,0.68943,0.34017,0.49038,0.81814,0.96868,0.60786,1.0156,0.77255,0.79929,0.34866,0.81483,0.62108,0.8448,1.0426,0.61227,1.4044,0.50612,0.68136,0.75851,0.74982,0.40876,0.32683,0.30881,0.42671,1.0245,0.78183,0.96078,0.68955,0.42518,0.79394,0.37368,0.84417,0.58817,0.43578,0.76494,0.66696,0.72523,0.8547,2.1288,0.59379,0.76352,0.9209,0.61676,0.6487,0.86188,0.89715,0.91906,0.71137,0.53337,0.78105,1.0181,0.82395,0.5905,0.75401,0.95712,0.75223,0.46586,0.4239,0.55945,0.46534,1.1493,1.0811,1.1518,0.45322,0.75804,0.50557,0.46977,0.57205,0.7436,0.69795,0.68856,0.5952,0.45479,0.52817,1.0131,0.88326,0.4848,0.70772,0.96956,0.65183,1.2849,0.45401,0.49245,0.73434,0.82132,0.72442,0.38047,0.43151,0.71366,0.57096,1.1646,0.61248,0.6605,0.74273,0.72061,0.29823,0.51309,0.82534,1.1014,0.71373,0.43308,0.93834,1.648,0.89098,1.3761,0.70457,0.49035,1.2654,1.0009,0.77162,0.56679,0.82513,0.98475,0.64499,0.46754,0.7894,0.70799,0.29432,1.1875,1.0651,0.6023,0.42364,1.0504,0.71153,0.49866,0.68047,0.55878,0.96019,0.31603,0.7159,0.71851,0.5255,0.41708,0.78782,1.2224,0.48688,1.1302,0.94824,0.40026,0.35988,0.42873,0.65338,0.9072,0.71002,0.64888,0.27478,0.31442,0.4414,1.4925,0.86843,0.28159,0.83412,0.64949,1.1884,2.3741,1.6145,0.48484,0.4964,0.30194,0.59088,0.62947,1.0095,0.68831,1.0664,1.0449,1.5846,0.733,0.7266,0.65879,0.59877,0.41438,0.22168,1.3765,0.81026,0.51508,0.58223,0.78651,0.46385,0.49953,0.37148,0.66551,0.42058,0.5745,0.95623,0.79954,0.48816,0.70286,1.0272,0.89869,0.80734,0.50144,0.70057,0.59153,0.36177,0.53589,0.46294,0.5072,0.54695,0.65526,0.70461,0.66088,0.39218,0.60564,0.43026,0.60808,0.53111,0.7037,0.63316,0.34829,1.1798,0.74128,1.2003,0.58916,0.57949,0.85792,0.69707,0.91184,0.71416,0.67548,0.62288,0.94292,1.0653,0.88958,0.69046,0.61707,0.81168,0.45787,0.72096,0.44773,0.60216,0.96226,0.5958,0.96824,1.1147,0.81033,0.88669,0.57066,0.45656,0.88213,0.93032,0.73888,0.82518,0.40748,0.4265,0.59206,0.66783,0.83543,0.53211,0.6756,0.59999,0.94842,0.73428,0.84549,0.84211,0.7182,0.26372,0.39648,0.6568,0.7293,0.87998,0.6988,1.3298,0.91923,0.36802,0.7626,0.39992,0.49455,0.71771,0.73834,0.96612,0.52216,0.48161,0.42294,0.46173,0.55774,0.37775,0.56213,0.6224,0.41092,0.59302,0.28393,0.48568,0.98988,0.97529,0.6336,0.49479,0.35735,0.24268,0.63943,0.51799,0.88692,0.59702,0.66976,0.52419,0.43278,0.95471,0.79107,0.75053,0.44246,0.32777,0.4119,0.26968,0.79965,0.53314,0.49469,0.67871,0.44076,0.53348,0.53607,0.4158,0.56091,0.5738,0.95642,0.81807,0.82366,0.61434,0.61827,0.73039,1.3346,0.74836,0.6234,0.75383,0.79124,0.72293,0.32984,0.20949,0.49839,0.32397,0.94263,0.71825,0.57939,0.33019,0.78702,0.51883,0.85894,0.94546,0.36523,0.26461,0.90202,0.72139,0.43564,0.77282,0.44508,0.5086,0.40108,0.70842,0.7389,1.2487,0.65654,0.4851,0.61984,0.74016,0.476,1.0247,0.77508,0.7304,0.6392,0.55675,0.55914,1.033,0.93754,0.72275,1.0964,0.40457,0.89826,0.89851,0.95132,0.66426,0.37967,0.52862,0.7167,0.60508,0.6315,1.1164,1.0755,0.80701,0.90617,0.4414,0.52596,0.35461,0.63783,0.76602,0.41062,0.45098,0.5156,0.41406,0.48224,0.47675,0.99501,0.83631,0.40054,0.74337,0.39444,0.54744,0.58126,0.56651,0.94355,0.66559,0.48046,0.72592,0.47025,0.3931,0.49341,1.0214,0.96683,0.58323,0.44985,0.70784,0.4366,0.51705,0.66429,0.59427,0.65538,0.59406,0.46865,0.87162,0.69245,0.46521,0.33454,0.55356,1.0108,0.59463,0.45528,2.0129,0.68222,0.54182,0.54323,0.91236,0.61327,0.56314,0.7709,0.6957,1.1705,0.69485,0.45694,0.52053,0.82325,0.77283,1.3371,0.49803,0.76763,0.57012,0.34093,0.67435,0.89843,0.88896,0.7328,1.3847,0.91604,0.73937,0.85092,0.42007,0.51807,0.32309,0.53494,1.0635,0.52322,0.4314,0.70738,0.58182,0.40943,0.58103,0.33356,0.49048,0.62123,0.5934,0.94203,0.69514,0.65504,0.58917,0.58396,0.91191,0.88062,0.60918,0.52951,0.80188,0.46821,0.30349,0.76849,0.34594,0.29651,0.40085,0.38066,0.29518,0.35048,0.68397,0.70873,0.79515,0.33856,0.82929,0.60414,1.0007,0.64513,0.39278,0.51667,0.67678,0.31642,0.77407,0.59596,0.60939,0.30094,0.34313,0.41233,0.53116,0.74985,0.94188,1.0709,0.61894,0.81341,0.5874,0.40041,0.85739,0.87172,0.23903,0.71581,0.73123,0.97152,1.1916,0.81527,0.43589,0.41858,0.6078,1.0213,0.2613,0.61437,0.85065,0.55217,0.37784,0.47985,0.73176,0.49874,0.76422,0.88289,0.97075,0.80512,0.86704,0.36965,0.93919,0.46997,0.29244,0.65025,0.42862,0.823,0.61058,0.88879,0.83045,0.4784,0.28342,0.4361,1.0112,0.51723,0.23268,1.2245,2.7281,2.3845,0.51162,0.63732,0.93912,0.78667,1.3833,0.40015,0.75792,1.03,0.59057,0.77705,0.85617,0.42329,1.203,1.1429,0.5736,0.58756,0.78828,0.24469,0.49996,0.90831,0.63223,1.2728,0.39406,1.2076,0.87646,0.86711,0.4872,0.64962,0.93268,0.82584,0.78951,0.53395,0.39468,0.54284,0.35692,0.59887,0.53706,0.57439,0.57529,1.1161,0.38208,0.57945,0.57476,0.79256,0.54595,0.34334,0.84496,0.72027,0.93712,0.7933,0.84906,1.2543,0.87953,0.48452,0.4559,0.30378,0.333,0.50354,0.86632,0.42574,0.47231,0.69876,0.4511,0.59336,0.63473,0.65111,0.96561,0.39724,0.71893,0.73949,0.55005,0.67695,1.2362,0.48495,0.68625,0.51529,0.39776,0.69581,0.74989,0.68089,1.2635,0.61043,0.68156,0.48296,0.79497,0.56869,0.47578,0.64268,0.7697,0.80621,0.45551,0.93545,0.84106,0.28631,1.2342,0.69945,0.31595,0.45425,0.564,0.49774,0.75172,0.39248,0.56816,0.44214,1.1332,0.85115,1.2261,0.45777,0.39841,0.68448,0.59523,1.102,0.39062,0.48568,0.91088,0.76774,0.32916,0.69102,0.46143,0.57714,1.252,0.29183,0.44339,0.49521,0.88712,0.7577,0.79704,0.64094,0.87232,0.39717,0.23833,0.41158,0.65943,0.49599,0.61417,0.48239,0.54345,0.81386,0.47356,0.3613,0.34867,0.69649,0.72459,0.52786,0.8169,0.50908,0.37874,0.31137,0.7876,0.98741,0.78679,0.78861,0.6125,0.51993,0.62536,1.1439,1.0137,0.58178,0.65611,0.68834,0.61563,0.62647,0.89404,0.40154,0.55308,0.21494,0.34655,0.48608,0.51826,0.60966,0.89736,0.90477,0.38537,0.79642,0.86394,0.61963,1.1538,0.55382,0.94112,1.3126,0.70058,0.35212,0.64922,1.3782,0.99648,1.117,0.82437,0.5324,0.48644,0.65482,0.436,0.86418,0.48304,0.55455,0.44059,0.93114,1.0302,0.53606,0.81322,0.53038,0.70986,0.55861,0.40617,0.71774,0.97071,0.51479,0.66722,0.5008,0.53479,0.62421,0.30131,0.64899,0.74887,0.39881,0.59818,0.61865,0.44277,0.76787,0.64584,0.95954,0.65819,0.52406,0.67362,0.46053,0.74954,0.79703,0.35201,0.42781,0.78432,1.0102,0.77242,0.5665,0.58308,0.52055,0.59422,0.66996,0.86955,1.1914,0.68072,0.44584,0.66205,0.53249,0.38343,0.94399,0.6696,0.75155,0.67539,0.87407,0.66738,0.71607,0.58014,0.46278,0.5011,0.56226,0.22404,0.49913,0.53164,0.65465,0.77933,0.46094,0.72856,0.82769,0.71582,0.68096,0.53719,0.46684,0.77998,0.29953,0.36902,0.61928,0.45158,0.59202,0.63317,0.36694,0.6664,0.39174,0.81572,1.2815,0.65636,0.64682,0.65939,0.84917,0.98609,0.84679,0.83852,1.1876,1.3896,0.92435,0.53162,0.5536,0.64838,0.38921,1.0224,0.52175,0.65294,0.44269,0.90297,0.61413,0.5542,0.73354,0.94448,0.74367,0.33641,0.55686,0.39826,0.51678,0.38065,0.74607,0.36821,0.65609,0.64957,0.74969,0.61172,0.43817,0.8662,0.56476,1.5186,0.64482,1.1551,0.9583,0.73484,0.53455,0.40053,0.4554,0.54223,0.50762,0.43899,1.0666,0.4088,0.40817,0.38384,1.8495,1.1908,0.77678,0.99508,0.75118,0.69711,0.46392,0.43611,0.88995,1.2207,0.97238,0.57437,0.83709,0.33479,0.62849,0.84531,0.52244,0.45915,0.77718,0.84056,0.62636,0.63474,0.428,0.58006,0.54786,1.3125,0.89945,0.58787,0.52406,0.41297,0.54804,0.55777,0.52841,0.70366,0.73623,0.87761,0.9021,0.50735,0.45931,0.49948,0.49245,0.51401,0.34244,1.096,0.63839,0.60426,0.52098,1.1264,0.76707,0.6049,0.842,0.62306,1.0376,0.96269,0.93337,0.62117,0.50653,0.41594,1.2041,1.3404,0.69414,0.53596,0.82882,1.0604,1.3739,0.39329,0.38398,0.61038,0.73571,0.83192,1.2178,0.67961,0.28432,1.1844,0.5159,0.50445,0.77623,0.7535,0.30289,0.5218,0.36937,0.35061,0.61659,0.88952,1.0214,1.1192,1.3832,0.70579,1.0405,0.57954,0.45213,0.58493
0.34458,0.86098,1.0234,1.1102,0.74032,0.43075,1.1581,0.64909,0.36239,0.71361,0.68966,0.57073,0.88495,0.39739,0.89333,0.23674,0.39427,0.56255,0.32189,0.70233,0.36807,0.5555,0.98577,0.16864,0.29946,0.53381,0.32474,1.3082,0.4682,0.67696,0.84589,0.44821,0.49532,0.52389,0.80494,0.72118,0.39491,0.915,0.55993,0.49809,0.84902,0.70576,0.3617,0.6108,0.76841,1.1027,0.67036,0.86976,0.26941,0.3841,0.85904,0.80494,0.75933,0.6882,1.0011,0.48667,0.32896,0.67054,1.2871,0.57797,0.83315,0.89638,0.68745,0.34671,0.54767,0.56872,0.65666,0.27395,0.71547,0.65748,0.49344,0.39721,0.56408,0.43804,0.65088,0.56244,0.63531,0.42253,0.52873,0.55289,1.3818,0.65703,0.55194,0.81784,0.56773,0.81116,1.439,0.95318,0.58736,0.70891,0.38589,0.46408,0.55978,0.98114,0.88852,0.57365,0.63542,0.77536,0.48745,0.4765,0.98938,0.98399,0.76739,0.81193,0.62099,0.55093,0.81501,0.60877,0.71194,0.75279,0.47767,0.45082,0.51873,0.33457,0.61761,0.45385,0.48051,0.31117,0.41891,1.1886,0.5938,0.5173,1.0091,0.5909,0.54273,0.67295,0.57528,0.67783,0.43938,0.66435,0.45317,0.50425,0.66475,0.3103,0.51033,0.71392,0.60132,0.94658,0.82228,0.41804,0.39164,0.62386,0.58773,0.45249,0.86706,0.90926,0.50617,0.32508,0.3151,1.0985,0.59458,0.82548,0.8456,0.91846,0.73162,0.72398,0.77669,0.77307,0.49049,1.2176,0.89568,0.77654,0.51921,0.37073,0.6075,0.75751,0.42048,0.63336,0.62455,0.50774,0.46434,0.55428,0.50171,0.36996,0.66761,0.69169,0.59901,0.73383,1.0699,0.53958,0.27862,1.1369,0.37397,0.23405,0.35357,0.76895,0.60036,0.21939,0.30069,0.6072,0.9819,0.44357,0.30364,0.55647,0.5593,0.64274,0.99972,0.77786,1.0576,0.68157,1.3139,0.83505,0.32923,0.60909,0.8691,1.0456,0.45378,0.69766,0.53017,0.56627,0.8812,0.67901,0.63339,0.57589,0.87732,0.49977,0.47137,0.42054,0.53867,0.61879,0.80953,1.0014,1.0277,0.48702,0.9331,0.48285,0.65834,0.9344,0.96697,0.74007,0.68932,0.41803,0.41706,0.67328,0.43996,0.33156,0.50268,0.53455,0.6135,0.75648,0.78965,0.40203,0.59032,0.72674,0.60171,0.78306,0.75857,0.53147,1.0889,1.4953,0.53202,0.86733,0.62586,0.77408,0.21679,0.43101,0.73787,0.74005,0.64297,0.53426,0.55308,0.39993,0.3288,0.6289,0.44322,0.56153,0.43549,0.7442,0.67386,0.39864,0.36986,0.66754,0.66623,0.80074,0.92574,0.47069,0.65331,0.96167,0.71881,1.068,0.86589,1.0407,0.6518,0.51413,0.33699,0.72247,0.58128,0.52739,0.54871,0.61801,0.71624,0.86326,0.73046,0.55353,0.84548,0.53009,0.69671,0.71078,0.48017,0.29799,0.41953,0.38647,0.57532,0.31072,0.63437,0.45924,0.61866,0.48774,1.1473,0.40415,0.99446,0.67852,0.65046,0.81265,0.95029,0.49562,0.63705,0.65545,0.3857,0.88291,0.43755,0.70592,0.81442,0.79717,0.20827,0.54194,0.85338,0.57038,1.0311,0.29108,0.41898,0.36022,0.30968,0.44272,0.58731,0.94491,0.31706,0.38335,0.64043,0.6248,0.61926,1.3288,0.86684,0.68777,0.51674,0.59702,0.89774,0.60328,0.3457,0.36614,1.0381,0.27292,0.44993,0.74822,0.47178,0.59522,0.36926,1.3055,0.65712,0.89811,0.93196,0.76627,0.51222,0.73544,0.59058,0.29155,0.34995,0.5878,0.25028,0.50365,0.79515,0.67335,0.73507,0.74731,0.48349,0.33799,1.3181,0.38599,0.81157,0.40553,0.39173,0.58582,0.31557,0.29276,0.65349,0.89435,0.90335,0.69328,1.0364,0.684,0.52408,0.64373,0.45052,1.1406,0.57137,0.30771,0.63233,0.5404,0.44485,0.89868,0.6753,0.39281,0.75502,0.44244,0.38902,0.76461,0.71256,0.61114,0.53012,1.3491,0.75141,0.96939,1.2805,0.81351,1.1493,0.73252,0.77027,0.31421,0.21456,0.6729,0.95907,0.91026,0.9369,0.25482,0.23092,0.44169,0.6899,0.73679,0.5584,0.54597,0.46249,0.56594,0.79844,0.30403,0.27619,0.66603,0.63968,0.34859,0.68672,0.84369,0.73658,0.39656,1.0153,0.86028,1.0119,0.96276,0.31609,0.36783,0.40182,0.13515,0.67981,0.53423,0.83135,0.99,0.55389,0.45012,0.54492,0.60106,0.52092,0.759,0.56846,0.73945,0.59678,0.61544,1.0874,1.162,0.83015,0.6076,0.70823,0.40895,0.6474,0.42182,1.0505,0.86882,1.0688,0.38225,0.30331,0.35436,0.72862,0.81557,0.41429,0.55969,0.45573,0.40166,0.36818,0.96368,0.60636,0.5573,0.68311,1.0732,0.51909,0.91321,0.69804,0.4593,0.48948,0.4297,0.49075,0.42899,0.36892,0.46561,0.40726,0.62887,0.95593,0.70352,0.66222,0.71176,0.57366,0.75545,0.84984,0.85213,0.51934,0.64956,0.50883,0.65443,0.56341,0.53377,0.62745,0.82526,0.35864,0.4731,1.272,1.0155,0.98542,0.74834,0.35082,0.25803,0.47794,0.55221,0.51501,0.62597,0.64532,0.77055,0.92891,0.41561,0.51066,0.71065,0.43669,0.74086,0.68164,0.45588,0.55805,0.61842,0.61183,0.48584,0.63357,0.70722,0.38147,0.32938,0.89504,0.73065,0.69995,0.37703,0.73745,0.7353,0.45852,0.61123,0.67321,1.1563,0.28943,1.3799,0.82211,0.80727,0.55113,0.84006,0.5569,0.64131,0.85475,0.3264,0.46854,0.3305,0.98579,0.59118,0.79767,1.0293,0.68616,0.93182,0.3565,0.54227,0.61683,0.49946,0.31924,0.54614,0.50439,0.56536,0.32544,0.70303,0.31847,0.383,0.46328,0.4794,0.36732,0.98225,0.59538,0.39787,0.88038,1.2225,0.87417,0.57174,0.47294,0.51578,0.68435,0.80863,0.54774,0.83149,0.57458,0.39228,0.33708,1.1241,0.63347,0.5316,0.48866,0.71106,0.81715,0.70981,0.37138,0.51636,0.55283,0.63878,0.54118,0.58796,0.29996,0.63405,0.89335,0.6086,0.59343,0.31574,1.0128,0.58137,0.51602,0.36411,0.47404,0.55087,0.34921,0.87548,0.63638,0.55026,0.65107,1.0072,0.54269,0.41311,0.20571,0.48849,0.56747,0.58008,0.58225,0.82178,0.45134,0.77301,0.48575,0.68851,0.51518,0.67012,0.55608,0.65594,0.49457,0.44113,0.18362,0.25164,0.37038,0.39834,0.41336,0.50599,0.33362,0.6077,0.81181,0.85618,0.51868,1.1483,0.76359,0.91966,0.307,0.86756,0.51928,0.60966,0.67182,0.63904,0.84247,0.44112,0.74155,0.5681,0.73584,0.64306,0.77427,0.47972,0.67856,0.63393,0.3625,0.80084,0.56323,0.51786,0.80229,0.49622,0.95397,0.79744,0.30001,0.44321,0.88703,0.80054,1.2451,0.82838,0.86549,0.67234,0.72633,0.83902,0.54527,0.62666,0.46291,0.39343,0.69616,0.54683,0.9041,0.43172,0.27935,0.90057,0.69942,0.82198,0.6291,0.71805,0.65417,0.37101,0.55116,0.48324,0.49718,0.4032,0.48004,0.63243,0.45393,0.60316,0.65506,0.58815,0.72924,0.58587,0.65182,0.73696,0.49618,0.47423,0.68304,0.63384,0.65117,0.37931,0.4974,0.34011,0.40549,0.31412,0.36526,0.73709,0.443,1.0882,0.63583,0.67189,0.32182,0.5529,0.40511,0.68056,0.72761,0.71966,0.63515,1.3015,0.85884,0.4674,0.53059,0.92995,0.81392,0.81509,0.50382,0.93759,0.65925,0.50907,0.54793,0.44099,0.4388,0.45231,0.36264,0.37037,0.82494,1.1003,0.68535,0.33168,0.57636,0.54127,0.73019,0.96296,0.56119,0.34015,0.44914,0.5989,0.51132,0.73615,0.47765,1.095,0.42409,0.44814,0.3773,0.4651,0.44941,0.43,0.51765,0.66959,0.63057,0.51989,0.78304,0.93576,0.72687,0.79535,0.39868,0.70748,1.2851,1.0235,0.39151,0.67107,0.40699,0.70835,0.65725,0.81422,0.56969,1.1382,0.70189,0.59809,0.40249,0.90672,0.72785,0.89662,0.78965,0.66148,0.27998,0.87437,0.48575,0.5204,0.33158,0.39205,1.4443,0.27241,0.79298,0.2895,0.67867,0.37332,0.44069,0.62394,0.77629,0.68303,0.5542,0.90644,0.35177,0.60999,0.36302,0.90177,1.0815,0.46156,1.1046,0.61313,1.202,0.66395,0.73308,0.62875,0.65335,0.70384,0.42008,0.65145,0.91659,0.79199,0.52151,0.39667,0.78165,0.50104,0.71084,0.707,0.11333,0.30696,0.96428,0.52027,0.49651,0.63978,0.73884,0.76148,1.0849,0.42928,0.37317,0.3473,0.53293,0.60197,0.97383,0.45374,0.76455,0.50215,0.79076,0.77229,0.52468,0.71849,1.81,1.1151,0.60153,0.62903,0.4824,0.40235,0.58423,0.7298,1.1549,0.47601,0.96785,1.5098,0.59201,0.59134,0.51211,0.60646,0.72425,0.65688,0.67376,0.85457,0.70876,0.49741,0.80117,0.76296,0.67757,0.69443,0.60055,0.86295,0.37815,0.54083,0.69204,0.98415,0.34336,0.50576,1.1166,0.6337,0.79838,0.50055,0.47671,0.69453,0.69451,0.72275,0.60656,0.59353,0.39378,0.98158,0.70201,0.85828,0.60504,0.50451,0.66607,0.43096,0.65064,1.2228,0.45782,0.57418,0.94947,0.76309,0.58649,0.56186,0.539,0.67045,0.47227,0.8338,0.77679,0.63353,0.56382,0.81338,1.098,0.77032,0.72503,0.895,0.44853,0.50629,0.27652,0.51182,0.66527,0.77716,0.52082,0.77487,0.84798,0.64164,0.82306,0.61002,0.82567,0.53189,0.50565,0.64912,0.68689,0.54943,0.43547,0.33112,0.31446,0.67397,0.43353,0.5914,0.45484,0.60557,0.29025,0.74157,0.41033,0.71244,1.2207,0.7345,0.95537,0.72187,0.80518,0.42868,0.58355,0.45625,0.71387,0.32303,0.5142,0.7951,0.81093,0.61001,1.4769,0.72702,0.53163,0.54842,0.4523,0.68018,0.56817,0.61471,0.51465,0.77621,0.61919,0.43776,0.24483,0.99472,1.0305,0.53826,0.9768,0.7355,0.46125,0.87086,0.75462,1.5099,0.6995,0.67493,0.57408,0.71139,0.66373,0.45867,0.51244,0.81691,0.23272,0.40809,0.41985,0.61347,0.35416,0.78737,0.7946,0.4274,1.0152,0.75618,0.59818,1.0946,0.58172,0.67165,0.48329,0.78357,0.3624,0.67261,0.63341,0.4225,0.97384,0.84253,0.45378,0.5153,0.34316,0.59358,0.7052,0.56277,0.64311,1.9914,0.65502,0.32185,0.79444,0.62779,0.45494,0.77327,0.7096,0.34156,0.93648,0.65765,0.64788,0.67528,0.50534,0.79017,1.137,0.96311,0.60018,0.52735,0.67555,0.67728,0.79365,0.49867,0.43393,0.43247,0.5184,0.72709,0.54836,0.39485,0.39734,0.58031,0.48263,0.54272,0.6022,0.31232,0.66699,0.469,0.84553,0.66459,0.34957,0.99499,1.3858,0.64844,1.0404,0.5143,0.56893,0.55826,0.33655,0.38867,1.055,0.6547,0.95264,0.92092,1.2596,0.44803,0.82913,0.64016,0.71637,0.57804,0.48875,0.49724,0.30704,0.81129,0.85562,1.2496,1.3253,0.81589,0.7362,0.57964,0.42272,0.59048,0.83739,1.0885,0.50224,0.72049,0.4671,0.38625,0.36091,0.60289,0.54224,0.90803,1.0102,1.1671,0.79755,0.64894,0.56083,0.9065,0.48337,0.49289,0.41258,0.83425,0.48773,0.57203,0.64563,0.56662,0.59389,0.38171,0.65516,0.89585,1.4804,3.0899,3.5035,0.38525,0.37029,0.71063,0.89704,0.61551,0.94608,0.57197,0.86917,0.75768,0.73766,0.45848,0.4181,0.91244,0.71986,0.34217,0.83997,0.5246,0.62463,0.33047,0.39167,0.49705,0.36728,0.83134,0.62951,0.64082,0.77009,0.6042,0.71323,1.3756,0.58144,0.54861,0.4412,0.76212,0.38367,0.43472,0.38651,1.0315,0.33945,0.39736,0.46397,0.85969,0.50942,0.39283,1.079,0.38918,0.5993,1.164,0.86621,2.8832,0.97275,0.30251,0.26036,0.77521,0.30669,0.46156,0.89122,0.71857,0.76171,1.2754,1.3368,0.77856,0.30076,0.76952,0.53033,0.38766,0.82136,0.57129,1.0189,0.79113,0.81154,0.84966,0.5168,0.99707,0.87463,0.83611,0.59678,1.0248,0.77656,1.0283,0.47203,1.0757,0.57272,0.42003,0.47592,0.4975,0.49384,0.4078,1.1736,0.75166,0.37328,1.1348,0.4968,0.8074,0.21788,0.36022,0.38723,0.31949,0.6829,0.46643,0.91126,0.69213,0.67633,0.40532,0.39959,0.30461,1.061,0.5138,0.41705,0.72303,0.43208,0.5322,0.64315,0.65666,0.71706,0.48418,0.49483,0.55664,0.75201,0.97902,0.86192,0.53814,0.19477,0.54511,0.99384,0.41671,0.3982,0.37927,0.43145,0.59367,0.39263,0.62145,0.51353,0.33485,0.75634,0.25977,0.50678,0.48878,0.72525,0.65652,0.38916,1.3496,0.67258,1.2336,0.67468,1.0317,0.57488,0.71332,0.94216,0.51608,0.56547,0.82769,1.6167,0.63527,0.71481,0.71992,0.43069,0.43567,2.6314,1.5049,0.703,1.1376,0.88283,0.65884,0.6411,0.91668,0.94794,0.64689,0.98932,1.0368,0.6471,0.97661,0.41961,0.5982,0.80383,0.74563,0.39454,0.44706,0.48845,0.46956,0.62167,0.65624,0.4924,1.0934,0.54964,0.85495,1.011,0.9553,0.59669,1.1674,0.6934,0.54137,0.78484,1.0278,0.77579,0.85097,0.85343,0.38957,0.74018,0.81133,1.2082,0.43463,0.66015,0.74974,0.35304,0.43722,0.52948,0.95622,4.9585,2.8892,0.48752,0.73235,0.87791,0.53654,0.5811,0.51098,0.65025,0.22515,0.28427,0.52452,0.39289,0.63901,0.46039,0.86949,0.61319,0.49567,0.77323,1.2424,0.52173,0.50145,0.55392,0.70425,0.72682,0.92542,0.3633,0.87012,0.36786,0.97748,0.46288,0.78367,0.55091,0.72816,0.42954,0.51709,0.63789,0.43144,0.87821,0.70839,0.52993,0.59735,0.52288,0.58508,0.43428,1.1256,0.85527,0.57115,0.66531,0.91247,0.86607,0.67988,0.68708,0.22763,0.74394,0.75319,0.69267,0.49827,1.0035,0.74874,1.117,1.141,1.1852,0.64952,0.93922,0.55796,0.50886,0.68654,0.79127,0.68484,1.1779,0.99355,0.45884,0.43237,0.35337,0.39072,0.43923,0.31034,0.6361,0.59736,0.81355,0.43107,0.68178,0.74203,0.79501,0.57431,0.36397,0.41387,0.47689,0.8611,0.34655,0.8584,0.39331,0.67349,0.42436,0.58318,0.74853,0.62326,0.39529,0.60767,0.68546,0.75038,0.70953,0.54433,1.2984,1.1151,1.4629,0.87971,0.64442,0.37492,0.65434,0.86483,1.0393,0.64705,0.62414,0.93019,0.69317,0.31446,0.64109,0.74683,0.56895,0.8048,0.6841,0.79277,0.5038,0.65697,0.77449,0.82611,0.55437,0.60434,0.39703,0.4053,0.32657,1.1053,0.55546,0.45494,0.44067,0.45146,0.60936,0.6196,0.90936,2.0498,0.87024,0.77204,0.63476,0.53581,0.60292,0.51014,0.47068,0.67391,0.73861,0.50516,1.0476,1.0895,0.84031,0.89772,0.8635,0.6182,0.34822,0.53128,0.50936,0.76089,0.45296,0.51798,0.78869,0.67082,1.0279,0.91584,0.22788,0.71899,0.63659,0.42447,0.71219,0.90348,0.94202,0.59931,0.64484,0.7483,0.97099,0.57229,0.71932,0.91732,0.47739,0.30443,0.70684,0.73452,0.56179,0.5258,0.49808,0.96456,0.42076,0.55218,0.8301,0.50511,1.5055,1.038,0.78921,0.8991,0.40227,0.46749,0.42031,0.42411,0.64769,1.1539,0.80167,0.50747,0.74492,0.34666,0.49439,0.45942,0.76585,1.0665,0.62598,0.49674,0.81667,0.74531,0.65787,0.75984,0.72313,0.94591,0.89351,1.0269,0.54096,0.5765,1.1649,1.7116,0.87862,0.78236,0.83237,0.85808,0.63067,0.48497,0.83457,0.56316,1.0279,0.45039,0.86964,0.50923,0.55317,0.85059,0.55291,0.75112,0.82674,0.7688,1.2697,0.5921,1.1197,0.90429,0.71358,0.80708,0.61821,0.47948,0.60897,0.44285,0.45062,0.55092,0.45144,0.35522,0.88476,0.74038,0.4336,0.7881,1.1888,0.77675,1.0483,1.1366,0.92863,0.50436,0.30391,1.1389,0.66443,0.48226,0.67664,1.106,0.83715,0.46261,0.47973,0.8777,0.41151,0.87296,0.63098,0.92865,0.85913,0.68356,1.645,0.88391,1.0779,1.3252,0.51178,0.57886,0.60226,0.42125,0.68541,0.83055,0.48859,0.5366,0.25934,1.0789,0.45286,0.38437,0.41292,0.56199,0.68631,0.7918,0.65834,0.72143,0.61936,0.29528,0.64063,1.2001,0.75051,0.36744,0.56081,1.6553,1.378,0.9643,1.0484,0.57932,0.5905,1.2355,0.62327,0.48758,1.1542,0.55777,0.79936,0.57924,1.1535,1.319,0.83561,0.6055,0.67019,0.53341,0.9526,0.85152,0.89773,1.5193,1.178,0.72375,0.70711,0.55405,0.48253,0.51705,0.39413,0.2272,0.66397,0.58452,0.25781,0.42143,0.3939,0.30121,0.49099,0.54337,0.43929,0.57294,0.44273,0.78954,0.77756,0.38452,1.0518,1.181,0.65371,0.46695,0.6451,0.85773,0.54712,0.75306,0.53419,0.60256,0.57017,0.76846,0.55819,0.75509,1.5677,0.80547,1.0594,0.7324,0.6061,0.59965,0.68901,0.39333,0.68164,0.74478,0.88087,0.47359,0.40516,0.96933,0.82138,0.56453,0.51563,0.86365,0.4513,0.9824,0.55095,0.47654,0.60394,0.39861,0.46384,0.59936,0.66211,0.48052,0.47165,0.81928,0.38549,0.97065,0.86081,0.56207,0.39778,0.61785,0.89682,0.68376,1.4976,0.8249,0.51003,0.89037,0.87991,0.42181,0.67811,0.51614,0.43218,0.22744,0.50503,0.65583,0.8841,0.60949,0.42554,0.54668,0.88539,0.56811,0.32572,0.41223,0.60099,0.37399,1.0116,0.51155,0.82573,0.67177,1.1529,0.64545,0.567,0.54351,1.0199,0.93627,0.89395,0.385,0.59581,0.73006,0.76179,0.63608,0.72033,0.28555,0.81786,0.73912,0.29956,0.74251,0.69693,0.93535,0.76125,0.40558,0.68983,0.55106,0.39028,0.95928,1.2152,0.97699,0.47652,0.48202,0.51985,0.44898,0.82078,0.72723,0.792,0.56628,0.49475,1.041,0.60683,0.50313,0.60201,0.68761,0.38559,0.52505,0.64833,0.43726,0.81169,0.46985,0.57788,0.45697,0.52017,0.64037,0.4701,0.58912,0.49711,0.86727,0.51591,0.6489,0.75122,0.28432,0.81045,0.91013,0.52015,0.53404,0.65864,1.0145,0.98384,0.38242,0.72031,0.6229,0.67524,0.62518,0.26123,0.35192,0.31681,0.66596,1.2733,0.67456,0.8391,0.62899,0.35838,1.0096,0.87102,0.94469,1.0626,0.62981,0.82364,0.47645,0.85766,1.0873,0.54072,0.34858,0.58687,0.44812,0.37984,1.1593,1.1636,0.45283,0.60649,0.49445,0.82154,0.52587,0.70638,1.0461,0.47693,0.65099,0.38647,0.94456,0.55024,0.79594,0.70076,1.1934,0.40666,0.75274,0.49168,0.48061,1.5861,0.7404,0.71022,0.70865,0.66451,0.71245,0.84164,0.91437,0.56575,0.68669,0.47378,0.4899,0.44668,0.34041,0.33445,0.6523,0.46278,0.3878,0.46773,0.69734,0.4954,0.66733,0.59736,0.82982,0.42233,0.96605,0.34942,0.72889,0.98391,0.97807,0.73828,0.65259,0.68921,0.72926,0.75891,0.78361,0.54642,0.59677,0.7261,0.87695,1.1795,0.60831,0.67187,0.83099,0.90216,0.7273,0.68219,0.59317,0.79804,0.48035,0.45231,0.49959,0.5519,0.3925,0.53237,1.062,0.71053,0.69065,0.66148,0.80016,0.19696,0.97152,0.3353,0.49445,0.67571,0.56852,0.89653,0.83264,0.42215,0.34753,0.97694,0.48765,1.4261,0.4867,0.74598,0.31242,0.68254,0.75403,0.72842,0.45702,0.48814,0.67582,0.61669,0.64015,0.73678,0.61946,0.38741,0.29906,0.77071,0.45861,0.44726,0.73822,0.47315,0.43212,0.81854,0.67717,0.66027,0.39084,0.34155,0.58272,0.41827,0.40955,0.47237,0.49739,0.64274,0.98221,0.42,0.74743,0.879,1.1131,0.4373,0.63217,0.43905,0.58863,0.60072,0.782,0.54649,0.53427,0.93999,0.53145,0.98335,0.64127,1.3533,0.66641,0.4924,0.43741,1.1903,0.83402,0.64173,1.2702,0.66848,0.56449,1.3582,0.55807,1.533,0.66532,0.44968,0.84218,0.60165,0.47197,0.82818,0.83058,0.95118,0.58519,0.7333,0.60778,0.81765,0.61052,0.35622,1.184,0.92945,1.6284,0.78962,0.4901,0.73232,0.70463,1.1227,0.48659,1.3704,0.80256,0.68587,0.83217,0.93812,1.2418,0.56128,0.86053,0.56986,1.3365,0.9685,0.20488,0.37898,0.52036,1.3852,0.74315,0.73026,0.77676,0.6412,0.74564,0.58153,0.54703,0.55618,0.45424,0.45627,0.61532,1.8196,0.58951,0.54911,0.33047,0.56751,0.65617,0.66749,0.69105,0.99671,0.87769,0.83031,0.76819,0.55497,0.34108,0.30017,0.67308,0.74628,0.89639,0.42457,0.64122,0.45282,0.36681,0.54507,0.50081,0.67531,0.87779,0.67932,1.0658,0.6571,1.1001,0.69037,0.67535,0.43656,0.73703,0.48222,0.65016,0.96694,0.63425,0.68337,0.68123,0.74411,0.57388,0.52929,1.0484,0.60056,0.66271,0.39528,0.37621,0.53857,0.63549,0.43266,0.57034,0.61351,0.71573,0.54029,0.34748,0.477,0.8767,0.77658,0.72017,0.55532,0.47703,0.56109,0.58284,0.53398,0.5317,0.47118,0.36188,0.4023,0.46287,0.26971,0.64948,0.42214,0.47303,1.0974,0.67264,0.47014,0.41805,0.71764,0.76872,0.50906,0.45263,0.42177,0.52482,1.5259,0.49389,0.87748,0.92293,0.32359,0.37244,0.57255,0.48446,0.80299,0.62545,1.0539,0.48158,0.82575,0.83128,0.39228,0.71788,1.5122,0.49295,0.49934,0.40107,0.54503,0.41561,1.057,0.65849,0.80492,0.62611,0.39505,0.36981,0.47061,0.3146,0.89849,0.61702,0.93096,0.3267,0.38972,1.1003,0.69724,0.93231,0.46085,1.4667,0.95884,0.90934,0.32074,0.51345,0.52385,0.69259,0.65745,0.88573,0.86043,0.88844,0.49256,0.33201,0.42875,0.75216,0.5973,0.72669,0.53192,0.31884,0.47103,0.64863,0.67076,1.1069,0.54235,0.45455,1.2796,0.6414,0.8344,0.38217,0.59416,1.0483,0.99597,0.77699,0.77228,0.71842,0.65885,0.37025,0.52194,0.37891,0.4336,0.91329,0.50942,0.70926,1.2499,0.6211,0.85369,0.55096,0.64182,0.47057,0.40625,0.76655,0.44693,0.53698,0.58044,0.53804,0.51264,0.58108,0.81214,1.1154,0.72882,0.6268,0.58505,0.3061,0.44303,0.5887,0.28983,0.51054,0.58685,0.61529,0.28319,0.77058,1.1175,0.3686,0.49112,0.64495,0.72003,0.58804,0.51581,0.34856,0.42115,0.4478,0.69384,0.6867,0.94694,0.92346,0.88405,1.0286,0.70127,0.59922,0.69533,0.71224,0.82659,1.4839,0.51871,0.68825,0.55734,0.73214,0.6476,0.7801,0.73822,0.64244,0.87093,0.54907,0.84354,0.39201,0.93883,0.71627,0.57924,0.79388,0.68552,1.2612,0.60765,0.56786,0.865,0.85424,0.25234,0.47302,0.7,0.72069,0.56834,0.27778,0.48499,0.9441,0.93192,0.4191,0.84559,1.4189,0.81927,0.61357,1.0437,0.76033,0.71094,0.52149,0.56406,0.82214,0.938,0.7323,0.80669,1.0561,0.9136,0.53384,0.90122,0.6768,0.76471,0.84144,0.45756,0.4232,0.82641,0.78653,0.63848,0.79236,0.4703,0.66206,0.39383,0.43543,0.25603,0.47483,0.61559,0.78883,0.69931,0.92393,0.68097,0.48163,0.86411,0.72605,0.64618,0.56414,0.83647,1.1558,0.80745,0.67335,0.40934,1.5938,1.0529,0.70795,0.40071,0.62104,0.71512,1.7825,0.74865,0.67134,0.92423,0.50596,0.3785,0.34787,0.65433,0.6647,0.55509,0.6382,0.69337,0.40246,1.0528,1.213,1.256,0.95442,0.91274,0.88086,0.69098,0.41841,0.30404,1.2377,0.79008,0.45611,0.99993,0.58516,0.33258,0.42201,0.48124,0.44888,0.62381,0.95381,0.52629,0.4405,0.74038,0.69295,0.84234,1.572,0.63955,0.5033,0.74826,0.56251,0.85001,0.78296,0.33941,0.5455,0.39047,0.30205,0.1852,0.71751,0.90854,0.39474,0.37294,0.50642,0.62563,0.52411,0.38218,0.68894,0.23189,1.2145,0.94193,1.1873,1.1919,0.80811,0.73238,0.77465,0.3335,0.60618,0.68481,0.55171,0.41403,0.48861,0.45916,0.49047,0.50068,0.38562,0.64976,0.37453,0.28314,0.65416,1.109,0.96016,0.37232,0.54033,0.71307,0.76711,0.37144,0.53754,0.47687,0.36452
0.53791,0.65202,0.57573,0.4417,0.63989,0.78488,0.44213,1.3918,0.5204,0.60655,0.54026,0.52816,0.6934,0.52713,0.28391,0.55854,0.36161,0.76803,0.41186,1.0023,0.58021,0.51032,0.72861,0.53763,0.62815,0.79583,0.67507,1.2757,0.43969,0.82628,0.22883,0.6589,0.62217,0.41644,0.81183,0.93556,0.7604,0.92335,0.71377,0.60062,0.5061,0.35495,0.31363,0.68346,0.2877,0.61661,0.34251,0.48738,0.3672,0.63139,0.47998,0.46546,0.58702,0.57262,0.73122,0.59396,0.49258,1.003,1.4115,0.72059,0.82652,0.77421,0.97442,0.6366,0.8079,0.52549,0.56642,0.53468,0.35058,1.0037,0.43949,0.35321,0.58406,0.60653,0.55041,0.68223,0.8708,0.49017,0.7936,0.99741,0.52689,0.97676,0.64834,0.47667,0.48658,0.72385,1.2741,0.54103,0.51866,0.41889,0.29518,0.56576,0.41219,0.46974,0.53028,0.50775,0.84292,0.67583,0.77108,0.73966,0.53347,0.43141,0.65462,0.7964,0.56844,0.6951,0.46802,0.50886,0.86418,0.56234,0.54692,0.75986,0.71251,0.45252,0.46738,0.62795,0.33081,0.31693,0.49092,1.5523,0.60664,0.71313,1.032,0.79378,0.55304,0.40118,0.66305,0.41202,0.55175,0.54795,0.83729,0.66689,0.48312,0.2732,0.53211,0.71319,0.51876,0.62918,0.4059,0.7292,0.47349,0.92594,0.32911,0.73719,0.88893,0.78061,0.72429,0.59839,0.3591,0.467,0.43401,0.74421,0.53279,0.8086,0.72162,0.98339,0.77078,0.22364,0.26974,0.56518,0.50894,0.39537,0.40239,0.63637,0.41539,0.98259,0.94039,0.60456,0.45261,0.47161,0.60805,1.0791,0.3457,0.80892,0.62293,0.47768,1.4009,0.65079,0.72765,1.1119,0.53992,0.94986,2.0506,0.99957,0.51251,1.0719,0.50003,0.48167,0.6584,1.0081,1.5645,1.0184,0.60325,0.53083,0.73967,0.37619,0.92373,0.57783,1.006,0.52398,0.8791,0.32036,0.34301,0.32442,0.5886,0.97075,1.0774,0.73021,0.55811,0.89217,0.60549,0.61811,0.5964,0.36034,1.1462,1.1251,0.83322,0.44861,0.55337,0.60299,0.51928,0.98652,0.65538,0.36349,0.54793,0.83409,0.67117,0.54092,0.89985,0.82728,0.47059,0.58459,1.0679,0.63626,0.46709,0.34088,0.69797,0.39861,0.4961,1.1901,0.67141,0.51762,0.84171,1.0137,0.52268,0.5812,0.84629,0.49781,1.0422,1.2447,0.58849,0.8882,0.73612,0.60736,0.66763,0.68034,0.73487,0.58578,0.59714,0.95819,0.59333,0.60443,0.57336,0.76096,0.92948,1.291,1.5805,0.78284,0.58541,0.3664,0.38543,0.4648,0.7903,0.28358,1.1191,0.38761,0.95889,0.82366,0.54449,0.90233,1.3562,0.52641,1.0542,0.54892,0.46174,0.41993,0.35972,0.72271,0.64171,1.0201,0.60685,0.85751,0.65388,0.59323,1.1082,0.40475,0.54756,0.9115,0.83819,0.76686,0.4673,1.0002,0.84333,0.60913,0.54126,0.53033,0.66795,0.35155,0.29174,0.54352,0.74098,0.75731,0.90829,0.47918,0.32735,0.26307,0.30156,0.28503,0.33424,0.82268,0.63397,0.88974,0.34867,0.24357,0.44207,1.1869,0.93916,0.40921,0.63595,0.47837,0.3685,0.69815,0.52628,0.65807,0.64312,0.60658,0.89389,0.37945,0.53665,0.49241,0.40296,0.40944,0.3535,0.35527,0.82395,0.73016,0.44967,1.2575,0.89325,0.53866,0.48702,0.60009,0.9019,0.52736,0.43251,0.99917,2.0078,0.52577,0.30297,0.74347,0.5878,0.75323,0.96144,0.60244,0.38116,0.4833,0.66672,0.50481,0.84287,0.79155,0.77155,1.0355,0.81063,0.54707,0.33561,0.79766,0.39694,0.65128,0.60046,0.91721,0.55662,0.39857,0.57096,1.3031,0.95222,0.32518,0.87119,0.3372,0.81501,0.53772,0.40176,0.8522,0.67095,0.40014,1.0233,0.47243,0.42191,0.65525,0.503,0.75653,0.20411,0.35287,0.44754,0.56846,1.025,0.54358,0.32294,0.44405,0.84775,0.45083,0.72663,0.40862,0.37031,1.0592,0.77537,1.6941,1.3511,0.55596,0.20061,0.53828,0.57814,1.0213,0.77402,0.63841,0.3566,0.9508,0.54221,0.68773,0.75955,0.91309,0.77674,0.55168,0.78214,0.45783,0.30553,0.44282,0.3324,0.27672,0.65275,0.54486,0.39637,0.2479,0.61384,0.87268,0.58909,0.57134,1.2204,0.42316,0.40792,0.31264,0.38462,0.53047,0.54793,0.74835,0.33644,0.55102,0.59366,0.58337,0.57637,1.0097,0.4262,0.58716,0.73852,0.81679,0.93681,0.80902,0.74559,0.92699,0.63176,0.41515,0.64736,0.44574,0.42073,0.65346,0.43,0.47499,0.82942,0.65835,0.90891,0.67154,0.78834,0.51637,0.6578,0.88146,0.71717,0.45544,0.47005,0.7703,0.33899,0.46785,0.50295,0.5736,0.94633,1.0532,1.2232,0.44922,0.66225,0.46149,0.51639,0.6126,0.55402,0.33549,0.50946,0.80369,0.72351,0.54013,0.46628,0.76049,0.40688,1.2775,0.98883,1.3411,1.1163,1.0133,0.8258,0.49312,0.52052,1.2203,0.25534,0.46001,0.65536,0.4325,0.60979,0.35627,0.22062,0.48599,0.35075,0.32561,0.48271,0.39081,0.51715,0.30663,0.2508,0.64008,0.66161,0.60762,0.50045,0.3163,0.43927,0.57277,0.97216,0.5291,0.51757,0.52366,0.64691,0.46336,0.63028,1.0544,0.57808,0.56869,0.95947,0.82457,0.51924,1.2979,1.3407,0.66727,0.58213,0.51865,0.4931,0.40907,0.73736,0.73418,0.34321,0.42608,1.008,1.098,0.68853,0.55201,0.73233,0.5291,0.72283,0.24392,0.92422,0.70487,0.86577,0.50525,0.76322,0.77826,0.35739,0.53559,0.54697,0.48194,0.50966,1.1904,0.68471,1.1216,0.40885,0.34499,0.41404,0.53027,0.65177,1.4282,0.8894,0.50789,0.40177,0.58514,0.66502,0.83238,1.1035,0.80838,0.26375,0.44508,0.5959,0.8467,0.53245,0.40336,0.59595,0.95773,0.717,0.48881,0.90483,0.75839,0.49687,0.58077,0.56177,0.24735,0.3113,0.80805,0.70752,1.028,0.53083,0.72218,1.072,0.64194,0.43414,0.62664,0.44052,0.50879,0.3719,0.70354,0.87042,0.68446,0.4987,0.46637,0.405,0.42146,0.64775,0.6013,0.31162,0.63349,0.54798,1.0058,0.48456,0.46135,0.91659,0.6602,0.79851,0.96277,0.70248,0.61485,0.29361,0.75948,1.049,0.68304,0.50672,0.57834,0.85618,0.67386,0.5096,0.70023,0.45779,0.55914,0.67242,0.30383,0.77484,0.78012,0.98903,1.0458,0.91165,0.78809,0.5517,0.71988,0.60129,0.25273,0.84433,0.84597,0.82998,0.51892,0.45769,0.44779,0.42693,0.73367,0.47757,0.81802,0.91168,0.5238,0.46658,0.41961,0.73656,0.87881,0.37513,0.72413,0.54686,0.27434,0.6672,0.36202,0.64395,0.56761,1.3884,0.71099,0.61328,0.89363,1.0109,0.69821,0.30863,0.5331,0.83816,0.43204,0.80884,0.34787,0.76833,0.57476,0.36802,0.95745,0.62147,1.0222,0.87401,0.43162,0.59489,0.36889,0.45846,0.35005,0.33962,0.25748,0.37371,0.89328,1.0863,1.0523,0.86003,0.72334,0.44568,0.59329,0.53074,0.90777,0.43143,0.67815,0.46164,0.81505,0.40034,0.35858,0.53832,0.91892,0.35449,0.26996,0.40606,0.72706,1.1699,0.85491,0.80926,0.60139,0.57596,0.77558,0.59853,0.54916,0.99016,0.62048,0.31356,0.5784,0.47125,0.39142,0.68377,0.35705,0.40613,0.59471,0.49721,0.84927,0.83414,0.37535,0.45521,0.50069,0.33124,0.67001,0.62074,0.60547,1.3532,1.0498,0.81488,0.69423,0.63726,0.84196,0.41825,1.1117,0.51523,0.44974,0.51947,0.37438,0.43819,1.0274,0.56755,0.40303,0.64171,0.77914,0.49267,0.32312,0.54129,0.75772,0.69847,0.70802,1.0358,0.47857,0.63259,0.46553,1.3183,0.66674,0.51335,0.4328,0.24697,0.70594,0.65134,0.60777,0.66937,0.509,0.93097,0.59532,0.30668,0.99428,0.35541,0.69526,1.3615,0.66184,0.35395,0.75489,0.74378,0.54863,0.32051,0.59854,0.89354,0.88569,0.49792,0.63431,0.63687,0.34666,0.96435,0.57847,0.71871,0.41053,0.96813,0.51604,0.68764,0.47144,0.79384,1.2496,0.76767,0.28445,0.38248,0.72104,0.89835,0.91937,0.66652,0.30191,1.0649,0.4228,1.0447,0.72333,0.46802,0.68989,0.45878,0.36986,0.70351,0.83808,0.24194,0.43998,0.58646,0.71987,0.49706,0.54127,0.84702,0.34378,0.61189,0.64855,0.44334,1.3911,0.45996,0.5919,0.23303,0.49369,0.48327,0.36212,0.49131,0.50938,0.26474,0.5932,0.38242,0.47802,1.1957,0.84169,1.0394,0.63377,0.65882,0.71772,0.48776,0.59459,0.34643,0.37411,0.82312,0.81492,0.6572,0.71124,0.50456,0.43168,0.40217,0.73933,0.77326,0.82221,0.82535,0.85202,0.57565,0.5515,1.0334,0.69295,0.43626,1.0017,0.69135,0.73261,0.7437,0.87391,0.96081,0.49387,0.84061,0.70412,0.59689,1.3369,0.88905,0.28509,0.32981,0.38384,0.55982,0.59536,0.39401,0.60121,0.35729,0.64055,0.71153,0.38164,0.6186,1.1196,0.51926,0.43642,0.44818,0.35635,0.33694,0.40435,0.50622,0.41873,0.82033,0.55442,0.47008,0.51408,0.62722,0.99315,0.97984,0.63511,0.5824,0.76523,0.37526,0.85099,0.44197,0.76484,0.49034,0.81906,0.66678,0.63257,0.4624,0.37535,1.0533,0.69319,0.67055,0.59288,0.37475,0.64986,0.98784,0.97572,0.86094,0.69434,0.74645,0.61563,0.7583,0.97688,0.75496,0.58552,1.0716,0.5835,0.65246,0.56083,0.66283,0.71572,0.63622,0.63964,0.54206,0.90962,0.93971,0.54043,0.90819,0.66961,0.79571,0.40084,0.67399,0.50344,0.71157,0.79753,0.55447,0.41248,0.71288,0.46447,0.88619,0.48009,0.36726,0.2927,0.39032,0.47129,0.41987,0.90571,0.75651,0.65059,0.54182,0.48962,0.411,0.7252,0.59445,0.54233,0.45325,0.66456,0.65968,0.38211,1.168,0.91858,0.64726,0.38135,0.3669,0.50663,0.48288,0.88618,0.78957,0.95117,0.59574,0.22504,0.42746,0.58663,0.52997,0.7556,0.64789,0.59174,0.8134,1.1445,0.54541,1.4572,0.82951,0.68396,0.62469,0.55347,0.53553,0.67588,0.93777,0.40281,0.55935,0.45735,0.57578,0.73141,0.66287,0.52741,0.58429,0.56913,0.73034,0.40136,0.40157,0.59559,0.36817,0.41703,0.9505,0.33624,0.49147,0.96749,0.57241,0.39056,1.0034,1.2588,0.73444,0.87505,0.8024,0.73932,0.49087,0.49833,1.0123,0.5657,0.53543,0.58676,0.31852,0.62277,0.73604,0.65559,0.84231,0.8428,0.44991,1.0001,0.36441,0.68144,1.0173,0.69954,0.52891,0.46918,0.215,0.44215,0.55472,0.43766,0.57566,0.45235,0.49252,0.79759,0.51353,0.80992,0.32212,0.61489,0.78714,0.75077,0.6124,0.68748,0.93079,0.54525,0.71688,0.38635,0.65723,0.74027,0.81651,0.43143,0.48533,0.71118,1.0756,0.76085,0.92314,0.28759,0.5953,0.3546,0.71905,0.62327,0.49545,0.5814,0.34162,0.5911,0.61845,0.69143,0.86119,0.42634,0.34351,0.31853,0.52993,0.46551,0.39835,0.338,0.31732,0.3853,0.39594,0.5004,0.52609,0.43576,0.60003,0.41615,0.39013,0.28643,0.96456,0.56866,0.52469,0.44574,1.1664,6.4973,2.9678,1.0863,0.85326,0.76914,0.37672,0.82303,0.48898,0.45593,0.84157,0.45449,0.66822,0.51356,0.86985,0.63727,0.35955,0.47283,0.57351,0.29337,0.49631,0.47556,0.56645,0.43903,0.37932,0.43605,0.93927,1.1588,0.56036,0.35753,0.60947,1.5395,1.1258,0.51038,0.39115,0.62131,0.44772,0.34764,0.71803,0.70919,0.32693,0.27324,0.48144,0.7812,0.9111,0.60771,0.70545,0.5378,0.6892,0.55829,0.52664,5.2394,2.1486,0.4274,0.30728,1.0675,0.342,0.44968,0.55971,0.92506,0.36457,0.40925,0.5462,0.74897,0.67231,0.59245,1.0525,0.47995,0.52184,1.0208,0.6967,0.29332,0.24724,0.64634,0.42078,0.77288,0.63807,0.40857,0.37236,0.32978,1.3128,1.2005,0.86897,0.44016,0.74653,0.51775,0.94705,0.74422,1.6681,0.5772,0.8754,0.6875,1.2442,0.36605,1.5512,0.65085,0.87187,0.52305,0.52599,0.50356,0.56221,0.45653,0.2444,0.49228,1.0483,0.22448,0.66845,0.40318,0.84848,0.52339,0.73277,0.91123,0.54207,0.73533,0.82021,0.78947,1.1288,0.60329,0.79124,0.50209,1.0323,0.59657,0.45078,0.79719,0.7928,0.77002,0.39158,0.50661,0.16764,0.63354,0.30609,0.64005,0.83873,0.69962,0.74819,0.42624,0.79658,0.61029,0.78028,0.73883,0.60789,0.61705,0.59102,0.7502,0.66715,0.66355,0.81213,1.0267,0.68439,0.3928,0.45345,0.55193,0.53228,0.62956,0.42453,0.59055,0.40745,0.58364,0.61976,0.92431,1.5703,0.73291,0.74546,1.3215,0.53425,0.35855,0.70573,0.7429,0.75576,0.84776,0.65457,0.43792,0.6482,0.95527,0.93754,1.2171,1.1582,0.26726,0.2858,0.60117,0.66999,0.558,0.40185,0.60747,0.59503,0.83189,0.76718,0.65708,0.91631,0.55716,0.7206,0.59942,0.82303,0.77494,0.80246,0.46146,0.88297,0.59956,0.56239,0.42646,0.54493,0.6614,0.54739,0.91476,0.99929,0.86305,0.76391,0.54552,0.59571,0.51549,2.7867,1.7463,0.68277,0.87436,1.1845,0.49195,0.91881,0.42294,0.47684,0.59987,0.56605,0.79717,0.57777,0.76984,1.228,0.85462,0.82192,1.1173,0.44741,0.25578,0.54895,0.63344,0.46776,0.75353,0.62883,0.63245,0.45621,0.83358,0.66991,0.59165,0.50416,0.66343,0.93634,1.0544,0.40984,0.5589,0.49374,0.2987,0.54147,0.52863,0.51167,1.14,0.45592,0.69883,0.69925,0.84426,0.60395,0.37407,0.41715,0.62184,0.52085,0.5893,0.46171,0.35603,0.60806,0.55699,0.5498,0.71634,0.76481,0.34711,0.81419,0.77551,1.1913,1.0917,0.77094,0.89533,0.72001,0.54928,0.81494,0.86646,0.8556,0.41795,0.3951,0.3567,0.62438,0.90044,0.54034,0.62675,0.2642,0.44952,0.66601,0.95232,1.3091,0.83219,0.80196,0.49968,0.3333,0.65464,0.37051,0.32722,0.8061,0.67604,0.631,0.66705,0.7547,0.53875,1.145,0.65883,0.54712,0.59542,1.035,0.47913,0.60526,0.41562,1.0669,0.5105,0.9982,0.54025,0.84523,0.79192,0.746,0.89598,0.63221,0.39221,0.70329,0.50883,0.63966,0.72631,0.56159,0.3692,0.55554,0.44819,0.62061,0.6802,0.58926,0.45124,1.2432,0.93167,0.78366,0.58273,0.40061,0.48727,0.63523,0.44389,0.4169,0.47187,0.38142,1.6061,0.35118,0.48383,0.66099,1.1032,1.0464,0.44627,1.5135,1.0798,0.60559,0.57176,0.71853,0.62793,1.5663,0.84082,0.8094,0.87828,0.52911,0.66719,0.50821,0.61312,0.6705,0.61332,0.56961,0.95109,0.43603,1.2684,0.53661,0.52109,0.89028,0.61874,0.47268,0.65851,0.36699,0.45263,0.78316,0.48735,0.60164,0.79664,0.5679,0.58232,0.61734,0.57391,0.44609,0.54442,0.88995,1.0148,0.74999,0.3135,1.1771,0.40513,0.8791,0.56637,0.41565,0.6869,0.91839,0.49231,0.99905,0.51559,0.48809,0.60438,0.49042,0.44027,0.39968,0.42276,0.62589,0.47986,0.46256,0.68578,0.5704,0.94038,0.556,0.49688,0.58493,0.71283,0.51344,0.81804,0.72182,0.77851,0.61199,0.57756,0.65467,0.36174,0.64329,1.0328,0.49824,0.78002,0.87111,0.72208,1.1139,1.4997,0.35442,0.55582,0.76831,0.39531,0.35442,0.4043,0.40324,1.0149,0.54652,0.8155,0.50772,0.59819,0.25508,1.1083,0.49896,0.59221,0.62432,0.38262,0.58466,0.6166,0.71484,1.0696,0.57956,0.58007,0.44135,0.76846,0.66036,0.56818,0.45387,0.27714,0.74082,0.56944,0.31508,0.74925,0.52861,0.68367,0.5377,1.2177,0.44746,0.70116,0.66566,0.50411,0.68688,0.58531,0.2957,0.74333,0.55075,0.5539,0.84201,0.68746,0.61268,0.71382,0.71588,0.61869,0.74389,0.30777,0.80956,0.76498,0.53993,0.59677,0.72162,1.1658,0.55616,0.55623,0.30102,0.67803,0.47259,0.66366,0.19151,1.056,0.58825,0.92386,0.8752,0.19725,0.62206,0.4502,0.3107,0.48242,0.52774,0.28052,0.50536,0.77509,0.52907,0.34089,0.32732,0.50159,0.59715,0.82678,0.64138,0.29026,0.37912,0.40089,0.57953,0.59394,0.59955,0.58752,0.34793,0.26654,0.76177,0.4171,0.90214,1.8547,0.37987,0.27471,0.49216,0.36001,0.65198,0.56306,0.76349,0.83948,0.74142,0.89835,0.86359,0.67738,0.3862,0.26488,0.90202,0.69755,0.31248,0.40415,0.58318,0.40862,0.4424,0.49486,0.2998,0.39738,0.47363,1.009,0.97282,0.3206,1.1359,0.4543,0.56604,0.72615,0.51509,1.3458,0.51092,0.34572,0.58801,0.29077,0.33802,0.23517,0.72834,0.46119,0.85297,0.60004,0.48667,0.7744,0.59579,1.0435,0.27888,0.60787,0.48436,0.52757,0.8304,0.53191,0.65241,0.51896,1.0666,0.71454,0.88544,0.80944,0.86222,1.1149,0.81068,0.61969,0.55642,0.84245,0.32671,0.38894,0.8794,0.44654,0.4306,0.76799,0.73483,0.47465,0.65612,0.79328,0.73285,0.55008,0.54708,1.342,0.61622,0.64919,0.33848,0.70446,0.61444,0.77033,0.83457,0.64632,0.20797,0.70035,0.30703,0.67384,0.95287,0.45006,0.59059,0.77287,1.3713,0.50467,0.44657,0.42133,0.41477,0.76052,0.56568,0.95941,0.40943,0.30029,0.95555,0.4778,0.81025,0.33241,0.58924,0.38371,0.62956,0.6796,0.96803,0.3607,0.53441,1.0932,0.87391,0.61464,0.74601,0.62663,0.54194,0.47799,0.72721,0.74197,0.88681,0.70356,0.67247,1.0861,0.7034,0.65005,0.56187,0.43823,0.71616,0.90103,0.75236,0.43423,0.573,0.53021,0.40456,1.2489,0.75739,0.35373,0.53569,0.48161,0.30836,0.34616,0.56299,0.5009,0.4843,0.54754,0.54833,0.35938,0.56701,0.8265,0.94971,0.28237,0.34107,0.56525,1.1208,0.9305,0.43629,0.55117,0.53658,0.46238,0.86076,0.44095,0.41611,0.68773,0.4423,0.62642,0.46986,0.53002,0.75027,0.53591,0.47586,0.29217,0.57849,0.43709,0.33646,0.40075,0.6364,0.93737,0.55597,0.51682,0.40824,0.77952,0.96219,0.24884,0.45225,0.79215,1.103,0.64287,0.41616,0.82724,0.79121,0.43545,0.96968,1.0159,0.52034,0.84403,0.86313,0.8351,0.72388,0.32266,0.71542,0.38214,0.27707,0.74995,0.65864,0.58154,0.61003,0.50494,0.71002,0.76105,0.78758,0.8532,0.51795,0.68168,0.82189,0.64863,1.1646,0.99385,0.55515,0.80273,0.94426,0.72044,0.85056,0.5,0.50585,1.3603,0.83725,0.74289,0.50189,0.82743,0.40389,0.43063,0.5524,0.17743,1.0663,0.82809,0.64135,0.64149,0.67951,0.6296,0.32376,0.24928,0.49663,0.57066,0.57286,1.5978,1.1241,0.5108,0.83278,0.53916,1.4643,0.73337,0.60382,0.44409,0.47876,0.74286,0.88224,0.61129,1.2666,1.0104,1.2465,1.0266,0.88296,0.37253,0.62539,0.51472,0.65005,0.29409,0.33962,0.52236,0.59581,0.73263,0.54735,0.68525,0.60429,1.4079,0.40564,0.47077,0.38505,0.82469,0.85985,0.68671,0.64559,0.3825,0.59704,0.52875,0.42575,0.35496,0.83482,1.0825,0.35006,0.49413,0.46131,0.62704,0.54324,1.0623,0.42601,0.80491,0.42639,0.65045,1.5915,0.76319,0.47129,0.98048,0.35744,0.48702,0.57715,0.58192,0.53932,0.59054,0.45189,0.73424,0.35081,0.39519,0.55386,0.50496,0.57928,0.40365,0.98597,0.46443,0.30747,0.5369,0.7166,0.88823,0.56342,1.2618,0.78823,0.41278,0.54906,0.33471,0.47433,0.27466,0.29282,0.39491,0.48601,0.538,0.5032,0.87124,1.1625,0.38112,0.31387,0.17965,0.29518,0.54357,0.78694,0.67065,0.60619,0.51243,0.99202,1.517,0.81979,0.62133,0.81634,0.67762,0.63999,0.36421,0.82293,1.3822,0.59121,0.36646,0.69765,0.7347,1.2114,0.3075,0.56628,0.71999,0.74189,0.61554,0.50076,0.3258,0.88228,0.46598,0.80874,1.327,0.36538,0.50779,0.46502,0.29436,0.80845,0.50666,0.66626,0.72286,0.42257,0.91323,0.21658,0.35071,0.6593,0.50496,0.30667,0.7682,0.73026,0.45338,0.60725,0.62717,0.53041,0.61223,1.5418,0.60423,0.42804,0.67537,1.1482,0.70379,1.1043,0.55236,0.40968,0.47653,0.58614,0.78522,0.61328,0.76317,0.47209,0.80362,0.95078,0.49119,0.63645,0.54937,0.47678,0.78036,1.1587,0.52143,0.31914,0.51329,0.27468,0.58039,0.70015,0.51452,0.48581,0.27278,0.68086,0.4791,0.77805,0.66584,0.66216,0.3159,0.87447,0.55606,0.43684,0.48159,0.4439,0.45401,0.38549,0.73081,0.5168,0.66603,0.32999,0.59829,0.32053,0.24756,0.80559,1.0092,0.48737,0.85392,1.2338,1.007,0.48786,0.41488,0.89075,0.43434,0.72718,1.1618,0.78112,0.65455,0.22048,0.72991,0.58969,0.69517,0.34104,0.91572,0.5178,0.52468,0.42308,0.82919,0.77568,0.43889,0.42472,0.6241,0.58957,0.82377,0.70976,0.5696,0.65215,0.63135,0.59914,0.56522,0.8035,0.41737,0.57437,0.49957,0.36306,0.39485,0.76751,0.82548,0.87885,0.58487,0.58487,0.44152,0.84944,0.62601,0.56344,0.61708,0.45845,0.42086,0.78413,0.30437,0.57273,0.51516,0.63141,1.4098,0.70249,0.56284,0.72903,0.36258,0.69288,0.32958,0.70943,0.52606,0.49462,0.33267,0.33142,0.34486,0.68859,0.77778,0.59801,0.86104,0.7373,0.55043,0.52655,0.44308,0.67663,0.44524,0.4335,0.61401,0.53468,0.33843,0.60691,0.54848,0.55141,0.62631,0.66777,0.56784,0.55978,0.49344,1.0867,0.48891,0.38209,0.89895,0.69222,0.88295,0.89369,0.81201,0.36165,0.51919,0.83663,0.64459,0.53221,0.45831,0.43961,0.52256,1.1545,0.62972,0.70035,0.51555,0.24694,0.7788,1.1775,0.44736,0.87111,0.79405,0.7003,0.5818,0.88306,0.67228,0.38175,0.44464,0.57425,0.60434,0.43445,0.4071,0.86027,0.31023,0.4716,0.62418,0.46233,0.53743,0.66564,0.59993,0.61925,0.49454,0.4192,0.30741,0.53779,0.74335,0.9194,0.86401,0.68083,0.72326,0.8005,0.52445,0.5095,0.48677,0.54614,0.38113,0.97241,0.58548,0.46984,0.5189,0.50304,0.39494,1.0216,1.0731,0.63053,0.90035,0.5114,1.1345,0.68859,0.91027,1.0006,0.68501,0.49641,0.69136,0.37245,0.49516,0.80346,0.78095,0.93424,0.82461,0.70166,1.1831,0.47046,0.61192,0.55635,0.37145,0.67777,0.95749,0.56005,0.27688,1.1041,1.101,0.64717,0.53773,0.55156,0.69666,0.56452,1.1211,0.61854,1.3138,0.75358,0.66453,0.74047,0.69533,0.8562,0.76183,0.59255,0.49579,0.54735,0.92411,0.81838,0.4101,1.1991,0.81913,0.45162,0.7048,0.39581,0.50501,0.8346,0.69791,0.77873,0.62436,0.81168,0.83432,0.76581,0.78743,0.78145,0.46254,0.6569,0.6693,0.59211,0.51244,0.46326,0.26658,0.71124,1.062,0.46376,1.2357,0.51238,0.76127,0.52744,1.0527,0.53899,0.53311,0.6476,0.77537,0.66192,0.89856,0.37474,1.0213,0.75923,0.60281,0.5717,0.50556,0.75822,0.73732,0.40533,0.49013,0.41636,0.64301,0.58534,0.59957,0.28781,0.45569,0.77205,0.57772,0.51582,0.57189,0.43463,0.58348,0.65114,0.86865,1.1715,0.87798,0.47876,0.71652,0.76903,0.45348,0.37157,0.71111,0.66638,0.66576,0.58212,0.40754,0.35514,0.23907,0.71214,0.80135,0.49458,0.39654,0.54426,0.71687,0.48213,0.46458,0.24225,0.61349,0.70014,0.89049,0.88035,0.36466,0.47809,0.97915,0.74852,0.64908,0.28943,0.52234,0.54187,0.37801,0.50621,0.79129,0.53062,0.44277,1.1396,0.95298,0.90771,0.81851,1.4667,0.47244,0.86873,0.72359,0.74082,0.41948,0.92188,0.53376,0.45705,0.57435,0.42704,0.53025,0.52947,0.38113,1.0999,0.74064,0.49998,0.99154,0.52681,0.76166,0.94651,0.9351,0.62624,0.33934,0.84445,0.65931,0.26073,0.71512,0.49727,0.74824
1.0495,0.51319,0.53725,0.40181,0.49474,0.83048,0.78647,0.70337,0.72803,0.41057,0.91501,0.62691,1.0676,1.1655,0.76007,0.58865,0.82496,0.46925,0.5887,0.96757,1.0022,0.75966,1.2102,0.54013,0.24987,0.54606,0.84316,0.98542,0.38176,0.53303,0.48832,1.0298,0.50206,0.94513,0.50736,0.68966,1.294,1.3701,0.72346,0.98433,0.59769,0.24875,0.30422,0.47751,0.45748,0.47442,0.33294,0.76482,0.63084,0.52957,0.68304,0.48778,0.66526,0.67211,0.79975,0.33624,0.55673,0.71203,0.43479,0.64579,0.58603,0.38947,0.65524,0.85447,0.69426,0.36443,0.72741,0.50973,0.94278,0.90342,0.8546,0.55632,0.64319,0.48672,0.81706,0.55166,0.56513,0.57022,0.48021,0.62404,0.4763,0.63495,0.98405,0.83147,0.84588,0.74985,1.5308,1.0057,0.36793,0.54251,1.1459,1.6068,1.1167,0.86125,0.91954,0.68011,0.35102,0.88042,0.60399,0.78612,0.50551,1.0638,0.595,0.90987,0.4475,0.77239,0.68002,1.2655,0.59772,0.4686,0.59363,0.52983,0.59578,0.66087,0.76023,0.82936,0.69875,0.64466,0.88123,1.2327,0.24517,0.65236,0.94732,0.79152,0.41881,0.64446,0.55873,0.73422,0.50173,0.58201,0.56499,0.65853,0.38952,0.61964,0.82127,0.67023,0.80593,0.66077,0.4212,0.4059,0.71055,0.81252,0.45286,0.37868,1.4505,1.2233,0.59032,0.78119,0.48542,0.57631,0.68189,0.34307,0.49431,0.78606,0.57638,0.81375,1.2782,0.68378,0.61304,0.86169,0.66255,0.43637,0.70526,0.28298,0.41218,1.0298,0.80263,0.67131,0.78016,1.0589,0.40726,0.73552,0.32812,0.78423,0.76082,0.74556,0.5997,0.63436,1.6046,0.69935,0.9031,0.43995,0.63637,1.3037,0.5786,0.43619,0.49361,0.30033,0.59819,0.71843,0.27703,0.60469,0.71963,0.39335,0.86587,0.39335,0.36357,0.32342,0.74008,0.60855,0.54999,0.52636,0.48779,0.7666,0.59605,0.75993,1.0106,0.47402,0.89394,0.61857,0.36523,0.66917,0.63433,0.36086,0.49975,0.88085,1.3294,0.6446,0.74282,0.48875,0.46124,0.57321,0.36764,0.45286,0.42247,0.83649,0.58638,0.52548,0.52626,0.90031,0.6942,0.69408,1.0322,0.58555,0.73365,0.34478,1.0932,0.54749,0.71474,0.77422,0.91851,0.31668,0.5073,0.30806,1.0237,0.71422,0.39151,0.57617,0.4026,0.75167,0.45843,0.68017,0.72839,0.6579,0.54619,0.76333,0.79192,0.47412,0.57707,0.68656,0.61584,0.5063,0.4588,0.39538,0.52498,0.67906,1.3845,0.49194,0.38306,0.52155,0.61039,0.47977,0.38962,1.181,0.72992,0.9335,0.36653,0.63186,0.4286,0.65802,0.69784,0.90145,0.75791,0.57864,0.64693,0.82097,0.72533,0.50885,0.53623,0.86419,1.0201,1.2298,0.35552,0.37379,0.62698,0.86025,0.40209,0.77907,0.74633,0.43915,0.55408,1.141,0.45239,0.61185,1.1723,0.43385,0.82834,0.51106,0.48489,1.1191,0.69048,0.45837,0.62573,1.0174,0.45693,0.5373,0.73505,0.6316,0.37902,0.84782,1.2604,0.694,0.68042,0.25223,0.60181,0.31886,0.45234,0.47231,0.46371,0.81196,0.33478,0.58546,0.66982,0.60244,0.90099,0.7035,0.86788,0.73499,0.45255,0.55077,0.52085,0.43406,0.51242,0.51842,1.1799,0.78879,0.73209,0.42504,0.72893,0.46086,0.44962,0.47599,0.38292,0.5948,0.93851,0.72306,1.446,1.0054,1.1125,0.73373,0.54152,0.42111,0.20529,0.37551,0.33976,0.42026,0.3932,0.87442,0.68539,0.82369,0.4285,0.74535,0.77596,0.51029,0.56756,0.69169,0.54805,0.48683,0.79643,0.64141,0.67076,0.38489,0.41884,0.45869,1.0176,0.37153,0.55606,0.58806,0.52277,0.47728,0.89706,1.4318,0.62202,0.35188,0.29754,1.2378,0.57345,0.49288,0.92838,0.74094,1.0309,0.8175,0.68442,0.56474,0.91307,0.59911,0.7395,0.63822,0.85444,0.35288,0.63313,0.52142,0.71587,1.3269,0.37075,1.2946,0.62455,0.27329,0.80105,0.26808,0.7549,0.96288,0.45574,0.39049,0.54436,0.73224,0.67785,0.62218,0.78025,1.4962,0.9845,1.036,0.48074,0.41431,0.94702,0.31621,0.33003,0.98207,0.42193,1.0589,0.67431,0.58395,0.84398,1.1283,0.61989,0.58648,0.99165,0.38708,0.4152,0.82722,0.75026,0.48473,1.034,0.96269,0.27946,0.47254,0.87372,0.88013,0.78967,0.69587,0.48406,0.54575,0.44565,1.8953,0.88577,0.59025,0.3726,0.60951,0.47976,0.42667,0.76869,0.56344,0.36406,0.64987,0.88902,0.55183,0.96072,0.62045,0.43682,0.39399,1.0454,0.71399,0.8057,1.3351,0.49327,0.42839,0.76635,0.58616,0.71326,1.1086,0.63171,1.1409,0.80034,0.82207,0.5907,0.47947,0.48763,0.784,0.60683,0.69174,0.46924,0.31042,0.56783,0.52096,0.44436,0.49852,0.36304,0.80629,0.74674,0.63455,0.27524,0.61021,1.1431,1.7841,0.63249,0.89501,0.50718,0.57965,0.33111,0.42668,0.41043,0.4328,0.2627,0.6635,0.58053,0.45591,0.72095,0.27383,0.54434,0.42268,0.76248,0.92951,0.42575,0.65958,0.81259,1.3858,0.60441,0.2542,0.82039,0.75542,0.77707,0.76273,0.6976,0.8295,0.60564,0.73386,0.9807,0.6209,0.41515,0.29552,0.72377,0.43895,0.72388,1.1993,1.0204,0.51521,0.77957,0.4335,0.45695,0.8959,0.66751,0.97654,0.40236,0.62147,0.72879,0.42567,1.2059,0.79874,0.6296,0.59237,0.38279,0.46421,0.72044,0.55289,0.65607,0.80786,1.1289,0.53169,0.56693,1.0701,0.63536,0.60297,0.65765,0.61531,0.46248,0.63233,0.69113,0.87997,0.44345,0.61548,0.63774,1.2019,0.46268,0.61111,0.47973,0.51126,0.68111,1.4069,0.51108,0.83923,0.99487,0.52507,0.51752,0.39566,0.6143,0.35864,0.51837,1.2014,0.28888,0.37104,0.50421,0.60825,0.69293,0.79321,0.78156,0.31311,0.89623,0.96743,0.88272,0.99078,0.52318,0.83846,1.3401,0.57364,0.33457,1.2102,0.52842,0.43151,0.79781,0.86984,0.73079,1.0585,0.79061,0.61772,0.46631,0.4477,1.1873,1.0237,0.91789,0.50317,0.53033,0.78918,0.58868,0.4055,0.75779,0.63865,0.81936,0.39067,1.1451,0.74738,0.74722,0.91692,0.95532,0.33555,0.46115,0.46144,0.78978,0.59304,0.49094,0.66189,0.64807,0.53096,1.0143,0.63004,0.91769,1.0062,0.60586,0.2849,0.54089,0.27817,1.1375,0.68355,0.44948,0.57546,0.97726,0.56581,0.99467,0.43288,0.39526,0.67067,0.46991,0.7849,0.6731,0.77238,0.80549,0.92216,0.95533,0.59386,0.62693,0.64274,0.67071,0.6294,0.8027,0.40903,0.70936,0.35238,0.36321,0.83894,0.8483,0.51581,0.4894,0.52183,0.75386,0.63256,0.96233,0.8336,0.69975,0.57812,0.84042,0.69818,0.56869,0.30454,0.55483,0.54099,0.6709,0.52451,0.68309,0.3164,0.31373,0.22657,0.64529,1.408,0.91767,0.9434,0.60548,1.9371,0.78644,0.70131,0.33352,0.62041,0.20147,0.74085,0.9475,0.40656,0.32836,0.58183,0.34706,0.57602,0.32502,0.57328,0.45664,0.74487,0.42101,0.65176,0.73503,0.32619,0.47965,0.80845,0.28333,0.53989,0.5968,0.97614,0.47254,0.91433,0.74942,0.91358,0.39347,0.52501,0.3408,0.34448,0.35367,0.34993,0.37515,0.95568,0.74921,0.60823,0.50424,0.59528,0.40857,0.47558,0.53998,0.67545,0.71117,0.44774,1.3845,0.939,1.089,0.86256,0.69142,0.84305,0.65284,0.56004,0.4994,0.80866,0.30634,0.36879,0.76119,0.98388,0.79857,0.70575,0.57832,0.8859,0.93382,0.73687,0.67857,0.22413,0.76222,0.47696,0.60061,0.28547,0.69971,0.59539,0.57994,0.40904,0.51062,0.32273,0.52212,0.68407,0.58713,0.47388,0.89137,1.2613,0.472,0.60007,0.78206,0.94963,0.77269,0.31564,0.53814,0.40434,1.3681,0.75402,0.90835,0.4479,0.44814,1.2057,0.60069,1.0878,0.98354,0.99104,0.59835,0.80284,0.29145,0.76988,0.80142,0.71541,0.42187,0.3276,0.58282,0.52161,0.30573,0.7442,0.3786,0.62467,0.45122,0.4367,0.54342,0.36285,0.98671,0.69415,0.60911,0.48947,0.55266,0.62446,1.0161,0.89651,0.87913,0.7845,0.64696,0.296,0.81646,0.4514,0.80816,0.39548,0.8732,0.50428,0.6183,0.56236,0.84847,0.38783,0.4441,0.76821,0.50289,1.0864,0.97184,1.1984,0.75024,0.68915,0.90904,0.48925,0.3849,0.2415,0.34454,0.85831,0.78263,0.94743,1.8817,0.53693,0.72606,0.62779,0.52534,0.45823,0.44014,0.62453,0.48171,0.70502,0.54828,0.61354,0.4388,0.43143,0.50467,0.64531,0.83681,0.85886,0.71059,0.50083,0.81049,0.32933,1.3378,1.1509,1.0409,1.1457,0.55797,0.44264,0.43591,0.59415,0.47183,0.4139,0.97652,0.92073,0.35294,0.41428,0.62567,0.73557,0.41639,0.58012,0.80091,0.79072,0.56843,0.64958,0.56474,0.30269,0.5609,0.54458,0.67167,1.0415,0.92617,0.23473,0.36777,0.66917,0.46579,0.40473,0.90953,0.66599,0.37164,0.56713,0.7131,0.53749,0.92574,1.3769,0.75749,0.84039,0.73776,0.8889,0.80919,0.74641,0.93585,0.52517,0.78699,0.66022,0.44469,0.63569,0.62928,0.40465,0.59022,0.82272,0.5144,0.33559,0.78908,1.0313,0.90143,0.77222,0.63813,0.81105,0.52394,0.6016,0.33494,0.88292,1.3242,0.74634,0.78266,0.87583,0.83601,0.80627,0.53453,0.61733,0.37161,0.50172,0.61804,0.48008,0.93862,0.41647,0.40708,0.75459,0.72845,0.99857,0.73634,0.56081,0.66993,1.3749,0.38468,0.47987,0.46572,1.1279,0.4353,0.68751,0.58795,0.37776,0.31482,0.39979,0.60989,0.76217,0.52489,0.68341,0.47577,0.52453,0.48396,0.4505,0.63071,0.37241,0.66985,0.45768,0.82361,0.28463,0.69754,0.92545,0.58519,0.51283,0.70482,1.06,0.79863,0.99441,0.77306,0.89476,0.53367,0.45183,0.36161,0.36528,0.41869,1.1148,0.67311,0.67009,0.79642,0.44601,0.60295,0.49404,0.32048,0.53396,0.78877,0.55149,1.4183,0.86848,0.4904,0.42767,0.37067,0.66121,0.60977,0.51744,0.99972,0.44831,0.68669,0.39518,0.44455,0.83492,0.70788,0.86233,1.3935,0.79458,0.76126,0.77351,0.69238,0.7936,0.71145,0.31916,0.8257,0.65983,0.49078,0.46091,0.7315,0.62424,0.41504,0.64919,0.72936,0.3986,0.47751,0.55831,0.41947,0.523,0.6441,0.71255,0.67517,1.2092,1.4108,0.40617,0.48831,0.56646,0.64968,0.63574,0.39898,0.62902,0.44686,0.58609,1.0744,0.8816,0.56527,0.39354,0.52114,0.62236,0.71015,0.74883,0.86917,1.0616,0.50848,0.49874,0.64269,0.80066,0.58271,0.49093,0.38284,0.36554,0.90893,0.49582,1.2235,1.0666,0.8554,0.5341,0.36795,0.61944,0.35826,0.33858,0.61111,1.0322,0.91951,0.82192,0.23659,0.89089,0.64628,0.85009,0.45403,0.3749,0.77112,0.72863,0.6,0.59727,0.57376,0.85474,0.9115,0.61246,0.64169,0.36045,0.65824,0.39024,0.8446,0.44826,0.51213,0.47935,0.67077,0.99378,1.1414,0.64907,0.77834,0.56023,0.72059,1.2434,1.1298,0.42043,0.79309,0.76192,0.64838,0.25856,0.54849,0.70582,0.46878,0.52139,0.60061,0.71462,0.66664,0.71409,0.70168,0.5125,0.67415,0.3314,0.32307,0.61511,0.72046,0.40719,0.44637,0.80964,1.0861,0.35595,0.90088,0.59835,0.94476,0.63375,0.87471,0.59232,0.96963,0.45013,0.53403,0.46137,0.72115,0.35557,0.33318,0.26169,0.3713,0.42539,0.53363,0.63216,1.3059,0.3569,0.63594,0.7508,0.96269,0.85257,1.5009,0.74771,0.50803,0.55046,0.50026,0.63188,0.59067,0.71914,0.84036,0.56972,0.48608,0.31944,0.50923,1.2455,1.0177,0.82525,0.4007,0.54998,0.57837,0.72374,0.89776,0.51801,0.36,0.48633,0.46807,0.6125,0.25283,0.96797,0.56964,0.61407,0.53972,0.80167,0.71103,0.84521,0.59015,1.6733,1.0049,0.5875,0.57517,0.42563,0.88521,0.2727,0.3283,0.70931,0.51811,0.90191,1.0698,0.76746,0.51216,0.35766,0.69382,0.36134,0.58924,0.44209,0.48122,0.43502,0.35879,0.57133,0.66488,0.6168,0.44196,0.16257,0.56007,1.2032,0.74755,0.6304,0.57616,0.72665,0.74298,1.5569,0.61283,0.35575,0.67734,0.43434,0.39862,0.50071,0.52457,0.51896,0.34067,0.51387,0.92189,0.47894,0.68645,0.44311,0.47487,0.37178,0.57273,0.88895,0.85822,0.48303,0.55071,0.53055,0.53124,0.77575,1.1271,1.3944,0.98874,0.60132,0.72908,0.50163,0.38547,0.7098,0.95433,0.57082,0.40059,0.4603,0.63191,0.90918,0.54949,0.60747,0.70305,0.39435,0.5153,0.6304,0.9379,0.24507,0.7577,0.92229,0.55639,0.71276,0.55164,0.81243,0.60494,0.91296,1.0027,0.65786,0.65936,0.74578,0.88904,0.54018,0.63686,0.62406,0.3744,0.8993,0.45143,0.81075,0.73894,0.53913,0.45309,0.4628,0.51276,0.60361,0.3466,0.80615,1.0591,0.62522,0.56133,0.60381,0.48366,0.44368,0.56504,0.50908,1.0774,0.52718,0.84946,0.65576,0.52921,0.57308,0.65586,0.49229,1.0338,0.30279,0.41873,0.9358,1.0403,0.77869,1.0073,0.84996,0.92796,0.69394,0.75966,1.0116,0.97757,0.76576,0.53971,0.58612,0.47724,0.85821,0.86238,0.46821,0.61331,0.74687,0.54045,0.6315,0.62069,0.51386,0.56939,0.4363,0.6754,0.85674,1.0284,0.47367,0.44448,0.4286,0.65082,0.56534,0.38318,0.46433,0.53729,0.51306,0.60236,1.052,1.1459,1.4075,0.70376,0.44985,0.48494,0.47074,0.75189,0.83468,0.39791,0.42161,0.40217,0.52196,0.42418,0.49834,0.27741,0.88199,0.74416,0.59681,0.71346,0.27364,0.59038,0.39281,0.49704,0.77436,0.61893,0.59176,0.826,0.47006,0.43534,0.87592,0.5367,0.38451,0.41757,0.6711,0.64612,0.44043,1.0127,0.87078,0.47795,0.97258,0.38204,0.54059,0.48118,0.55116,0.48714,0.59781,0.49888,0.51494,0.62844,0.41406,0.80718,0.7805,0.63839,0.42781,0.46425,0.81503,0.77298,0.78516,0.47444,0.66835,0.96669,1.3135,0.71049,0.67215,0.45259,0.66091,0.30307,0.61122,0.63543,0.83749,0.77807,0.27262,0.42913,0.95762,0.41717,0.68234,0.49803,0.26522,0.75777,0.71597,0.80847,0.43872,1.0798,0.86706,0.56369,0.29309,0.51519,0.46991,0.3878,1.0537,1.2497,1.0167,0.75109,0.52485,0.30308,0.50548,0.70163,0.76091,0.54591,0.35342,0.33275,0.77992,0.35154,0.45556,0.29352,0.40912,0.56927,0.47855,0.74621,1.2229,0.73987,1.0179,0.52386,0.60362,0.93665,0.93376,0.41784,0.27823,0.47579,0.69969,0.63755,0.4136,0.55094,0.60514,0.60261,0.88431,0.34334,0.78766,0.44772,1.0218,0.63429,0.89175,0.86336,0.46086,0.59747,0.39588,0.63866,0.39586,0.50182,1.2461,0.69556,1.0492,0.60506,0.62986,0.51773,0.64302,0.47013,0.79662,0.88454,0.80625,0.37079,0.60117,0.62351,0.71417,0.72019,0.82944,0.38891,0.26528,0.45105,0.49853,0.31667,0.47382,0.40282,0.32782,1.1761,1.2544,0.76898,0.81352,0.60575,0.5726,0.25672,0.69958,0.95207,0.82245,0.60789,0.47724,0.75816,0.46287,0.36609,0.84005,0.85609,0.87393,0.81472,0.88711,0.34551,0.53942,0.5235,0.31028,0.2691,0.6859,0.64967,0.67064,0.52983,1.0365,0.38124,0.57405,0.99671,0.62136,0.4195,0.79201,0.64371,0.48394,0.3468,0.43877,0.47296,0.97293,1.1556,0.52126,0.92949,1.0204,0.67353,0.56361,0.52759,0.50195,0.84161,0.5691,0.52405,0.53911,0.79187,0.44267,1.0832,1.0414,0.7711,0.77043,0.93467,0.32913,0.53675,1.0605,0.52049,0.75906,0.58336,1.0542,0.46963,0.55682,0.47715,0.46186,0.6,0.53491,0.64849,0.64728,0.59413,1.1,0.62271,0.6598,0.85072,0.57551,0.88009,0.65652,0.60419,0.59063,0.67835,0.34372,0.62131,0.32361,0.32043,0.8344,0.33934,0.49761,0.64573,1.1981,0.95463,0.73435,0.50138,0.37341,0.43014,1.2763,0.84774,0.53398,0.33979,0.50295,0.47167,0.92252,0.32872,0.58444,0.84248,0.94493,0.76984,0.61034,0.7612,0.70782,0.46234,0.28063,1.0644,1.043,0.54329,2.0064,1.6243,0.48627,0.42102,0.44239,0.6497,1.0997,0.79206,0.56957,0.60333,0.84159,0.88073,0.61359,0.46055,0.40999,0.35951,0.64268,0.37178,0.58633,0.37057,0.60142,0.98666,0.84573,0.52997,0.33503,0.43817,0.37226,0.80906,0.60332,0.53429,0.36599,0.29238,0.91258,0.55,0.6938,0.6405,0.65007,0.8388,0.65171,1.0197,0.96348,0.35175,0.40308,0.74193,0.78008,0.68624,0.67239,0.45941,0.44625,0.4933,0.86228,0.74626,0.9186,1.0651,1.1976,0.97039,0.93663,0.93083,0.79441,0.69852,0.79642,1.2803,0.66844,0.84381,0.59551,0.61238,0.63813,0.429,0.34964,0.46454,0.96221,0.38131,0.80185,0.96303,1.1882,0.57208,1.3266,0.89977,0.68383,0.43877,0.54168,0.69283,0.71644,0.42608,0.59876,0.37859,0.98572,0.88896,0.59421,0.81902,0.32105,0.72973,0.34144,0.41464,0.54687,0.993,0.39173,0.4413,0.24695,0.8328,0.50731,0.49724,0.51416,0.51795,0.40595,0.38165,0.49693,0.89583,0.42708,0.50398,0.76408,0.97649,0.7378,0.86264,0.41912,0.60249,0.55544,0.55072,1.198,0.57331,0.60247,0.36557,0.90395,0.54789,0.29881,0.59083,0.90602,0.65967,0.54263,0.48822,0.74226,0.63393,0.34934,0.61526,0.84261,0.66188,0.69927,1.0477,0.55971,0.55666,0.74858,0.56515,0.43908,0.56739,0.58916,0.28206,0.36352,0.48585,0.33868,0.47031,0.98175,1.1415,0.59678,0.69341,0.42726,0.47973,0.7077,0.78422,0.607,0.44097,0.61179,0.58493,0.56267,0.42404,0.34918,0.4618,0.23332,0.46491,0.46915,0.43713,0.62099,0.52175,0.94782,0.30714,0.69622,1.3286,1.0626,0.55424,0.37993,0.7004,0.55162,0.48249,0.66678,0.53798,0.64127,0.75431,0.43717,0.3317,0.99233,0.36089,0.33268,0.30915,0.46119,0.927,0.62094,0.3791,1.0084,1.2729,0.82824,0.91453,1.0887,0.37192,0.85781,0.82587,0.85864,0.89686,0.45754,1.0082,0.69778,0.55063,0.35664,0.82382,0.55814,0.59373,0.72822,0.89206,0.61256,0.52988,0.76108,0.65817,0.81975,0.58085,1.0189,0.39245,0.65282,0.78078,0.51684,0.99611,0.61472,0.40968,0.52026,0.32342,0.46971,0.80947,1.0227,0.64694,1.3179,0.58921,0.85487,0.23979,0.62255,0.45795,1.1186,0.35092,0.38571,0.39275,0.8957,0.70097,0.68202,0.36232,0.51214,0.37209,0.96916,0.95353,0.43118,0.71284,0.91707,0.46621,0.41429,0.6633,0.4969,0.4745,0.39663,0.80478,1.2926,0.64918,1.2148,1.2488,1.0217,1.1396,0.93357,1.1756,0.98091,0.58585,0.4724,0.5396,0.37848,0.87305,0.95622,0.64457,0.5488,1.0184,0.8252,0.49761,0.8438,1.1525,1.1477,0.45175,0.57783,0.43657,0.32072,0.52318,0.47845,0.60342,0.28624,0.49045,0.55005,0.66784,0.58884,0.17257,0.4185,0.36206,0.72232,0.74847,0.64388,0.56201,0.558,0.68161,0.96363,0.82013,0.45404,0.4875,0.59193,0.69711,0.64462,0.47864,0.71824,0.65653,0.60212,0.82499,0.71502,0.92233,0.56085,0.82437,0.52666,0.5442,0.37564,0.94372,0.94762,0.82089,0.50904,0.51943,0.2529,0.32834,0.45649,0.70111,0.711,1.1816,1.5382,0.48435,0.62312,0.42468,0.43228,1.1097,1.4273,0.45655,0.38265,0.38442,0.47601,0.29425,0.61313,1.054,0.52775,0.55196,0.42583,1.215,0.81265,0.5728,0.79133,1.0288,0.65499,0.50485,0.38006,0.75214,0.46525,0.58694,0.8257,0.36533,1.3278,1.3279,0.49939,0.75058,0.27802,0.61658,1.0446,0.52771,1.2575,1.3681,0.41945,1.0934,1.1246,0.9121,0.4245,0.92148,0.29732,0.92118,0.34905,1.9932,0.65491,0.29026,1.1418,0.62311,0.66808,0.36182,0.96207,0.44186,0.50016,0.5028,0.79926,0.69774,0.49366,1.009,0.43809,0.8687,0.59914,0.49058,0.81659,0.78994,0.68009,0.43109,0.57489,0.42404,0.46681,1.0476,0.76557,0.95638,0.4871,0.41584,0.46719,0.53072,0.59153,0.65237,0.79289,0.82491,0.77641,0.37994,0.75127,0.71962,0.89188,0.36625,0.7725,0.74832,1.7713,0.8102,0.7277,0.65551,0.60496,0.56248,0.932,0.53925,0.59099,0.91847,1.0617,0.37667,0.51623,0.86572,0.41264,0.89403,0.50327,0.45995,0.98454,0.60757,0.87508,0.39127,0.67536,0.96412,0.60387,0.54378,0.36723,0.45604,0.4572,0.69287,0.62579,0.91051,0.36628,0.96912,0.96358,1.0721,0.6387,0.66933,0.32832,0.97054,0.98432,0.88288,0.43004,0.94777,1.1884,0.46715,0.64799,1.1572,0.84164,0.35553,1.1956,0.96833,0.87884,0.59969,0.39965,1.4351,0.99628,0.51472,0.23295,0.58937,0.52106,0.50633,0.85526,0.63538,0.49591,0.76793,0.55302,0.81728,0.76318,0.72544,0.38152,0.64409,0.46634,0.5487,0.70901,0.91804,0.69115,0.81399,0.6361,0.56139,0.31755,0.73166,0.80405,0.80219,0.65821,0.64437,0.4364,0.99773,0.41076,0.56332,0.59864,0.54796,0.47679,0.55217,0.42566,0.51479,0.87062,0.53922,0.39339,0.52597,1.0782,0.6352,0.72839,1.0506,1.1133,0.62417,0.43242,0.47833,0.26271,0.71782,0.49463,0.38202,0.6723,0.52136,0.433,0.69771,0.33006,0.8098,0.70411,0.28173,0.69934,0.62795,0.539,0.4464,0.90637,0.35221,0.70364,0.58193,0.59393,0.62736,0.42966,0.54456,0.79095,0.99367,0.60399,0.43979,0.44533,0.46382,0.58817,0.63626,0.45574,0.96996,0.44181,1.0449,0.67883,0.60494,0.28599,0.74005,1.1277,0.56726,0.69371,0.64381,0.50816,0.51025,0.49372,0.31421,0.55287,0.67115,0.34213,0.53257,0.63075,0.36279,0.32949,0.50321,0.65018,0.51657,0.59102,1.1136,0.58261,0.59534,0.94818,0.86909,0.43316,0.4969,0.75058,0.63279,0.4131,0.48456,0.50903,0.47488,0.43505,0.75815,0.69407,1.0195,0.73418,0.77122,0.5938,0.38138,0.88108,0.99031,0.61378,0.64599,0.60549,0.55581,0.74295,1.2622,0.63882,0.55886,0.56145,0.99595,1.3035,0.86532,0.60367,0.63637,0.33926,0.88119,0.54752,0.62599,1.0648,0.65375,0.62908,0.25521,0.40317,0.57257,0.72061,0.45892,0.81688,1.0057,0.61587,0.50659,0.82283,0.58855,0.75133,1.1397,0.30629,0.57407,0.69983,0.527,0.48734,0.70589,0.64678,0.80198,1.1841,0.46108,0.39313,1.258,0.81413,0.63416,0.62038,0.66147,1.0202,0.83825,0.35105,0.43879,1.6565,1.3016,0.57664,0.43067,0.56065,0.65024,0.4377,0.71086,0.99935,0.79868,0.49619,0.37362,0.85256,0.36322,0.84079,0.65708,0.60122,0.66258,0.50849,0.67768,0.46827,0.51383,0.58976,0.60114,0.76731,1.0926,1.0966,0.4925,0.45899,0.7092,0.79843,0.92894,0.87739,0.36518,0.43918,0.88904,0.69187,0.39381,0.31698,0.54348,0.46544,0.67262,0.42468,0.42396,0.61665,0.98285,1.0862,0.9887,0.41295,0.39611,0.88679,0.47501,0.89813,0.70739,0.68937,0.66607,1.1732,0.89714,0.93826,0.5252,0.41724,0.61022,0.58674,1.1252,0.40218,0.54209,0.70457,0.64202,0.89753,0.55978,0.47501,0.55289,0.55979,0.63151,0.47303,0.71774,0.83642,0.49466,0.49425,0.66261,0.7992,1.057,0.48816,0.44919,0.71682,0.47663,0.83613,0.62992,0.42119,0.53828,0.34728,0.61363,1.0548,1.4497,0.35246,1.3008,0.70085,0.48355,0.42802,0.6393,0.36128,0.45061,0.43141,1.4856,0.56955,0.56024,0.38784,0.80508,1.3751,0.81996,0.95223,0.73644,0.63941,0.71024,0.45614,0.46514,0.53409,1.4557,0.70204,0.56434,0.68753,0.4536,0.38817
0.78213,0.46319,0.42435,0.69343,1.3072,0.56515,0.31194,0.64169,1.5984,0.46791,0.72414,0.84547,0.54304,0.53334,1.1855,0.72121,0.3217,0.63864,0.95602,2.114,0.56068,0.85023,0.4284,0.61334,0.91772,0.3129,0.678,0.49146,0.94319,0.63947,1.0844,0.80224,0.32281,0.33591,1.0033,0.57517,0.89662,0.85248,0.89719,0.56745,0.82914,0.26188,0.49244,0.5864,0.48552,0.7822,0.61699,0.69738,1.0281,0.78568,0.35953,0.47062,0.41588,0.44749,0.58572,0.72793,0.30533,0.42085,0.69566,0.50839,0.68342,0.61125,0.5261,0.27572,0.58057,0.54799,0.41067,0.51498,0.66671,0.89228,0.60403,1.6393,0.75221,0.6024,0.65026,0.55063,0.41733,0.88539,1.0294,0.67784,0.6984,0.35165,0.70648,0.60417,0.73751,0.25789,0.709,0.93025,0.7848,0.49508,0.9106,0.88525,0.68578,0.24942,0.48896,0.81111,0.5998,0.47629,0.87837,1.0513,0.32476,0.41648,0.28804,0.91775,0.67782,0.47193,0.46438,0.78393,0.52503,0.79115,0.67912,0.56567,0.7755,0.44871,0.43366,0.71619,0.71513,0.80075,0.76395,0.54911,0.50304,0.79789,0.58565,0.87582,1.1855,1.0195,0.59553,0.64081,0.47977,0.69422,0.41325,0.65898,0.8861,1.1048,0.63796,0.49282,0.71854,0.50359,0.42847,0.42774,0.45691,1.1418,1.2948,0.64585,0.8706,1.0389,0.25471,0.85614,0.57594,0.40297,0.81049,0.48397,0.63137,0.40717,0.56868,0.73986,0.79619,0.29774,0.88324,0.66571,0.59243,0.80372,0.78367,0.67368,0.24507,0.44078,0.67121,0.65347,0.58535,0.75631,0.9106,0.42914,0.70262,0.71287,0.73676,0.61107,0.86814,0.5784,0.48883,0.57335,0.55485,0.44811,1.0553,0.83364,0.49941,0.48836,0.54481,0.55741,0.55044,0.54573,0.36013,0.34197,0.6439,0.61472,0.4764,0.77221,0.22348,0.41041,0.80031,0.72477,0.74058,0.49765,0.51941,0.53485,0.69735,0.71513,1.1363,0.90887,0.77674,0.51964,0.74045,0.66456,0.95164,0.55332,0.85473,0.799,0.78594,0.47528,1.0742,0.4709,0.45288,0.61849,0.60821,0.44584,0.53831,0.86659,0.58602,0.69136,0.44622,0.45031,0.92338,0.39992,0.78956,0.87763,1.2473,0.61587,0.90047,0.58118,0.32983,0.34206,0.38925,1.1878,0.77527,0.58275,0.89923,0.87919,0.50188,0.72459,0.58617,0.40695,0.4576,0.76462,0.68033,0.63472,0.86296,0.72095,0.79932,0.68097,0.32264,0.7137,0.43255,0.24795,0.52188,0.67023,0.61186,0.56674,0.33763,0.36909,0.69873,0.64647,0.57354,0.3302,0.67766,0.71171,1.3157,0.46703,0.28493,0.15689,0.49025,0.49052,0.60743,0.61315,0.5723,0.7445,0.90069,0.66265,0.35622,0.20115,0.39506,0.80452,0.8353,0.87624,0.78894,0.49985,0.93794,1.0907,0.84071,0.48061,0.70528,0.73171,0.38363,0.58412,0.55248,0.65195,0.80819,0.58339,0.45624,0.64029,0.89231,0.62363,0.59841,0.41617,0.30661,0.80737,0.98095,0.63899,0.9183,0.82486,1.2404,0.66905,0.5054,0.40412,0.44867,0.58764,0.62743,0.72245,0.71878,0.57618,0.67608,0.86355,0.29024,0.55221,0.86878,0.56252,0.44856,0.43829,0.51303,0.59732,0.32053,0.75984,0.37475,0.71631,0.57473,0.53966,0.79445,0.7798,0.63606,0.75263,0.93782,0.86957,0.65142,0.36164,0.23398,0.49345,1.1894,0.39934,0.56509,0.39466,0.5112,0.74382,0.62955,0.5394,0.54162,0.33875,0.68839,0.716,0.74816,1.187,0.6642,0.5737,0.33241,0.55736,0.93058,0.58558,0.79927,0.80107,0.40429,0.86734,0.6329,0.84854,0.61027,0.32957,0.37604,0.26351,0.4646,0.74524,0.51466,0.45863,0.98872,0.74566,0.37568,1.0045,0.94039,0.46008,0.59611,0.38398,0.50168,0.97232,0.77494,0.90179,0.39167,1.5399,0.47899,0.91716,0.42269,0.44312,0.54044,0.17552,0.25672,0.28942,0.55492,0.77856,0.954,0.96563,0.90733,0.38264,0.575,0.84042,1.202,0.3577,0.75919,0.87978,0.66502,0.67997,0.96779,0.85275,0.70225,0.80713,0.8344,0.63082,0.59633,0.90682,0.72287,0.70959,0.82845,0.66553,1.2229,0.934,1.1222,0.72275,0.72181,1.1034,0.73297,0.86208,2.0764,0.71368,0.48728,0.42183,1.026,0.65293,1.2187,0.75982,1.0919,0.85643,0.6376,0.43925,0.71305,0.64621,1.2007,0.28966,0.41992,0.47591,0.95283,0.81444,0.79793,0.36237,0.61296,0.66038,1.3369,0.43851,1.4802,1.0757,0.37601,0.40623,0.33784,0.56047,0.63455,0.51662,0.63317,0.65677,0.88958,1.006,0.79829,1.4869,0.4084,0.56399,0.50445,0.51929,0.49745,0.89118,0.84219,0.85063,0.63691,0.61701,0.51966,0.50702,0.51313,0.55064,0.72878,1.0565,0.38653,0.64279,0.51415,0.54996,0.72459,0.43878,0.4855,0.55303,1.3088,0.43869,0.57314,0.72272,1.353,0.92381,1.3544,0.53641,0.54595,0.39147,0.85514,0.2912,0.31358,0.36675,0.70564,0.36903,0.35262,0.58574,0.43724,0.48215,0.26995,0.85801,0.78252,0.60939,0.43821,0.77783,0.59089,0.75096,1.1626,1.0807,0.59413,0.56249,0.55619,0.46823,0.40033,0.54304,0.38188,0.78168,0.76474,1.1762,0.7237,0.9535,0.33,0.69765,0.70348,0.9617,0.82199,0.80165,0.37448,0.36341,0.64678,0.73264,0.28561,0.41443,0.38835,0.46605,0.63966,0.74953,0.62318,0.3859,0.8177,0.54535,0.30596,0.64944,0.67316,0.82458,0.45946,0.4635,0.47622,0.44548,0.8909,0.62667,0.68733,0.4685,1.243,1.0154,0.93857,1.0204,1.3665,1.1227,0.68304,0.4418,0.96463,0.78012,0.26912,0.28196,0.46208,0.40906,0.83004,0.41088,0.88378,0.32881,0.59728,0.51935,0.49714,0.35795,0.60585,0.3593,0.33621,0.55821,0.70048,0.37634,0.53235,0.56953,0.35799,0.57771,1.034,0.73011,0.313,0.35992,0.43408,0.73041,0.49333,0.65332,0.63846,0.84115,0.27826,0.62076,0.38104,0.72038,0.88041,0.76332,1.1657,0.78666,0.87001,0.66631,0.54888,0.24875,0.70642,0.76133,0.61449,0.3508,0.56654,0.94568,0.31454,0.6665,0.67073,0.7435,1.0409,0.57918,0.8971,0.71592,0.41415,0.76679,0.44269,0.73731,0.67737,0.79063,0.60843,0.24062,0.50863,0.59698,0.53193,0.70996,0.59002,0.49585,0.90491,1.5415,0.57957,0.62613,0.43144,0.56282,1.0793,0.51305,0.62306,0.75563,0.77436,0.81877,0.64545,0.77922,0.76629,0.76788,0.32439,0.47339,0.83591,0.60275,0.40805,0.63477,0.4809,0.34047,0.58552,0.69947,0.33924,0.59249,0.3831,0.81239,0.47803,0.34699,0.32169,0.61898,0.64073,0.90383,0.45201,0.64128,0.48894,0.86674,1.1714,0.74719,0.72247,0.36825,0.43979,0.88098,0.76772,1.3514,1.3498,0.58393,0.4583,0.78082,0.50342,0.36188,0.85852,0.61043,0.69866,0.43047,0.68978,0.57309,0.67443,0.33652,0.41874,1.2507,0.63728,1.0362,0.47502,0.94633,0.62515,0.8878,0.4677,1.043,0.59623,0.46243,0.58643,0.55954,0.4089,1.0831,0.52674,0.47283,0.44178,0.40445,1.1076,0.55952,0.71987,0.98404,0.55464,0.55635,0.50982,0.47261,0.60366,0.36203,0.69142,0.36246,0.78312,0.48084,0.58447,0.59322,1.0782,0.81164,0.79927,0.85106,0.53954,0.46439,0.68735,0.53199,0.56218,0.54455,0.78796,0.472,1.2027,0.56282,0.46074,0.59049,0.87704,1.2073,0.83948,0.6467,0.36395,0.53202,0.61584,0.22031,0.40801,0.51243,0.43805,0.79332,1.7782,0.66356,0.45568,0.41975,0.7574,0.39867,0.72058,0.54087,0.98747,0.65047,0.66821,0.55421,0.81785,0.25166,0.34002,0.5863,0.68238,0.42863,0.76509,0.73369,0.96969,1.0777,0.86385,0.52623,0.56097,1.0759,0.87178,0.70676,0.82809,0.31473,0.9507,0.89674,0.92858,0.41424,0.42889,0.9857,0.3756,0.47327,0.54582,0.61629,0.84501,0.93102,0.60736,0.49872,0.57774,0.40145,0.73992,0.27691,0.53399,0.82063,0.61039,0.679,0.49854,0.32074,0.70778,0.96517,0.8413,0.89664,0.9876,0.59627,0.52265,0.36791,0.55039,0.36309,0.40961,0.51143,0.53073,0.76614,0.65848,0.43066,0.50021,0.7343,1.1456,0.86094,0.90955,0.44625,0.34001,0.6412,0.79505,0.91327,0.66879,0.48105,0.89408,0.51276,1.2759,1.6784,1.2323,0.90438,0.51163,0.34013,0.49873,0.89106,0.27126,1.0432,0.52519,1.0025,0.83277,0.27445,0.75343,0.44363,1.0443,1.2497,0.46719,0.66812,0.90741,0.59768,0.53665,0.54811,0.56552,0.35837,2.5162,0.83473,0.97741,0.79627,0.69486,1.0158,0.30931,0.39554,0.595,0.79593,0.70233,1.092,1.05,0.78686,1.3149,0.812,0.62614,0.55449,0.93122,0.62176,0.58114,0.48037,0.48182,0.75374,0.6777,0.97036,0.73715,0.75766,0.44619,0.50203,0.83457,0.60773,0.26803,0.56394,0.57164,0.99466,0.69858,0.72041,0.53509,0.58429,0.37803,1.4099,0.89895,0.72903,0.48762,0.54584,0.50786,0.6038,0.58089,1.2507,1.3066,0.53094,0.54232,0.63758,0.66584,0.7825,0.55794,0.39775,0.65983,0.65574,0.76794,0.23335,0.29669,0.26372,0.57341,0.5342,0.71249,1.0242,0.90329,0.77955,0.38161,0.66976,0.39967,0.49721,0.6965,0.39313,0.59657,1.086,0.57975,0.86951,0.44961,0.84163,0.60826,1.1723,0.73863,0.57498,0.52886,0.28661,0.28172,0.5194,0.49131,0.5068,0.29421,0.59783,0.65702,0.86424,0.70545,0.48328,0.64452,0.48902,0.65251,0.8921,0.58114,0.5469,0.7211,0.47812,0.46286,0.27569,0.4437,0.31301,0.56664,0.35108,0.91987,0.67012,0.49529,0.64415,1.1475,0.91779,0.7661,0.73026,0.79959,0.7002,0.60586,0.27649,0.33934,0.51257,0.39268,0.55924,0.52279,0.48451,0.59875,0.60784,0.56611,1.0991,0.42546,0.49486,0.40569,0.38151,0.34969,0.55632,0.64223,1.4918,0.56511,0.31221,0.24676,0.69897,0.48447,0.6434,0.28122,0.99469,0.64927,0.68994,0.36499,0.60928,1.0413,0.95323,0.55712,0.59303,0.44746,0.56807,0.37183,0.47756,0.4919,0.54237,0.59981,0.98921,0.96698,0.95122,0.53541,0.95352,0.5506,0.46908,0.51561,0.74941,0.52548,0.73769,0.57,0.83492,0.78399,0.62503,0.55085,0.29565,0.56136,0.85773,0.64137,0.53587,0.36041,0.57331,0.95111,0.5005,0.97423,1.2074,0.91004,0.58735,0.69903,0.94392,0.49451,0.72875,0.53459,0.68609,0.48414,0.24194,0.69781,0.44496,0.56047,0.41585,0.29094,0.42034,0.78218,0.46407,0.55795,0.57684,0.74148,0.57322,0.9566,0.60093,0.3491,0.51258,0.2891,0.36602,0.91362,1.0637,1.1024,0.52313,0.62481,0.51413,0.51624,0.51437,0.45029,0.37126,0.59889,0.62513,0.28907,0.24417,1.0364,0.83484,0.45374,0.78761,0.56379,0.31551,0.63425,0.77604,0.28524,0.83406,0.81539,1.1336,0.96445,0.81458,0.51758,0.3516,0.51862,0.67423,0.36282,0.71991,0.53502,0.38645,0.46281,0.51882,0.21121,0.64787,0.58782,0.42757,0.44215,0.60152,0.84147,0.38833,0.34624,0.71464,0.75253,1.1335,1.1643,0.54883,0.81476,1.0604,0.84257,1.228,0.65444,1.2446,0.71406,0.53184,0.4952,0.53472,0.46765,0.27277,0.36197,0.50087,1.5595,0.84601,0.71378,0.54677,1.0136,1.803,0.36252,1.0543,0.63024,0.60467,0.6592,0.76342,0.56966,0.46555,0.52435,0.64958,0.46725,0.29208,0.53784,0.41492,0.37958,0.51758,0.43972,0.35641,0.75801,0.39418,0.43141,0.62348,0.71013,0.84701,0.2887,1.2959,0.96234,1.0186,0.75484,0.50944,0.41449,0.38685,0.51237,0.71594,0.28937,1.1352,0.51027,1.082,0.55627,0.60132,0.42691,0.56699,0.2858,0.50293,0.34649,0.55045,0.50228,1.0576,0.26581,0.48951,0.44015,0.5898,0.3971,0.69425,0.44876,0.20542,0.19761,0.41865,0.40565,0.88056,0.61065,1.211,0.19924,0.71465,0.86995,1.0762,0.89913,0.33837,0.73324,0.48818,0.36603,0.22113,0.31793,0.31928,0.4852,0.73062,1.0526,0.5656,0.29488,0.59045,0.64101,0.88992,0.49161,0.35989,0.60852,0.59596,1.1079,0.38847,0.69527,0.98709,0.35518,0.9623,0.50973,0.46131,0.7946,0.90095,0.93979,0.50137,0.45847,0.6951,0.95131,0.79645,0.52372,0.83269,0.5084,0.42394,0.46202,0.87791,1.0672,1.3965,1.0682,0.60528,0.52762,0.9122,0.463,0.78793,0.92087,0.57501,0.48539,0.63382,0.66278,0.42025,0.55302,0.33533,0.50498,0.4244,0.34993,0.85916,0.63767,0.4621,0.34753,0.67069,0.57859,0.58831,0.58679,0.52918,0.62092,0.48313,0.67041,0.688,0.53839,0.60534,0.64232,0.23082,0.51519,0.64394,1.0682,0.38913,0.64025,0.79909,0.83136,0.39001,0.42218,0.61388,0.55622,0.60091,0.38541,1.7399,0.39378,0.8062,1.3659,0.63547,0.69337,0.65584,0.61099,0.50279,0.45591,0.58458,1.0323,1.0527,0.72975,0.31241,0.51415,0.66909,0.67294,0.32139,0.55196,0.25381,0.57329,0.45618,0.28578,0.59313,0.34949,0.34594,0.60641,0.61848,0.68417,0.5519,1.1759,0.92994,0.77377,0.81585,0.52487,0.29031,0.5488,0.43954,0.71257,0.54219,0.69312,1.0536,0.73121,0.62019,0.74027,1.0484,0.40874,0.79197,0.32601,0.65815,0.62756,0.60718,0.88405,1.2914,1.1569,1.1859,0.51008,0.57895,0.38321,0.55354,0.61791,0.7202,0.77384,0.72815,0.59255,1.0365,0.98358,1.222,0.8341,0.36787,0.38863,0.99355,0.91674,1.0165,0.51231,0.58555,0.34459,0.57355,0.62284,0.64148,0.387,0.36436,1.2209,1.3239,0.72484,0.71781,0.3801,0.75299,0.56022,0.82659,0.64105,0.30873,0.79967,0.79835,0.79678,0.44689,0.78831,0.36634,0.33803,0.89078,0.61867,0.6571,0.69979,0.57733,0.6546,0.6284,0.34385,0.64704,0.60664,0.68354,0.70556,0.60632,0.36812,0.4785,0.75301,0.54638,0.90324,0.69972,0.59227,0.53171,0.4684,0.34429,0.92403,0.3462,0.45121,0.3922,0.46652,0.54182,0.77029,0.61106,0.96108,0.6518,0.85858,0.43302,0.71064,1.2452,0.79084,0.62142,0.57205,0.52674,1.0074,1.4144,0.84627,0.83171,0.72087,0.32346,0.80346,0.8133,0.72788,1.0063,0.93873,0.67948,0.49402,0.82346,0.64418,0.57523,1.3939,0.58676,0.50351,0.3079,0.45006,0.83127,0.60647,1.1128,0.55009,0.342,0.59225,0.89725,0.51436,0.64583,0.57278,0.34452,0.57879,0.34733,0.46355,0.3591,0.70984,0.50188,0.22604,0.49289,0.81029,0.64124,0.57022,0.8337,0.58888,0.76711,0.59587,0.73819,0.64556,0.73035,0.73226,0.85058,0.78602,0.64222,0.4134,0.63721,0.77377,0.74217,0.58208,0.63647,0.20117,0.43318,0.57198,0.98041,0.60087,0.53742,0.67576,0.46105,0.27607,0.48445,0.35629,0.54001,0.61749,0.79142,0.76389,0.53944,0.52668,0.73107,0.38784,0.53794,0.32184,0.35056,0.52983,0.6121,0.98349,1.779,0.60167,0.51167,0.50895,0.56599,0.6939,0.99566,1.9474,1.6506,1.1641,0.67776,0.62476,0.42064,0.57405,0.94785,0.46656,1.0303,0.41889,0.33659,0.37608,0.54266,0.33284,0.67208,0.69598,0.47946,0.31432,0.74332,0.61775,0.47234,0.56332,0.67658,0.38677,0.91519,0.4248,0.56247,0.40543,0.58279,0.31429,0.42143,0.42564,0.32624,0.99602,0.4875,0.52073,0.88064,0.95772,0.83962,0.78711,0.58614,0.66558,0.81461,0.58863,0.50897,0.36385,0.72802,0.69796,0.77612,0.72529,0.62516,0.85948,0.86804,0.90083,1.2684,0.69159,0.81446,0.532,0.87796,1.3309,0.37309,0.41131,0.35901,0.83689,0.86167,0.69628,0.6207,0.97854,0.54533,0.48165,0.65073,0.91182,0.5329,0.68558,0.22736,0.52557,0.47807,0.27529,0.56398,0.74983,0.75654,0.36077,0.15917,1.0116,0.48167,0.51204,0.51145,0.58521,0.92038,0.29118,0.42056,0.69553,1.6158,0.6519,0.84444,0.38462,0.42733,0.87703,0.4629,0.86342,0.8563,0.58701,0.73277,0.77667,0.61563,0.66802,0.45043,0.62615,0.26833,0.43298,0.33719,0.54761,0.43972,0.66348,0.71287,0.85009,0.5191,0.60232,0.72044,1.2096,0.65503,0.43518,0.93506,0.6639,0.74233,1.4036,1.1145,0.88492,0.51372,0.36936,0.50515,0.38773,0.44125,0.38573,0.37442,0.67792,0.62159,0.7461,1.0321,0.39551,0.35971,0.53445,0.42132,1.2537,0.33009,0.49801,0.7075,0.56936,0.48643,0.65337,0.66464,0.53624,0.52162,0.52745,0.24189,0.55361,0.54978,0.50375,0.83524,0.4333,0.92484,0.44652,0.5757,0.91899,0.46513,0.59955,0.56713,0.82035,0.47876,0.55924,0.6596,1.4928,0.96415,1.1294,0.50931,1.0741,0.51124,0.64488,0.34644,0.52418,0.91499,0.5912,0.48341,0.59651,0.50303,0.56537,0.58463,1.4498,0.98149,0.57629,1.197,0.51153,0.52867,0.81137,0.81216,0.73253,0.97704,0.65677,0.49421,0.36176,0.95379,0.71583,0.63613,0.63765,0.6554,0.51055,0.64432,0.55486,0.48778,0.75109,0.7633,0.79843,0.98049,0.92857,1.1024,0.64839,0.61901,0.69005,1.2333,0.57768,0.58826,0.55507,0.57331,0.38669,0.36115,0.5692,0.423,0.47951,0.74889,0.43192,0.68412,0.83627,0.5111,0.90058,0.82347,0.42958,0.8941,0.9454,0.60577,0.68167,0.6502,0.51459,0.39254,0.55068,0.68409,0.66001,0.53203,0.45131,0.56241,1.0996,0.65287,0.88032,0.40686,0.4537,0.33048,0.27256,0.9015,0.44129,0.30606,0.51808,0.4009,0.37009,0.55237,0.46356,0.79518,0.85922,0.57975,1.0473,0.81623,0.74702,0.54749,0.70517,0.69905,0.73671,0.56621,0.79743,0.52739,0.54506,0.63657,0.97223,0.49114,0.61122,0.42155,0.3063,0.31491,0.90274,1.2191,1.0345,0.3868,1.2281,0.45084,0.58475,0.21875,0.45164,0.72561,0.53597,0.7279,0.34182,0.37359,0.43889,0.61473,0.75043,0.53524,0.94421,0.65016,0.37253,0.89286,0.83589,0.81012,0.50448,0.49923,0.66249,0.54531,0.33499,1.0435,0.82324,0.46811,0.64519,0.8341,0.54627,0.78332,0.69089,0.85568,0.88367,0.4672,0.49106,0.7867,0.40298,0.72292,0.43401,0.8331,0.80124,0.38675,0.35954,0.49578,0.41333,0.65561,0.56353,0.57945,0.50796,0.41882,0.51938,0.6835,0.94187,1.1234,0.39332,0.54827,0.44634,0.43663,0.41371,0.65859,0.76587,0.8151,0.96739,0.69185,0.87539,0.59994,0.47533,0.70278,1.2411,0.69981,0.43707,0.82125,0.56383,0.35292,0.5322,1.1081,0.41785,0.30043,0.79784,1.0109,0.83842,0.43322,0.87793,0.36221,0.79753,0.94056,0.51734,0.43742,0.54065,0.73544,0.58855,0.33263,0.47535,0.55681,0.51032,0.63894,0.6136,0.50884,0.90179,0.49706,0.48711,0.44833,0.38554,0.69697,0.6843,0.97656,1.2915,0.40633,0.50513,0.83592,0.98192,1.2879,2.6428,0.96806,0.68613,1.0959,0.34147,0.36687,0.7102,0.58174,0.68754,0.44589,1.0185,0.54156,0.38414,1.0571,0.66279,0.42905,0.89344,0.34847,0.65844,0.79114,0.5841,1.0099,2.1754,1.2929,0.73484,0.36006,0.47889,0.63837,0.38558,0.70566,1.2303,1.0081,0.62729,0.39343,1.072,1.0613,1.1321,0.30388,0.89185,0.83828,0.39745,0.7215,0.43382,0.66739,1.0248,0.93625,0.58449,0.23199,0.65981,0.50361,0.53009,0.78797,1.1208,0.56484,0.50061,0.48076,0.42773,0.63241,1.0569,0.48657,0.95258,0.25963,0.39484,0.37319,0.41425,0.43699,0.65289,0.86394,0.40567,0.84216,0.72572,1.154,2.0341,0.49608,0.45713,0.6372,0.62709,0.59086,0.36802,0.34404,0.19367,0.12779,0.2403,1.021,1.135,0.53527,0.83079,0.32174,0.68249,0.93382,0.23896,0.61767,0.82734,0.86156,0.57223,1.1599,0.68409,0.96924,0.81199,0.16216,0.7449,0.51745,1.2372,0.41289,0.54987,1.6823,0.75568,1.0093,0.93557,0.86556,1.2549,0.52641,0.4204,0.44287,0.29569,0.35537,0.49934,0.72251,0.39727,0.98725,1.1995,0.49127,1.9037,0.71851,0.86482,0.94538,0.55541,0.87558,0.38989,0.5304,0.70039,0.47451,0.54988,0.67491,0.84321,0.52157,0.53852,0.40614,1.1972,0.3994,0.56179,0.74728,0.45767,0.37903,0.77455,0.77666,1.0133,1.1087,0.72397,0.58505,0.49396,0.57614,0.80678,0.81685,0.74488,0.69758,0.85819,0.5673,1.3421,1.2985,1.4409,0.61644,0.43527,0.57712,0.28131,0.95014,1.1775,1.2517,0.5961,0.46618,0.76054,0.5533,0.73042,0.69545,0.68091,0.50629,0.56205,0.57155,1.1519,0.55996,0.61691,0.67435,0.4673,0.43028,0.41995,0.48509,0.49759,0.52485,0.63327,0.85111,0.56807,0.3703,0.61138,0.80745,0.85196,0.53634,0.69515,0.70211,1.1808,0.73849,1.0837,0.61427,0.77964,0.59925,0.45215,0.78156,1.1309,0.39794,1.1652,0.80905,1.0344,0.76251,0.43136,0.42229,1.0586,0.66957,0.91457,1.0133,0.7339,0.75014,0.53026,0.58141,0.49019,0.36488,0.58325,0.69612,0.60564,0.62249,1.0423,0.74368,0.52527,0.38527,0.23951,0.50027,0.42114,0.50535,0.55626,0.72295,1.0187,0.49854,0.80483,0.32233,0.40852,0.81245,1.0498,0.86252,0.53233,1.4722,0.65327,0.53995,0.50299,0.4744,0.75953,0.30987,0.34963,0.41969,0.49996,0.57413,0.49084,0.73093,1.3036,0.5183,0.34703,0.37681,0.42425,0.68133,0.40058,0.6719,0.71712,0.62735,0.76629,0.60116,2.1591,0.50233,0.7554,0.67266,1.1307,0.62206,1.1439,1.5085,0.65219,0.32837,0.44234,0.39039,0.23245,0.9837,0.68183,0.42599,0.57311,0.99703,0.57899,1.2137,0.37022,0.43242,0.42197,0.8917,0.3391,0.74236,0.73906,0.58385,0.41293,0.46539,0.46551,0.81036,0.63428,0.58327,0.38275,0.75956,0.42088,0.43608,1.0103,0.98838,0.72778,0.37677,0.66021,0.41949,0.60993,0.50469,0.53344,0.58605,0.66392,0.67444,0.60051,0.65433,1.4416,0.79193,0.8608,0.54813,0.46634,0.61262,0.52169,0.39758,0.73621,0.87734,0.51259,0.4411,0.52277,0.44051,0.4765,0.25174,0.62565,0.64119,0.67833,0.70274,0.82501,0.36463,0.53842,0.76192,0.55863,0.96325,0.4764,0.35658,0.48851,0.4771,0.36936,0.42165,0.31645,0.74521,1.1576,0.90446,0.87886,0.55202,0.2771,0.34484,0.67205,0.77476,0.40458,0.82287,0.5963,1.0748,0.65161,0.58371,0.63848,0.56903,0.92639,0.56902,0.40161,0.86251,1.156,1.394,0.82006,0.50464,1.1927,0.87615,0.49535,0.43666,0.39776,0.40771,0.81686,0.48234,0.64934,0.80393,0.67057,0.48036,0.35421,0.68091,0.31006,0.6439,0.68087,0.44651,0.73876,0.4078,0.60675,0.74851,0.56542,0.61086,0.64066,0.58777,0.7456,0.63972,1.0922,0.7564,0.89579,0.86533,0.87145,1.0562,0.63802,0.7209,0.59576,0.55754,0.34781,0.81769,0.48048,0.73393,0.4113,0.26298,0.52461,1.5424,0.93832,0.57623,1.3085,0.80563,0.50231,0.47063,0.61005,0.82698,0.83321,1.0977,0.81543,1.4139,0.81196,0.4763,0.47487,0.53626,0.84572,0.406,0.90811,0.678,0.63642,1.3062,1.021,0.82034,0.36468,1.0228,0.51508,1.0272,0.51442,0.44246,0.63525,0.68225,0.59304,0.89991,0.68332,0.74276,0.61359,0.79564,0.53647,0.58163,0.73316,0.43557,0.64984,0.48803,0.57995,0.22219,0.49945,0.40749,0.4161,1.2666,0.99444,1.7888,0.24006,1.1346,0.44486,2.1831,0.74276,1.1189,0.50576,0.42665,0.29286,0.55333,1.3932,0.69456,0.82516,0.81721,1.0073,0.64222,0.87833,1.0781,0.64678,0.9992,0.66206,0.78894,0.9038,0.58401,0.65877,0.93798,0.33256,0.40872,1.0031,0.45262,0.30442,0.50571,0.60636,1.4267
1.0991,0.61147,0.60543,0.5549,0.5491,0.35603,0.5837,0.51833,0.5517,0.44917,0.36264,0.362,0.43659,0.67074,0.87854,0.84485,0.58399,0.57546,0.31299,0.62723,0.55921,0.82035,0.81554,0.74943,0.53086,0.65312,1.2847,0.68188,0.34557,0.42083,0.24233,0.59102,0.71712,0.76913,0.54881,0.87343,0.60849,0.5203,0.56784,0.68182,0.32277,1.025,0.44744,0.64076,0.99505,0.63177,1.4686,0.69961,1.4791,0,1.1268,0.4263,0.50954,0.43384,0.4467,0.43585,0.41506,0.34147,0.44472,0.75489,0.89197,0.33324,0.50085,0.35194,0.43346,0.9159,0.30642,0.33186,1.0539,0.85167,0.79842,1.0386,1.1363,0.41737,1.2411,0.71016,0.84437,0.71302,0.69166,0.47436,0.6346,0.70676,0.75605,0.37702,0.33984,0.84317,0.63722,0.71158,0.43214,0.64813,0.8906,0.68118,1.2536,0.47857,0.63712,1.5429,0.80247,0.8235,0.49011,1.6564,0.70905,0.22358,0.86512,0.68735,0.54448,1.3118,1.2291,0.49317,0.2734,0.78953,0.54748,1.2197,0.546,1.0208,0.5105,0.48559,0.69945,0.22332,0.97512,0.94415,0.61108,0.37114,0.42288,0.90829,1.8297,0.57922,0.72969,0.86148,0.86617,0.71898,0.72497,0.78541,0.69319,0.72198,1.4503,0.60618,0.3267,0.40361,0.44881,0.87348,0.49369,0.45752,0.9217,0.73806,0.77555,0.48536,0.77036,0.71163,0.43955,0.56063,0.38753,0.52604,0.59345,0.55034,0.60751,0.75947,0.3073,0.58828,0.37727,0.17904,0.42317,0.37784,0.72923,0.86021,0.48394,0.41991,0.72406,0.33901,1.1714,0.50735,1.6435,0.35733,0.87849,0.39668,0.58482,0.3924,0.90155,0.66737,0.56415,0.81829,0.63315,0.65272,1.3726,0.50164,0.74032,0.74333,0.5214,0.61752,0.97938,0.91161,0.47434,0.2658,0.35167,0.58811,1.0006,0.46527,0.57382,0.57166,0.26993,0.66137,0.87272,0.51539,0.85075,0.55054,1.2295,0.60006,0.73495,1.5386,0.46254,0.53792,0.49382,0.80293,0.65136,0.45888,0.68628,0.52435,0.50092,1.377,0.84162,0.57124,1.095,0.76935,0.57682,0.45247,0.61704,0.97006,0.53065,0.59653,0.80384,0.85704,0.64791,0.69399,1.3196,1.5143,0.73809,0.45375,0.27232,0.54087,0.42671,0.66018,0.39247,0.34103,0.74915,0.51182,0.72173,0.73781,0.68864,0.62316,0.55786,0.73284,1.0443,0.80056,0.58285,0.49682,0.42365,0.52398,0.55165,1.2122,0.74191,0.72368,0.45751,0.81575,0.73534,0.61782,0.38645,0.74251,0.52953,0.74883,0.80223,0.56904,0.60409,0.67917,0.60162,0.46366,0.39884,0.65953,0.5617,0.25116,0.26624,0.70612,0.66476,0.44051,0.47191,0.31674,0.30037,0.50307,0.22042,0.81127,0.55665,0.84356,0.2876,1.6134,0.69843,0.44112,0.6669,0.5312,0.9198,0.85345,0.78835,0.92557,0.4354,0.28116,0.64551,0.63129,1.0813,0.53192,0.67666,0.51749,0.27482,1.0076,0.63534,0.85122,0.49879,0.67992,0.70143,0.81676,0.40603,1.067,0.83687,0.52387,0.52948,0.23458,0.509,0.62983,0.46817,0.47674,0.2559,0.61966,0.49348,0.65729,0.49704,0.27858,0.32546,0.40234,0.76669,0.27004,0.4311,0.36712,0.66643,0.51374,0.61185,0.79363,0.3104,1.5611,0.60856,0.49657,0.48853,0.48097,0.59424,0.38127,0.53504,0.82898,0.55483,0.44924,0.34041,0.60851,0.46226,0.10868,0.32386,0.67626,0.45642,0.46634,0.24324,0.31046,1.2514,0.87067,1.3836,0.97396,0.84218,0.33632,0.35485,1.1449,0.75912,0.35563,1.2521,0.68879,0.97438,0.62885,0.46133,1.2117,0.4357,0.6817,0.79111,0.67214,0.47078,0.88931,0.60491,0.80608,0.7363,0.81301,0.53306,0.60954,0.68713,0.64518,0.59109,0.74621,1.0541,1.2656,1.0233,0.88402,1.6966,1.88,0.22401,0.4785,0.69644,0.31295,0.41309,0,0.6814,0.36959,0.7205,0.70898,0.60867,0.43011,0.43934,0.74332,0.66721,0.43528,0.28954,0.29812,0.92526,1.102,0.43253,0.2728,0,0.9686,1.3082,1.4012,0.4938,0.43692,1.1186,0.55948,0.15154,0.53624,0.3852,0.24524,0.34608,0.33622,0.8206,0.32789,0.18224,0,0.4958,0.79473,0.52179,0.8357,1.3344,0.69787,0.26565,0.23956,1.0221,0.86398,0.43076,0.5247,0.51207,0.3745,0.82658,0.58353,1.0439,0.36947,0.74671,0.56615,0.39008,0.64012,0.65368,0.28566,0.52301,0.59548,1.1013,1.0628,0.4075,0.57329,0.72931,0.42889,0.99227,0.83279,0.53597,0.64166,0.22019,0.54956,1.4284,0.97845,0.75038,0.55942,0.85717,0.36891,0.63527,0.65642,0.50634,1.0169,0.95859,0.62689,0.56235,1.4865,0.85665,0.61778,0.40745,0.60516,0.47614,1.1955,0.54218,0.28908,0.31332,0.76744,0.68689,1.2132,0.4589,0.27656,0.91366,0.7366,1.0183,1.0731,1.6044,0.81063,0.74375,0.53225,0.43481,0.61619,0.98336,0.37168,0.19709,0.59808,0.43447,0.6991,1.125,1.2052,0.84493,0.47575,0.79884,0.66256,0.84152,1.0213,0.38198,0.61373,0.45862,0.83036,1.766,1.2364,0.97436,1.1162,0.40769,1.0106,1.0459,0.68031,0.34581,0.61102,1.084,0.77163,0.89711,0.46771,0.61726,1.0053,1.1009,1.0303,1.0337,0.72336,0.8294,0.46922,0.98934,0.52628,0.59307,0.50334,0.5167,0.43028,1.0457,0.64374,0.9556,1.052,0.86228,0.21443,0.35636,0.75477,0.5223,1.0366,1.2786,0.61296,0.58775,0.48583,0.56276,0.80131,0.98342,0.80561,0.52443,0.436,0.75209,0.73349,1.6994,1.2418,0.54667,0.66322,0.51226,0.71137,0.32029,0.36141,0.56703,0.75428,0.35931,0.87058,0.98247,0.65018,0.65934,0.3582,0.52251,1.5331,0.75604,0.63294,0.73119,0.44808,0.40863,0.59948,0.56647,0.66513,0.63048,0.37097,0.69805,0.45226,0.36472,0.56222,0.31112,0.60355,0.33414,0.5243,0.49586,0.50754,0.42006,0.16373,0.69404,0.67755,0.69852,0.24029,0.42148,1.1084,0.6149,0.45955,1.0591,0.56686,0.53256,0.40091,0.398,0.50921,0.94011,0.60194,0.60052,0.63037,0.73255,0.66341,0.67961,0.86202,0.27274,1.2056,1.0334,0.89109,0.22653,1.1358,0.4764,0.44454,0.502,0.57858,0.52528,0.63361,0.86527,0.95035,0.65977,0.6211,0.38464,0.4519,0.73927,0.38951,0.84076,0.45682,0.76679,0.96011,0.71743,0.47149,0.90703,1.5123,0.58248,0.63109,0.37394,0.76195,0.49268,0.65424,1.3184,0.58306,0.66587,0.44118,0.22243,0.35987,0.76458,0.63543,0.73769,0.44277,0.33566,1.0619,0.43375,0.32152,0.50904,0.44288,0.99391,1.7201,0.92536,1.2535,0.46823,0.89658,0.84631,0.43246,0.91556,0.50545,0.8287,0.49769,0.54278,0.87758,1.9944,0.52607,0.43937,1.4082,0.89179,0.50281,1.0397,0.35155,0.80441,0.26191,0.87104,0.8956,0.93464,0.98563,0.71876,0.55474,0.77891,1.1683,1.1692,1.282,0.58616,0.57079,1.1663,1.7733,0.99181,0.76715,0.79841,0.65946,0.96584,0.91002,0.4689,0.60331,0.59044,0.61404,0.54134,1.2451,0.93102,0.38785,0.40397,0.56749,0.92017,0.69699,0.36581,0.52096,0.33302,0.65814,1.0762,0.38307,0.68774,1.2214,0.9549,1.2871,1.0854,0.98185,2.1172,0.97058,1.2716,0.51741,0.50653,0.56249,0.32322,0.73601,0.51205,0.54638,0.53376,0.67761,0.61187,0.88737,1.1188,0.8687,0.57473,0.82812,0.47858,0.51613,0.44239,0.47309,0.87076,0.97432,0.74927,0.62753,0.33545,0.54051,1.0733,0.72417,0.79965,0.86361,0.57903,0.94336,1.2314,0.49074,0.3987,0.50091,0.73559,0.17738,0.20764,1.2413,2.5725,1.4461,0.64147,0.40503,1.7413,0.80811,0.60255,0.68982,0.37572,0,0.61616,1.0076,0.43288,0.73308,0.9403,0.66508,0.68154,0.37849,0.30177,0.66458,0.97217,0.37334,0.61508,0.81157,0.94188,0.81381,0.20998,0.60669,0.36731,0.81429,0.93621,0.32768,0.75346,0.55611,1.0825,0.80081,1.7097,2.4486,0.44982,0.62926,0.94123,1.0699,0.61996,0.64713,0.59008,1.1496,0.40011,0.20462,0.24851,0.49852,0.47082,0.37631,0.37375,0.50138,0.84018,1.2597,0.49479,0.42349,0.55814,0.38471,0.45574,0.46073,0.71035,0.88597,0.57851,1.3142,0.24633,0.49696,0.79697,0.57023,0.55675,0.69275,1.05,1.3378,0.57121,0.57571,0.71515,0.92917,0.47154,0.49339,0.34929,0.44198,0.84293,0.38431,0.64167,0.46087,2.1211,0.83094,0.86017,0.5646,0.74257,0.63016,0.41187,0.55043,0.33358,1.1783,1.6285,1.5364,0.66794,0.90843,0.60855,0.64586,0.27886,0.53419,0.59387,1.1726,0.84208,0.6112,0.71952,0.47857,0.78794,0.39034,0.63425,0.97184,0.39109,0.86678,0.74635,0.7033,0.52579,0.50307,0.429,0.80286,0.77123,0.31153,0.70121,0.50493,0.51522,0.83208,1.5501,0.53274,0.89815,0.50181,0.56174,1.4754,0.3207,0.48465,0.77928,0.9121,0.87767,1.3926,1.0285,0.42144,0.70908,0.39796,1.1351,0.72809,0.80684,0.56049,0.60047,0.58408,0.90627,0.45783,0.45202,0.60136,0.51738,0.50298,0.28324,0.66169,0.78643,0.79275,0.68925,0.36755,0.78328,0.65926,0.32071,0.87952,0.74364,0.41816,0.84907,1.0797,0.63385,0.72193,0.90302,1.0185,0.3699,0.5918,0.45481,1.1101,0.55791,0.6319,1.2639,0.37674,0.17956,0.54207,0.46018,0.60924,0.71967,0.44572,1.4523,1.1874,1.0794,0.78677,0.73876,0.32851,0.91287,0.71602,0.85799,0.23546,0.59947,0.53875,1.4444,0.69375,0.3815,1.1066,0.37293,0.79969,0.66571,0.51953,0.70055,1.3318,0.8606,0.42285,0.60531,0.87592,0.89151,0.54402,0.51475,0.27619,0.69746,0.76443,0.38398,0.93853,0.68387,0.68073,0.40016,0.80306,1.0349,0.56758,0.57306,0.86001,0.38954,0.50472,0.36459,0.93021,0.46253,0.31254,0.2797,0.35733,0.43769,0.35567,1.1714,1.2731,0.99919,1.0615,0.54089,0.711,0.78162,0.58525,0.39175,0.31304,0.44999,0.33561,0.7111,0.70975,1.1941,0.70783,0.50756,0.2255,0.56874,0.7947,0.67969,0.98689,0.75568,0.37852,0.43811,0.48315,0.77775,0.35446,0.33503,0.71924,0.57269,1.1932,0.38212,0.24645,0.44898,0.73833,1.6009,0.25846,0.47696,0.61032,0.54623,0.76302,0.5998,0.58625,0.49946,0.73575,0.5704,0.62627,0.33059,0.6048,0.47787,0.4079,0.67665,0.42174,0.61406,1.0228,0.51179,0.64059,0.41336,0.4276,0.2517,0.32356,0.57295,1.198,0.46444,0.1663,0.62494,0.29007,0.77684,0.9188,0.20778,0.60717,0.88923,0.33365,0.90084,0.72875,0.52436,0.62047,0.4734,0.60948,0.53393,0.59783,0.62492,0.81637,0.28879,0.43668,0.55818,0.63158,0.78721,0.58899,0.98569,0.31631,0.95161,0.63847,0.46361,1.1278,0.62003,0.60336,0.82195,0.50474,0.59218,0.5868,1.4782,0.44612,0.30675,0.3507,0.87478,0.70412,0.47128,0.21108,0.22755,0.68016,0.77428,0.47366,0.51621,0.58652,0.47296,0.49496,0.96679,0.87104,1.0522,0.94267,0.52265,1.3591,0.66548,0.96432,0.80796,0.40499,0.87889,1.2759,0.95922,0.87969,0.50653,0.62126,0.70538,0.43185,0.28514,0.60319,0.77784,0.99517,0.42629,0.50222,1.1777,0.56197,0.9044,2.085,0.7172,0.2399,0.45179,0.97678,0.55562,0.49711,0.33193,0.77913,0.41677,0.69658,0.83997,1.086,0.27934,0.49055,1.167,0.68128,0.57003,0.55858,0.29347,0.47469,0.87492,0.77823,1.4518,0.7067,0.63538,0.27699,1.2611,0.93978,0.42231,0.63823,0.94258,0.70094,0.40083,0.55422,0.65667,0.41153,1.2798,0.65765,0.75973,0.56546,0.60657,0.16232,0.41958,0.65627,0.14524,0.47641,0.77633,0.3564,0.26182,0.4348,0.70525,0.57672,0.62503,0.46219,0.56799,0.23031,0.38033,0.81108,0.82612,0.65814,0.43704,0.22883,0.63483,0.33093,0.66763,0.64027,0.42072,0.64552,0.73409,0.061579,0.44348,0.56443,0.64962,0.47171,0.30855,0.32297,0.49116,0.48991,0.43189,0.55958,0.90413,0.48295,1.3532,0.54587,1.0666,0.53475,1.9266,0.82695,0.76878,0.46456,1.4723,0.4888,1.4565,0.8582,0.43637,0.81661,0.37714,0.97792,0.67421,0.5277,0.84116,0.4444,0.801,0.34923,0.44584,0.60695,1.0597,0.9044,1.3425,0.47012,0.35356,0.7793,0.59381,0.47733,0.30271,0.33337,0.2964,0.5032,0.43055,0.55632,0.45518,0.35381,1.2656,0.78208,0.58228,1.0344,1.1391,0.3791,0.35977,0.80312,0.63573,0.28586,0.46939,0.27594,0.90178,0.66224,0.46394,1.2302,0.86712,0.42785,0.47647,0.61285,0.96336,0.71509,0.40491,0.80456,0.67486,1.0771,1.0353,0.47722,0.66353,0.67903,0.45987,0.49153,1.1418,1.3994,0.4412,0.46486,0.92618,0.72916,0.94407,0.99368,0.35553,0.62602,0.56855,0.28965,0.70057,0.45796,0.51412,0.51097,1.5582,0.83373,0.49542,0.38578,0.44666,0.70367,0.57903,0.92642,0.57,0.46287,0.31761,0.99633,1.0487,0.41788,0.65394,0.31684,0.33363,0.65401,0.48089,0.3143,0.38155,0.4646,0.58498,0.74114,1.6007,0.63432,0.62873,0.56856,0.67216,0.68647,0.49778,0.70746,0.47614,0.83201,0.49439,0.6951,0.86179,0.59203,0.55759,0.43775,1.4481,0.78518,0.52003,0.76733,0.77165,0.27495,0.63938,0.67205,0.87815,0.67901,0.72487,0.854,0.32808,0.46218,0.53164,0.32448,0.3448,0.38426,1.1172,1.0472,0.76196,0.72019,0.93517,0.56328,0.86493,0.55918,0.53534,0.50227,0.85786,1.293,0.83848,0.5244,0.76546,0.99818,0.87038,1.3787,0.36766,0.56257,0.98699,0.75185,1.0028,0.75912,0.28233,0.43988,0.56023,0.44126,0.33242,0.36885,0.54166,0.73868,0.53171,0.37603,0.55735,1.127,0.95708,0.63521,0.78995,0.83441,0.73861,1.1227,0.78695,0.68382,0.4411,0.90636,0.28508,0.58597,0.35159,1.4946,1.5939,1.0678,0.30194,0.17616,0.84279,0.91021,0.89131,0.50605,0.46274,1.5714,0.6915,0.8264,0.9984,0.59989,0.34414,0.46669,0.99238,0.604,1.7437,0.6976,0.61545,0.59952,0.69278,0.39466,0.87369,0.77204,0.54281,0.51251,0.32675,0.66077,0.55755,0.58615,0.94033,1.7044,0.61243,0.6067,0.36482,0.90757,0.65912,0.64001,1.3704,0.42495,0.43706,0.46983,1.1229,0.78232,0.75906,0.55497,0.87261,0.57122,1.2863,0.68946,0.34715,0.47609,1.5474,1.1556,0.7376,0.43984,0.54543,0.4255,0.78265,0.51604,1.3085,1.0765,0.75012,0.50965,0.44026,0.37244,0.80589,0.85598,0.64938,0.65495,0.3848,0.72525,0.678,0.70835,0.32052,0.32326,0.67604,0.3496,0.73064,0.75269,0.31134,0.98611,0.81824,1.4406,0.71791,0.73311,0.37654,0.54426,0.85506,0.60761,0.70325,0.26465,0.22052,0.56724,0.34329,0.76307,0.33807,1.0501,0.26333,0.32219,0.85522,0.90121,1.0197,1.1262,0.74765,0.70464,0.55445,0.87,1.2908,2.1313,0.50258,0.42843,0.3562,0.93994,0.73865,0.46936,1.0708,0.31827,0.88159,0.84649,0.30544,0.36639,0.9411,0.87846,0.54052,0.71079,0.37857,0.5001,0.40752,0.72505,1.0901,1.0216,0.65173,0.84556,0.25779,0.50589,0.72033,0.56101,0.46043,0.40103,0.26565,0.42055,0.59674,0.64487,0.44569,1.3263,0.72098,0.54191,0.83591,0.3274,1.0874,0.67665,0.6563,0.88918,1.0891,0.33876,0.97701,0.94411,1.7778,1.4689,0.30346,0.48521,0.78534,0.60683,0.84206,0.5551,0.36184,1.1784,0.50765,0.67737,0.52672,0.84439,0.31792,0.28397,0.68896,0.9813,0.91628,0.59245,0.3675,0.6147,0.35105,0.58281,0.64106,0.47516,0.27817,0.43989,0.89255,0.49678,0.8678,0.78512,0.32134,1.0775,1.493,0.8614,0.63027,0.72699,1.2015,1.3047,0.40012,0.23997,1.2947,0.64166,0.46365,1.2747,0.67474,0.36282,0.33952,1.0347,0.81718,0,1.1093,0.43664,0.27574,0.58661,0.50296,0.32373,1.0856,0.41841,0.46603,1.1729,0.40836,0.76694,1.0197,1.3709,1.054,0,0.68394,0.68285,0.50582,0.3887,0.45428,0.62523,0.37658,0.40231,0.77964,1.2057,1.0643,0.53916,0.6408,0.59121,0.93293,0.96755,0.80659,1.2454,0.38172,0.9079,0.55298,1.0152,0.40837,0.40018,0.57367,0.45737,0.45219,0.51042,0.31453,0.31581,0.73799,0.56428,0.78597,0.30027,0.91298,0.26601,0.45577,0.59556,0.39804,0.90961,0.44645,0.75521,0.80481,0.50721,0.68692,0.70685,0.64818,0.68113,0.58693,0.65735,0.49575,1.9216,1.138,0.34096,0.64315,1.4133,0.89549,0.59968,0.84379,0.55614,0.46805,0.25282,0.57458,0.44537,0.5969,0.72509,0.18968,0.29546,0.43511,0.37755,0.95973,0.39406,0.48593,0.62625,0.74895,0.70772,0.48429,0.39182,0.44781,1.0758,0.47459,0.51051,1.0136,1.2281,0.77389,0.7017,0.78764,0.7558,0.76061,1.1651,0.62437,0.66593,0.49268,0.71054,1.0015,0.72998,0.49862,0.85475,0.53846,1.0178,0.65444,0.62736,1.0111,0.99858,0.62295,0.30366,0.61688,0.39293,0.34221,0.7143,0.75096,0.6365,0.61581,0.45483,1.1277,0.72093,0.51842,0.89339,1.0388,0.78622,0.37584,0.43283,0.60592,0.54634,0.83147,0.43812,0.96145,0.56983,0.6765,0.51969,0.71681,0.56099,0.5827,0.7909,0.73051,0.4953,0.98425,0.3984,0.92194,0.66143,0.57456,0.61235,0.49333,0.42447,0.1835,0.38175,0.77348,0.42708,0.35258,1.1949,0.76714,0.58108,0.79013,1.0124,0.96972,0.61731,0.91297,1.3016,0.41818,0.32545,0.40422,0.33684,0.48549,0.78474,0.52942,0.60185,0.333,0.87269,0.46082,0.48655,0.88083,1.0912,0.73724,0.22823,0.41811,0.63747,0.62177,0.84658,1.0768,0.67148,0.26535,0.38161,0.75339,0.94667,0.87672,0.38149,0.5661,0.66277,0.59956,0.99666,0.40234,1.3832,0.33293,0.70227,0.73537,0.79261,0.64381,0.84901,0.48731,0.46552,0.90402,0.49785,0.47166,0.53026,0.46872,0.38245,0.40755,0.51266,0.49181,1.228,0.37236,0.36657,0.32168,0.48302,0.43979,0.23517,0.27025,0.42657,0.7727,0.44038,0.64396,1.0739,0.59836,0.55803,0.29547,0.97803,0.41175,0.44545,0.78409,0.62298,0.64378,0.43978,0.71261,1.0391,0.15532,0.67457,1.3934,1.6265,1.2346,0.57577,0.45088,0.25875,0.70149,1.2093,0.41844,0.665,0.821,0.42082,0.5666,0.55179,0.41314,0.4795,1.0717,0.53372,0.58528,0.82036,0.46205,0.53141,0.54185,0.76628,0.38571,1.0399,0.90774,1.1305,0.42987,0.21768,0.76687,0.61124,0.33556,0.82647,0.76341,0.36965,0.33217,0.86482,0.5443,0.54528,0.68094,0.62024,0.67765,0.92133,1.2651,0.34692,0.45985,0.63781,0.5742,0.88998,0.92584,1.6194,1.1114,0.43405,0.47144,0.82647,0.50746,0.31736,0.56173,0.44929,1.1826,0.56683,1.0097,0.64087,0.66316,0.73996,1.3294,0.5428,0.76414,0.30047,0.64724,4.1373,5.2851,1.0928,0.57244,0.74404,0.91289,0.71155,1.3212,0.65201,0.42772,0.52745,0.47521,0.423,1.0239,0.73397,0.92583,0.66026,0.47701,0.60861,0.46764,0.3125,0.50282,0.61024,1.1784,1.1321,1.0182,0.56234,0.39784,0.43746,0.60002,0.54229,1.3664,0.96349,0.89096,0.98684,0.52487,0.60183,0.57737,0.79887,0.85078,0.31616,0.71672,0.574,0.58496,0.9932,0.67081,0.59602,0.45583,0.41782,0.4145,5.0444,4.9804,0.36432,0.47351,0.73702,1.0295,0.54096,1.7993,0.54517,0.45616,0.65838,0.7316,0.51233,0.32624,0.86368,0.73343,0.55231,0.52965,0.71622,0.55012,0.28393,1.0877,0.55739,0.20216,0.36788,0.58492,0.1583,0.29975,0.56974,0.20709,1.2494,1.3779,1.6567,1.1221,0,1.0257,0.91261,0.97417,0.85835,0.50993,0.16931,0.52601,0.67978,0.49565,0.64817,0.33891,0.54648,0.76445,0.59045,0.94665,3.066,5.1734,0.44104,0.28057,0.81589,0.34518,0.38398,0.30895,0.91826,1.0847,0.55139,1.209,0.92374,0.39073,0.60403,0.46678,0.41726,0.44002,0.51025,0.34087,0.35094,1.6347,0.75471,0.44171,0.38702,0.49125,0.21551,0.60595,0.47619,0.40401,0.1715,0.8489,1.1058,0.47849,0.81527,0.61441,0.4772,0.8594,1.6626,0.95968,0.32464,0.43059,0.43094,0.36263,0.45244,1.4922,1.3989,0.78516,0.92,1.0201,1.3801,0.86234,0.90955,1.2067,0.44992,0.44075,0.71996,0.78499,0.48947,1.2254,0.83081,0.50226,0.59733,0.38449,0.77007,0.64728,0.58455,0.95429,0.50162,1.1645,0.12592,0.80899,0.76376,0.64072,0.92809,0.40211,0.33991,0.45615,0.62614,0.39877,0.64567,0.84393,0.3049,0.80148,1.0476,0.70609,0.6917,0.85558,0.54316,0.67626,0.66087,0.80234,0.89997,0.55631,0.39233,0.72263,0.55365,0.41367,0.76309,1.0616,0.96885,0.42936,0.61571,0.71255,0.90624,0.52991,1.0014,0.87987,0.60793,0.66023,0.82711,0.84573,0.5687,0.30591,0.389,0.77598,1.021,1.127,1.3651,0.6037,0.83202,0.60314,0.68524,0.95967,0.48319,0.77415,0.3068,0.44559,0.99268,0.65699,1.0071,0.65711,0.5836,0.43719,0.45031,0.64082,0.37335,1.0539,0.6997,0.9298,1.0118,0.71963,0.57215,0.32924,0.30321,0.54561,0.57803,0.88358,0.52488,0.56631,0.60578,0.92843,1.5791,0.37261,0.61198,0.41019,0.44265,0.71108,1.1831,0.88268,0.76362,0.2687,0.63335,0.54182,0.81905,0.46698,0.43084,0.36938,0.44279,1.0194,0.42599,0.44308,0.41373,0.95704,0.95177,0.67113,1.3014,1.008,1.2088,0.24541,0.42426,0.44162,0.61457,0.68261,1.0272,1.0068,0.34469,0.38549,0.20518,0.78246,0.47548,0.65106,0.65124,0.55887,1.14,0.81638,0.54804,0.70838,0.47999,0.84912,0.79381,0.61485,0.88458,1.4817,0.29597,0.48925,0.74482,0.70083,0.86634,0.69873,0.56281,0.40995,0.8431,0.50362,0.48906,0.42718,0.60633,0.65056,0.47572,0.27301,0.6561,0.56998,0.54825,0.95848,0.48481,1.0948,0.90338,0.60527,0.60845,0.74481,0.37535,0.35292,0.7475,0.39401,0.54421,0.56436,0.3172,0.69799,0.70093,0.75419,0.51814,0.66303,0.46841,0.68781,0.79582,0.70314,0.83467,1.2386,0.80008,0.35758,1.1335,0.65589,0.57287,1.1452,0.45138,0.68033,1.0949,1.0703,1.5861,0.62644,0.95694,0.962,1.3843,0.59162,0.89987,0.44568,0.26158,1.1971,0.44477,0.4145,1.0242,1.162,0.54081,0.56261,0.8862,1.187,0.95526,0.40223,0.51621,0.38356,0.77429,0.57724,0.5284,0.53342,0.52731,0.66074,0.98807,0.50281,0.57526,0.65637,0.50578,0.61691,0.29164,1.4861,0.83252,0.69975,0.70786,0.37337,0.99338,0.56051,0.49297,0.3751,0.81146,1.2397,0.53902,0.79256,1.6714,1.2057,1.1266,1.4593,0.73061,0.42992,0.5819,0.84745,0.48066,0.43525,0.3765,0.58605,0.40955,0.5908,0.55135,0.32494,0.70944,0.59041,0.92354,0.74328,0.48667,1.15,0.59972,0.70919,1.3111,1.1516,0.49242,0.4635,0.71573,0.73866,0.59409,0.99609,0.89609,0.50264,0.6248,0.5619,0.42193,0.66518,0.42966,0.34528,0.62392,0.2921,0.74762,0.89687,0.44147,0.37952,0.19144,0.62918,0.8766,1.5932,0.65457,0.73202,1.5241,0.85534,0.86517,0.60343,1.1437,0.23683,0.84377,0.79977,0.60699,0.54192,0.26907,0.53829,0.88902,1.0121,0.80319,0.7445,1.0733,0,1.1975,1.0097,0.84975,0.64319,0.62142,0.67097,1.4219,0.91961,0.39002,1.0367,0.71008,0.57885,0.74327,0.27503,0.77404,0.72485,0.58991
1.3565,0.41551,0.55637,0.41622,0.77318,0.44401,0.59964,0.43684,0.49299,0.30883,0.7925,0.46847,0.54596,0.28753,0.38987,0.69172,1.003,0.90454,0.39266,0.89974,0.49724,0.56509,1.0609,1.1472,0.56646,0.9689,1.2184,0.92642,0.65805,0.37791,0.40305,0.43885,0.89038,0,0.45705,0.79444,0.9793,0.53762,0.35584,0.75243,0.55877,0.7433,0.57279,0.44412,1.3853,0.38605,0.60228,0.38731,0.68219,1.1626,1.6708,0.52332,0.81779,0.55228,0.96068,0.60053,0.52945,0.46726,1.1627,0.28146,0.4086,0.20237,0.57458,0.30559,0.51009,0.43881,0.47399,0.26505,0.59887,0.86579,0.32703,0.51824,0.74287,0.43532,0.43619,0.90714,0.97633,0.94524,0.45894,0.52082,0.2522,0.51466,0.87751,0.44012,0.55998,0.50914,0.46573,0.43684,0.48479,0.6749,0.99095,0.60424,0.94506,0.5931,0.59693,0.66444,0.62506,0.55722,0.37952,1.0044,0.78132,0.57356,0.60551,0.75528,0.72745,1.4671,1.4614,0.83881,0.46367,0.60391,0.88213,0.99008,0.99073,1.0279,0.75844,0.6123,0.31007,0.29523,0.67461,0.73436,0.51194,0.54356,0.45189,0.84433,1.7775,0.79205,0.71791,0.77036,0.46222,0.4845,1.1288,0.60897,0.50212,0.35634,0.27305,0.98722,0.36275,0.67747,0.47357,0.9601,0.6537,0.67531,0.69124,0.57649,1.137,0.72615,0.79544,0.55576,0.50033,0.83704,0.51745,0.7647,0.4234,0.67507,0.35884,0.55309,0.42517,0.32087,0.43314,0.39221,0.60678,0.68192,0.6734,0.47534,0.91836,0.6803,0.42829,0.53435,0.70677,0.83842,0.71483,0.42809,0.40224,0.50653,0.55489,0.57838,0.69638,0.34949,0.7071,0.62689,0.4883,1.0186,0.60431,0.47176,0.58841,0.48844,0.16673,0.72847,0.61669,0.30463,0.37805,0.92725,0.2468,0.4843,1.0353,0.71771,0.41015,0.52467,0.37453,0.91516,0.53752,0.56597,0.39395,0.65719,1.2005,0.45327,0.55779,0.44803,0.82101,0.88355,0.88574,0.56892,0.65795,0.46665,0.39081,0.77037,0.49572,0.37454,0.59511,0.62304,0.7787,0.91302,0.81156,0.34601,0.47322,0.74005,0.46876,0.89374,0.28073,1.1646,0.40961,0.40237,1.0203,0.89945,0.55181,0.44962,0.40025,0.6139,0.39005,0.53313,0.5965,0.9414,0.73279,0.7684,0.45489,0.55875,0.38511,0.64112,1.1826,0.67072,0.48842,1.092,1.1431,0.43393,0.21232,0.51314,0.6265,0.86293,0.52617,0.65394,0.52045,0.74279,0.5022,0.5731,0.50073,0.28302,0.85734,0.37658,0.29564,0.3417,1.0938,0.49109,0.58144,1.1413,0.47704,1.1471,0.90308,0.61119,0.384,0.60746,0.42219,0.40246,0.50438,0.54782,0.89651,0.55788,0.4663,0.43707,0.4745,0.60245,0.39179,0.56593,0.70746,0.54294,0.74672,0.33322,0.37497,0.77603,0.52765,0.5148,0.74516,0.50082,0.57005,0.47546,0.51977,0.53499,0.32997,1.0157,0.4348,0.55029,0.39668,0.44825,0.88309,0.42153,1.1254,0.98617,0.38415,0.65162,0.50023,0.44068,0.49314,0.68321,0.91231,1.015,0.65425,0.56925,0.43343,0.30607,0.72414,0.57692,0.71708,0.33319,0.50983,0.87523,0.87249,0.24115,0.45283,0.42927,1.4182,1.2736,0.44896,0.42526,0.5432,0.44387,0.5172,0.55561,0.48656,0.52302,0.58853,1.0685,0.72996,0.54957,0.49013,0.44003,0.35241,0.51152,0.5043,0.73908,0.49598,0.52001,0.34332,0.82661,0.67505,0.46949,0.43416,0.82162,1.2488,0.53555,0.60558,0.5949,0.57052,0.42255,0.34193,0.30526,0.51493,0.87528,0.91835,0.56524,0.72831,0.88642,0.95725,0.93337,0.5728,0.43969,0.71173,1.0404,0.90162,0.96916,0.52892,0.51809,0.50378,0.57379,0.52296,0.62026,0.35502,0.44647,0.56455,0.56079,0.97415,1.0835,0.78964,2.2532,1.4228,0.20873,0.65337,0.20645,0.36716,0.96292,0.71806,0.45716,0.99555,0.47152,1.0281,0.25436,0.60706,0.57717,0.47657,0.38611,0.64592,0.70136,1.7707,0.7574,0.46191,0.63017,0.41612,1.1618,0.8016,0.80476,0.86629,0.293,0.54724,0.77432,0.63806,0.54551,1.4185,1.3789,0.83884,1.0024,0.45831,0.28149,0.86257,0.33439,1.0249,0.44103,1.0998,1.1272,0.479,0.70967,1.2701,0.5561,0.58687,0.88266,0.70555,0.42551,0.6946,0.75205,1.4397,0.53383,0.76191,0.24965,0.71104,0.47937,0.7222,0.3119,0.52059,0.77779,0.6671,0.58351,0.46961,0.62742,0.50271,0.22819,0.82394,0.48817,0.6049,0.76993,0.65961,0.33197,0.68814,0.5167,0.92245,1.1962,0.71221,0.62117,0.4884,0.82894,1.0887,0.52565,0.68415,0.42378,0.75409,0.6938,0.36464,0.47545,0.35445,0.84058,0.37548,0.37384,0.46259,0.54007,0.59827,0.47005,0.66023,0.89574,0.47924,0.56967,0.75297,0.3651,0.94009,0.31034,0.58062,0.31619,0.75649,0.92775,0.9527,0.6923,0.80301,0.67523,0.4884,0.23146,0.46406,0.60264,0.72495,0.99055,1.3477,0.89985,0.4544,0.65292,0.48982,0.68626,0.42421,0.70238,0.78534,0.48142,0.2158,0.40866,0.65628,1.088,1.8048,0.58371,0.45383,0.36289,0.86583,0.4002,0.56529,0.55761,0.76926,0.62444,0.4742,0.49227,0.82075,0.61782,0.79897,0.7164,0.59502,0.51608,0.8134,0.72946,1.0635,0.82626,0.45351,0.96885,0.51295,1.2452,1.0295,0.74682,0.77645,0.68777,0.75479,0.45783,0.6113,0.58691,0.45293,0.49965,0.74736,0.81886,0.72566,0.98658,0.90917,0.57935,0.84328,0.74023,0.49787,0.21294,0.92721,0.41546,0.75243,1.1784,0.88817,0.75675,0.69281,0.93197,1.2378,0.87932,1.0809,0.56486,0.37614,0.49508,0.40684,0.94871,1.801,0.88795,0.50388,0.96322,0.52778,0.52154,0.5629,0.5409,0.76007,0.89297,0.78422,0.38559,0.29177,0.60109,0.65379,0.41016,0.9473,0.6962,0.33527,1.0874,0.55216,0.313,0.41403,0.7369,0.45192,0.87648,0.51694,0.28297,0.52964,0.39402,0.41118,0.34518,0.44018,1.2701,0.66866,0.95877,1.2178,0.63739,0.50925,0.56947,0.39462,1.2831,0.56802,0.99824,0.24757,0.63578,0.62485,1.5902,0.44238,1.1919,0.92806,0.81394,0.64757,1.0614,0.86037,0.59418,0.64062,0.45356,0.36394,0.58741,0.33245,0.70103,1.0242,0.66841,0.5408,1.0733,1.3614,0.76588,0.41114,1.0476,0.99044,0.63705,1.1646,0.55757,0.89439,0.59992,0.59413,0.80147,0.51452,0.49115,0.67807,0.77824,0.4658,1.0158,0.76963,0.50038,0.40109,0.73844,0.66278,0.46394,0.74397,0.4807,0.68638,0.71223,0.76477,0.44352,0.49133,0.68888,0.63954,0.43368,0.86184,1.2725,0.67369,0.45627,0.79246,0.98108,0.70864,1.1601,0.53029,0.37066,0.88399,0.72737,0.62768,0.63575,0.71306,0.76517,0.69763,1.5201,0.93645,0.45199,0.45699,0.52406,0.4299,0.71373,0.58458,0.50594,0.62826,0.30923,0.32728,0.84101,0.49276,1.2246,0.63157,0.88358,0.57927,0.55464,0.80852,0.81602,0.81317,1.0032,1.7439,0.87388,0.39519,0.59459,0.95069,0.59732,0.49212,0.34091,0.47593,1.0447,0.52818,0.94925,0.88638,0.60663,0.5325,0.42306,0.35105,0.88926,0.34862,0.67672,0.79573,0.40265,0.49517,0.71133,0.91011,0.67211,0.70945,0.68274,0.53978,0.6727,0.88426,1.3003,0.68808,1.4392,0.94133,0.57306,0.35838,1.0038,0.66049,0.76912,0.69522,0.52194,0.60375,0.35559,0.7546,0.44091,0.61592,0.79491,1.278,0.70428,0.92116,0.57331,0.41381,0.59023,0.46609,0.73635,0.74766,0.9556,0.37548,0.81667,0.81462,1.5605,0.90972,0.29222,0.75404,0.48416,0.59045,0.43085,0.7453,0.79124,0.34365,0.96852,0.4185,0.90533,0.56929,0.34039,1.3956,0.45268,1.2741,0.70536,0.44718,0.50219,0.4649,0.69881,1.2469,0.74264,0.32396,0.54605,0.96458,0.38723,0.55878,0.63461,0.46854,0,0.5847,0.81533,0.23934,0.65892,0.49753,0.97196,1.3258,1.6512,0.59742,0.47668,0.93216,0.80645,1.2015,1.0272,0.63051,0.98582,0.85563,1.9465,0.7514,0.54639,0.45916,0.56487,0.24864,0.532,0.80362,0.38353,0.24785,0.42492,0.40226,0.38508,0.37237,0.45718,0.85986,0.38663,0.98104,0.33467,0.78451,0.59374,0.42853,0.42128,0.87609,1.4323,0.62539,0.46194,1.1116,0.6713,0.71676,0.64757,0.47971,0.27452,0.20689,0.25623,0.48439,0.5175,0.44135,0.90615,0.56063,0.30452,0.43137,0.8064,1.0152,0.37757,0.91564,0.68242,1.0463,0.46531,0.81599,0.54871,1.1627,0.5638,0.6297,0.67248,0.90177,0.67749,0.48352,0.43534,0.74028,0.72467,0.79122,0.39542,0.2851,0.48331,0.62335,0.97622,0.49429,0.50487,1.259,0.40423,0.83774,0.39727,0.60974,0.62044,0.62449,0.59235,0.28209,1.5812,0.36544,0.47042,0.4932,0.7382,0.58262,0.39793,0.51228,0.38519,0.7268,0.8047,0.82129,0.39891,0.4391,0.84182,0.51638,0.42462,0.66324,0.81445,1.0314,0.98394,0.18748,0.38276,0.71003,0.52617,0.25021,0.52765,0.49262,0.4483,1.2558,0.52715,0.56202,0.81865,0.55829,0.37914,0.45458,0.31778,0.68533,0.55471,0.61695,0.76769,0.52074,0.18259,1.3303,0.65437,0.78674,0.94917,0.76144,0.71602,0.79116,0.70493,0.99677,1.2028,0.45825,0.31075,0.92524,0.91158,1.0785,1.0903,0.51985,0.27749,0.4187,0.59108,0.58463,0.58377,0.5111,0.58915,0.53581,0.94816,1.0517,0.49159,0.78964,0.84481,0.59147,0.59467,0.7719,0.51931,0.48579,0.42197,0.63162,0.56414,0.34953,1.2404,0.93637,0.73369,0.82426,0.78171,0.3365,0.81111,1.1092,0.41306,0.4702,0.72268,0.84817,0.22693,0.50492,0.44507,0.34521,0.65032,0.39688,0.69464,0.80755,0.69972,0.45505,0.73705,0.5931,0.81289,0.44448,0.81882,0.52921,0.81145,0.7469,0.5432,0.27429,0.68574,0.48189,0.50384,0.65047,0.56134,0.54097,1.1242,0.50441,0.71007,0.51338,0.39179,0.43703,0.49462,0.29605,0.59212,0.89671,0.49178,0.64795,0.5561,0.38694,0.49015,0.62833,0.38563,0.64324,0.9241,0.50383,0.66855,1.2991,0.94534,0.43665,0.4307,0.38014,0.22232,0.33,0.62986,0.39758,0.71919,0.60635,0.43027,0.4529,0.69756,0.45498,0.33686,0.82082,0.33451,0.36754,0.40005,0.42049,0.78724,0.46891,0.37187,0.62381,0.39032,0.27418,0.58583,0.48495,0.36093,0.43207,0.48484,0.4974,0.74875,0.55759,1.1084,0.44207,0.53641,0.24912,0.53253,0.45992,0.86272,0.74411,0.66159,0.6354,0.51103,0.94412,0.87652,0.66885,0.54265,0.8296,0.51859,0.78252,0.71636,0.5703,0.43734,0.49336,0.46602,0.96747,0.41127,1.4001,0.66179,0.71485,0.49275,0.62666,0.45605,0.42731,0.38632,0.74592,0.4344,0.67576,0.4399,0.83032,0.49389,0.52191,0.51437,0.64415,0.66364,0.6603,0.69358,0.84963,0.51816,0.53621,0.82695,0.51231,0.87536,0.56433,0.5426,0.33643,0.32739,0.87512,0.25824,0.93083,0.60697,0.84914,0.60925,1.0023,0.65762,0.72677,0.91496,1.282,0.91806,0.79005,0.59612,0.57716,0.58327,0.43933,0.36688,0.34922,0.61973,0.93464,0.92029,0.2335,0.62258,0.51914,0.66862,0.38731,0.59602,0.90641,0.75365,0.65764,0.47445,0.68433,0.47026,0.47519,0.36796,0.78904,1.5251,0.61595,0.54616,0.69979,0.30403,0.54537,0.40594,0.49,1.2663,0.36423,0.48541,0.32566,0.58606,0.86283,0.31488,0.36583,0.39818,0.71455,1.4761,0.46962,0.73656,0.99452,1.0051,0.52308,0.89375,0.41463,0.25672,0.40551,0.53309,0.59594,0.57121,0.27838,0.47668,0.97616,0.68443,0.64229,0.74124,0.37048,0.49434,0.45676,0.84297,0.55217,0.54801,1.0688,0.70461,0.31601,0.54548,0.37899,0.4339,0.34444,0.74671,0.45117,0.5107,0.35191,0.4392,0.66022,0.58492,0.41544,0.8642,0.72556,0.54425,0.634,0.64514,0.34781,0.57008,0.44711,0.96074,0.41224,0.49032,0.7392,0.53902,0.95228,0.48618,0.30438,0.8578,0.51133,0.28855,0.61057,0.49126,0.66013,0.68014,0.76837,0.45112,1.2911,1.0604,0.66612,0.82355,0.77279,0.38783,0.67203,0.61071,0.41698,0.47955,0.30552,0.73705,0.54685,0.70109,0.41869,0.59782,1.2351,0.51436,0.83065,0.79456,0.79865,1.3028,0.6876,0.63498,0.60841,0.5596,0.7274,0.54875,0.6726,0.42032,0.67307,0.8053,0.24341,0.15943,0.68076,0.58106,0.70465,0.5325,0.64075,0.56696,0.79959,0.64202,0.3892,0.3259,0.32456,0.43209,0.98675,0.48242,0.4304,0.49649,0.61457,0.68703,0.58807,0.60159,0.75157,0.50892,0.72358,0.58517,0.66525,0.40351,0.33015,0.43631,0.9328,0.42531,0.5641,0.54893,0.42281,0.72914,0.86294,0.61735,0.67964,0.7132,0.60996,0.76381,0.47659,0.31969,0.50264,0.54567,0.91704,0.82436,0.5823,0.54241,0.56004,0.55119,0.69363,0.74152,0.80846,0.59332,1.2467,1.4381,0.55919,0.4525,0.81589,0.58918,0.30256,0.59082,0.77901,0.63624,0.51234,0.4667,0.64676,0.68896,0.52514,0.25069,0.29041,0.48971,0.54939,0.66932,1.0217,0.46537,0.23222,0.98476,0.70711,1.0176,0.69609,0.55822,0.55234,0.90146,0.67222,0.98635,0.48309,0.49441,0.39695,0.60872,0.59912,0.62925,0.61923,0.84946,0.58211,0.44182,0.35091,1.0614,0.72672,0.59558,0.72329,0.5669,0.75249,0.4888,0.94491,0.79941,0.64621,0.89579,0.90233,0.48809,0.73854,0.59921,0.74188,0.88126,1.0601,0.37439,0.95924,0.75052,0.60777,1.3476,0.51034,0.49099,0.62134,0.68551,0.77291,0.70992,0.45827,0.6208,1.0213,1.3501,0.63743,0.36679,0.91865,0.62806,0.37033,0.49789,0.26276,0.32006,0.35314,1.0586,0.47532,0.56141,0.6229,0.62138,1.3809,0.56334,0.33745,0.48792,0.94943,0.39195,0.37466,0.38081,1.247,0.92564,0.46838,0.50254,0.51158,0.35416,0.70266,0.86286,0.28751,0.58204,0.41016,0.35156,0.44544,0.72692,0.79386,0.92438,0.61958,0.90141,0.51537,0.47347,0.44747,0.66419,0.57847,0.69271,0.8634,1.442,1.0506,0.87506,0.29493,0.4388,0.80024,0.62677,0.64199,0.66618,0.70793,0.27849,0.40469,0.39139,1.2111,2.2083,0.77123,0.70477,0.22855,1.0442,0.85972,1.1336,1.0093,0.58796,0.67387,0.5415,0.36122,0.8796,0.52469,0.58837,0.47322,0.6161,0.45721,0.32107,0.93086,1.0116,0.92694,0.33527,1.5888,0.4548,0.73431,0.27711,0.36894,0.60921,0.37911,0.46588,0.665,0.35053,0.34628,0.85808,1.2255,0.72513,0.67689,0.36365,0.18711,0.44002,0.53509,1.0879,0.46394,0.37541,0.22988,0.29108,0.37393,0.69411,0.43185,0.58695,0.38618,0.33276,0.53794,0.40176,0.84824,0.57328,0.33367,0.70848,0.37443,0.54011,0.37326,0.39438,0.30401,0.9015,0.87487,0.44853,0.60585,0.59141,0.61744,0.58222,0.52119,0.71635,0.67608,0.7352,0.76104,0.59993,2.4367,2.5591,0.65774,0.41039,0.51977,0.65921,0.77784,0.7886,0.44395,0.82786,1.1052,0.81977,0.40848,0.60111,0.39808,0.73613,0.64623,0.9435,1.0663,0.50036,0.31857,0.7009,0.49242,0.76796,0.44958,0.42485,0.24159,0.81406,0.54803,0.33232,0.41527,0.59646,0.64242,0.55832,0.44332,0.56135,0.28779,0.42596,0.39281,0.95866,0.6415,0.51301,0.97153,0.97232,0.32146,0.63546,0.71846,0.4508,0.55219,0.52067,6.2065,8.3022,0.59996,0.46834,0.7225,0.73046,2.1453,0.67829,0.52833,0.3413,0.70131,0.6735,0.57444,0.61021,0.6797,0.81057,0.56261,0.44017,0.42348,0.53019,0.5915,0.68867,0.47678,0.678,1.0275,0.37088,0.65015,0.44249,1.4229,0.34202,0.52866,0.46005,1.1167,0.40621,0.76131,0.51764,0.77675,0.56046,0.55471,0.60861,0.56992,0.42307,0.575,0.25473,0.34233,1.1222,0.66405,0.51756,0.9048,0.6928,1.095,2.8893,0.65374,0.30473,0.26088,0.68185,0.49854,0.5395,0.65915,0.71435,0.80644,0.65925,0.74366,0.28275,1.2067,0.73656,0.36683,0.54797,0.61589,1.0842,0.5401,0.54012,0.71076,0.46539,1.1309,0.75966,1.2565,0.96225,1.5086,0.38982,0.52734,0.42687,0.59379,0.75718,0.76379,0.59266,0.56757,0.65758,0.87328,0.77846,0.33549,0.5154,0.65678,0.51755,0.32688,0.90125,0.73271,0.56961,0.52003,0.69815,0.70255,1.2019,0.59578,0.46239,0.6046,0.85081,0.44978,0.6041,0.73627,0.77756,0.83519,0.9365,0.47433,0.61646,0.38217,0.47976,0.49231,0.93987,0.93068,1.0331,1.0951,1.1739,0.89017,0.98397,0.95383,0.37236,0.4229,1.1319,0.93417,0.67255,0.3939,0.55033,1.1061,0.47274,0.45673,0.49815,0.38285,0.78211,0.52355,0.61654,0.62904,1.1132,0.57846,0.42352,0.70789,0.57307,0.43757,0.41655,0.84585,0.34262,0.27763,0.71811,0.46335,0.58788,0.59119,0.39519,0.70631,0.82647,0.42572,0.91118,0.5073,0.30887,0.39225,0.92306,0.60098,0.92162,0.59058,0.60288,0.78915,1.0069,0.94793,1.3123,1.2363,1.3599,0.52777,0.33098,0.50133,0.65091,0.56856,0.65115,0.47829,0.74413,0.4177,1.0157,0.89352,0.88369,0.6936,0.45112,0.79808,0.5313,0.73217,0.59133,1.4215,0.97034,1.0578,0.2913,0.52381,0.59212,0.56741,0.84066,0.44948,0.62052,0.54811,0.69911,0.66244,0.94709,0.46221,0.65152,0.47348,0.78663,0.67984,0.45791,0.55702,0.62458,0.28641,0.38512,0.44146,0.72986,0.85936,0.94721,1.0585,0.74561,2.9877,2.9887,0.5308,0.2772,0.47442,0.41349,0.32413,0.25719,0.46028,1.3337,1.3097,0.75135,1.2225,1.1072,0.46347,0.51817,0.70888,1.449,0.81183,0.73414,0.42426,0.83274,0.71977,0.68724,0.34506,0.37815,0.8484,0.68137,0.5172,0.47803,0.6028,0.90271,0.47489,0.66813,0.55956,0.74718,0.59213,0.59797,0.45898,0.708,0.51472,0.61597,0.55638,0.92788,0.52692,0.99646,0.56378,0.91122,0.30209,0.41196,0.8889,0.48479,0.7133,0.2378,0.7842,0.81381,0.48232,0.43964,0.64522,0.62516,0.82824,0.53351,0.39165,0.5073,0.78593,1.0138,0.49833,0.54978,0.49128,0.34796,0.64682,0.2876,0.7221,0.66819,0.927,0.64682,0.78541,0.94121,0.81114,0.44764,0.32453,0.48838,0.84189,2.86,0.86474,1.2053,0.9355,0.41283,1.1598,0.7162,0.3878,0.63088,0.72892,0.42374,0.5513,0.5816,0.37042,0.63673,0.51663,0.35768,0.41927,0.42191,0.75494,0.67249,0.47665,0.61759,1.0723,0.92072,0.39941,0.87678,0.35463,0.72259,0.55199,0.58903,0.59904,2.3177,0.57378,0.40989,0.34852,0.23491,0.37621,0.35947,0.37958,0.59965,1.0003,0.57096,0.78886,0.62916,0.43085,0.50695,0.68985,0.369,1.1966,0.43846,0.62623,0.49873,0.31327,0.50862,0.41804,0.39989,0.53419,0.41553,0.49203,0.95448,0.81489,1.154,0.80703,0.57612,0.34926,0.32459,0.78674,0.88991,0.8232,0.57538,0.60673,0.61274,0.49079,0.94411,0.38892,0.39353,0.95074,1.5438,1.2465,0.47324,0.61706,0.7386,1.6961,1.0633,0.29011,0.70435,0.40057,0.46185,0.53356,0.33843,0.54686,0.79115,1.1962,0.52725,0.27734,0.23305,0.27223,0.5841,0.63832,0.7036,0.54241,1.4378,1.1116,0.93275,0.4153,0.53242,0.46519,0.27341,0.43461,0.56951,0.53671,0.78108,0.83562,0.97046,0.96979,0.5106,0.41508,0.7502,0.74659,1.3519,1.4693,0.40331,0.94423,0.73875,0.70872,0.63038,0.9397,1.0258,0.32119,0.72298,0.70594,0.73742,0.53952,0.71814,0.6341,0.43084,0.30777,0.51761,1.092,0.27127,1.1043,0.39901,0.73476,1.0591,0.62534,0.19642,0.59412,0.43704,0.39846,0.66131,1.2484,2.4122,0.95582,0.76909,0.71169,0.47047,0.53338,0.67046,0.58864,0.41998,0.32225,0.64268,0.55334,0.77439,0.60047,0.49414,0.4304,0.32803,1.3115,2.8707,1.5647,0.43027,0.39571,0.75579,0.39312,0.46465,0.74322,0.52896,0.30926,0.34178,1.3968,0.46228,0.36342,0.78919,1.0155,0.57522,0.19312,0.46551,0.51977,0.47115,0.60678,0.24665,0.33245,0.78464,0.78241,0.45128,0.7172,1.0215,0.45448,0.62457,0.78104,0.56007,0.92807,1.0228,0.33279,0.49483,0.61102,0.94789,0.3086,0.66701,0.61891,0.35221,0.61281,0.99956,0.48873,1.6403,1.639,0.71356,1.1394,1.4383,0.60337,0.73808,0.82307,0.88792,0.54834,0.53851,0.98903,0.8821,1.264,0.60871,0.81181,0.4358,0.37171,0.55139,0.56101,0.34594,0.48663,0.63615,0.56194,0.49024,0.95103,1.3258,0.55605,0.28225,0.4382,0.67852,0.66307,0.7976,0.42637,0.35498,0.60814,0.45918,1.2939,0.44317,0.47185,0.68741,0.6323,0.56067,0.30448,0.34304,0.34485,0.68468,0.78607,0.45256,0.48868,0.34404,0.26436,0.55734,1.0106,0.64021,0.5408,0.61562,0.3946,0.61947,0.59678,0.47761,0.46752,0.58018,0.4408,0.59339,0.39633,0.77821,0.94515,0.5687,0.7713,1.2604,0.9667,0.3771,0.9519,0.71506,0.59143,0.34498,0.46587,0.22243,0.41389,0.7099,0.66054,1.476,0.5655,0.56918,0.59914,0.67662,0.47159,0.48221,0.60626,0.32789,0.46295,0.53632,0.57189,0.63634,0.4518,1.0504,1.1603,0.55075,0.30992,0.67875,0.3796,0.8071,1.5144,0.86861,0.97557,0.57114,0.46177,0.51618,0.55536,1.135,1.3553,0.47852,0.68948,0.27006,0.64173,0.7404,1.1581,0.6653,0.51675,0.44529,0.76567,0.80441,0.43578,0.42733,0.38248,0.30432,0.66823,0.96967,0.48273,0.85174,0.65892,0.39261,0.46634,0.58456,0.58778,0.49194,0.37806,0.4706,1.0145,0.55641,0.7764,0.69599,0.6801,0.62973,0.61204,0.58798,0.6621,1.5096,0.59612,0.28365,1.0109,0.38602,0.82005,0.36646,0.6931,0.50069,0.67489,0.62649,0.69611,0.61835,0.86867,0.87902,0.69389,0.35246,0.34903,0.70028,0.75881,0.47883,0.47655,0.80532,0.69078,0.93323,0.71658,0.76422,0.34635,0.40289,0.91267,0.82341,1.2059,0.59696,0.63097,0.6393,0.63894,0.45271,0.56408,0.59005,0.7982,0.77499,0.88244,0.26093,0.51069,0.48875,0.49596,0.7133,0.78559,0.7297,0.4823,0.51631,0.97877,0.59739,0.61626,0.4242,0.60136,1.0606,1.2206,0.98236,0.48951,0.71108,0.28115,0.43995,0.36685,0.5777,0.6046,0.61124,0.34192,0.53308,0.9962,0.69896,0.54842,0.69398,0.55013,0.53874,0.49019,1.1441,0.6681,0.62304,0.84425,0.41002,0.83299,0.44101,0.90246,0.83512,0.60957,0.46397,0.3333,0.38272,1.0645,1.7548,1.0038,0.73695,0.54543,0.58745,0.74512,0.74565,0.42166,0.82386,0.7303,0.71217,0.47903,0.57781,0.53854,0.50464,0.5186,0.61616,1.4103,0.49276,0.46219,0.4143,0.45075,0.69424,0.50973,0.97815,0.31739,0.48231,0.57299,0.63786,0.82817,0.67941,0.68083,0.55671,0.48253,1.0334,0.34326,0.64242,0.39002,0.6315,0.59714,0.91719,0.45147,0.77607,1.6169,0.7722,0.54807,0.65559,1.2121,0.889,0.59766,0.48098,0.43184,0.43951,0.43678,0.58617,1.0428,0.80072,0.61033,0.41646,0.57027,0.5496,0.58953,0.55558,0.27381,0.95111,0.46876,0.84813,0.47985,0.53569,0.3846,0.49028,0.96487,0.41173,0.67783,0.69076,0.50018,0,0.83432,0.68204,0.62947,1.3491,1.1993,0.33242,0.24744,0.53498,0.58403,0.38669,0.48488,0.64094,0.43263,0.91874,0.79448,0.39042,0.78961,0.56155,0.51634,0.67404,0.84347,0.69408,0.46624,0.69966,0.76833,0.26668,0.70616,0.79366,0.97652,0.42495,0.48849,0.50122
1.1958,0.43169,0.37403,0.47955,0.53349,0.59526,0.32263,0.35138,0.38326,0.52286,0.24294,0.67975,0.30696,0.39967,0.35424,0.3204,0.40857,0.27433,0.64615,1.06,0.5184,0.54246,0.45839,0.76988,0.35289,0.58592,1.3821,1.3612,1.3068,0.95231,0.52335,0.84044,0.66979,0.28347,0.62372,0.65738,0.79059,0.52781,0.42022,0.20021,0.88327,1.3146,0.87733,0.33238,0.69203,0.56459,0.77967,1.5604,0.69341,1.1283,0.88244,0.48257,0.44497,0.66032,0.54532,0.73236,0.47248,1.0507,0.69627,0.34141,0.46485,0.38023,0.62681,0.48433,0.60998,0.34853,0.58343,0.76228,0.66211,0.68723,0.53721,0.32574,1.1477,0.69283,0.5111,0.89119,0.66886,0.5004,0.70222,0.43583,0.26812,0.74508,0.55197,0.38914,1.3086,0.41743,0.83871,0.64749,0.41155,0.49819,0.55568,1.1424,0.76503,0.19312,0.36891,0.82199,0.65374,0.54459,0.89457,1.6011,0.28818,0.50187,0.39932,0.52882,0.75036,1.5568,1.1336,1.4294,1.0078,0.90216,1.0937,1.4306,0.57271,0.6542,0.62933,0.70306,0.54116,0.56209,0.55742,0.95685,0.60571,0.58317,0.74949,1.1239,0.85358,0.68538,1.5221,1.2525,0.71299,0.49971,1.0736,0.60501,0.79954,0.80964,0.55838,0.54018,0.42786,0.64806,0.73889,0.58664,0.66939,0.82144,0.70093,0.60714,1.1164,0.44321,0.25479,0.48684,0.90673,0.86094,0.54575,0.81423,0.64059,0.73385,0.52905,0.66167,1.2509,0.45986,0.6296,0.87741,0.40044,0.52193,0.37114,0.49528,0.55653,0.72359,0.53827,0.52558,0.70478,0.28204,0.28865,0.56697,0.79695,0.72918,0.62166,0.63653,0.84728,0.68712,0.91203,0.81093,0.85517,0.6114,0.60794,0.69204,0.51122,0.79873,0.6381,0.96128,0.50571,0.78397,0.48025,0.26555,0.60313,0.79481,0.55747,0.62474,0.32228,0.2672,0.74221,0.76906,0.35203,0.55848,0.7543,0.72195,0.47011,1.0595,0.33455,0.71982,0.99943,0.4183,0.63304,0.88761,0.48686,0.42264,0.3959,0.34945,0.62931,0.59466,0.20137,0.38079,0.51383,0.82547,0.49527,0.56469,0.79305,0.94874,0.57893,0.72958,0.97581,0.71294,0.32211,0.42905,0.65976,0.64779,0.81889,0.87932,0.876,0.713,1.259,0.75347,0.69361,1.3209,0.42971,0.7694,0.33284,0.63748,0.71864,0.63245,0.63398,0.4118,0.60354,0.62686,0.61599,0.51399,0.36466,0.7964,0.34903,0.74307,1.0844,0.47507,0.51326,0.36086,0.32216,1.0923,0.37328,0.66753,0.49071,0.41038,1.2006,0.95464,0.85477,1.2486,0.49432,0.76984,0.91051,0.58429,0.44855,0.71046,0.5804,0.49259,0.46859,0.34387,0.84038,1.0061,0.7684,0.57494,0.5896,0.62826,0.82083,0.54333,0.58819,0.93934,0.5379,0.66384,0.77592,0.55164,0.73818,0.79187,0.73382,1.0736,0.30343,0.45958,0.56988,0.82193,0.50583,0.31653,0.394,0.47122,0.69651,0.46994,0.64816,0.58204,0.79753,0.68202,0.44509,0.32333,0.61404,0.76195,0.75743,0.73379,0.78553,0.62865,0.37965,0.56904,0.93471,0.54806,0.77033,0.64193,0.56996,0.78462,0.81009,0.76797,0.38881,0.58831,0.6524,0.53765,0.44479,0.92345,0.71407,0.61002,0.51758,1.0749,0.34259,0.39848,0.66012,0.61269,0.44443,0.48685,0.62974,1.1304,0.23738,0.62368,0.58302,0.7982,0.43127,0.27776,0.50617,1.0502,0.38672,0.61716,0.78628,0.47439,0.85015,0.76671,0.53685,1.0462,0.88531,0.88579,0.73314,0.33462,0.57642,0.54329,0.65637,0.52028,0.67895,0.90385,0.71427,0.56453,0.56932,1.3205,1.0259,0.60989,0.47895,0.35011,0.57632,0.47865,0.56955,0.50873,0.41666,0.59062,1.023,0.66752,0.66048,0.32378,0.53955,0.55774,0.88487,0.4468,0.79604,1.0539,0.7437,0.62482,1.3129,0.87743,0.91301,0.68861,1.2005,1.1785,1.0666,0.82276,0.66808,0.33309,0.46698,0.49901,0.36066,0.25067,0.52098,0.8922,0.6905,0.4303,1.3206,0.84399,0.37964,0.72377,0.43981,1.1532,0.77676,0.52834,0.70441,0.69105,0.92193,0.37849,0.43679,0.81742,0.61578,0.38603,0.82956,0.38115,0.44395,0.80533,0.78245,0.49828,1.0448,0.25085,0.44911,0.55449,1.1915,0.9427,0.64147,0.32822,0.85454,0.89429,0.8056,0.79087,0.6419,0.76995,0.6025,0.37163,0.31817,0.33901,0.57011,0.48057,0.58622,0.68794,0.58403,1.0122,0.91623,0.65368,0.79344,0.72092,0.72546,0.73126,0.48743,0.42908,0.71455,1.0699,0.67931,0.8142,0.78337,0.3941,0.60739,0.32985,0.4439,0.28186,0.97082,0.95818,0.74506,0.59725,0.24311,0.70185,0.68168,0.85272,1.1571,0.7352,0.41553,0.75431,0.38839,0.42262,0.74713,0.87646,0.48571,0.72114,0.90869,0.35821,0.56037,0.63634,0.59297,0.65907,0.59463,0.50806,0.42354,0.60583,0.78706,0.47351,0.78234,0.99147,0.77261,0.50307,0.5649,0.3944,0.29157,0.76917,0.78306,1.0295,0.50955,0.52309,0.57633,0.42923,0.52475,0.61989,0.72384,0.50705,0.38461,0.25747,0.53563,0.44855,0.68845,0.83572,1.0633,0.81119,0.55862,0.62098,0.50119,0.70702,1.0601,1.2157,0.87864,0.52768,0.3315,0.64951,0.41041,0.44413,0.8584,0.41928,0.48162,0.75431,1.0157,0.64555,0.62295,0.3352,0.45183,0.98962,0.57658,0.49591,1.5876,0.71454,0.31478,0.50105,0.5893,0.65693,0.63822,0.42979,0.5077,0.71859,1.1125,0.36019,0.60321,0.62159,0.56264,0.7686,0.72642,0.87012,0.80903,0.6356,0.27793,0.77194,0.56261,0.8809,1.1908,0.76371,0.7298,0.35212,0.67974,0.65908,0.81049,0.71142,0.57691,0.60905,0.80849,0.24943,0.85834,0.70468,0.76453,0.4187,0.62938,1.1938,1.1048,0.83161,0.63731,0.65375,0.87722,0.65255,0.79609,0.37087,0.92838,0.71028,0.32551,0.44903,0.40346,0.61888,0.64362,0.57435,0.90451,0.67658,0.97325,0.53257,0.55478,0.41324,1.4303,0.75691,0.39121,0.34631,0.61303,0.9405,0.81051,0.7101,1.0051,0.78933,0.63446,0.47889,0.47265,0.27867,0.83377,0.66137,0.45406,0.42639,0.61207,0.92713,0.49775,0.7106,0.63088,0.5857,0.62726,0.78772,0.76571,0.57685,0.55543,0.58699,0.23791,0.44574,0.47742,0.78694,0.60114,0.53455,0.31295,0.81894,0.60926,1.6245,0.70919,0.75972,0.65994,0.76409,0.47857,1.0526,0.84719,1.3955,0.85278,1.0358,0.40703,1.0499,0.3514,0.40734,0.63618,0.64521,0.31887,0.34178,0.3717,0.61582,0.78251,0.57484,0.62413,0.83235,1.0108,0.90159,0.6061,0.67588,0.74537,0.49771,0.57088,1.0151,0.83581,0.84462,1.0711,1.0146,1.1817,0.6069,0.53482,0.84953,0.83589,0.6298,0.83848,0.602,0.64704,0.95919,0.29328,0.45083,1.022,0.83341,0.813,0.46628,0.63734,0.48141,0.51276,0.5222,0.61688,0.60622,0.72377,0.54575,0.61735,0.59099,0.41642,0.71139,0.57948,0.97572,0.37726,0.43803,0.80465,0.92593,0.94005,0.88488,0.92446,0.37902,0.79203,0.60215,0.9109,1.0238,0.44313,0.8919,0.47251,0.35962,0.25316,0.48934,0.49466,0.55128,0.62763,0.46428,0.59513,0.45589,1.0262,0.65922,0.89989,0.51595,0.71515,0.36566,0.7987,0.41169,0.55547,0.63364,0.52609,0.51917,1.0042,0.69562,0.67436,0.82116,0.62976,0.68992,1.0912,1.1299,0.68527,0.72724,0.51866,0.5251,0.45449,0.68549,0.38557,0.63902,0.66205,0.45871,0.80208,1.4753,0.7579,0.97324,1.0985,0.51376,1.0746,0.79121,0.80349,1.0643,1.015,0.3855,0.4298,1.2328,0.66544,0.72345,0.32877,0.53477,0.89544,0.55075,0.64196,0.46385,0.37245,0.19385,0.81216,0.68124,0.55457,0.18049,0.36499,0.48063,0.5947,0.52493,0.74551,0.85434,0.32205,0.79408,0.47682,0.28993,0.93002,0.83212,1.0637,0.33235,0.96005,0.59977,0.37725,0.42458,0.39327,0.53013,0.71039,0.79765,0.87093,0.76008,0.86521,1.0553,0.76671,0.30135,0.96705,0.46256,0.66145,0.47096,0.60211,0.66478,0.52334,1.5065,0.85775,0.53188,0.37189,0.49754,0.7934,0.60513,0.23442,0.37915,0.50375,0.57729,0.71547,0.40501,0.33638,0.60667,0.83008,0.56863,1.1955,0.6047,0.9305,0.9718,0.60679,0.30281,0.46809,0.41643,0.61768,0.89226,0.45936,0.56586,0.6478,0.63632,0.71007,0.3978,0.22385,0.75147,0.69701,0.7772,1.366,0.60321,0.91812,0.3964,0.36591,1.0267,0.73275,0.54614,0.58731,0.55634,0.76314,0.95282,0.73549,1.2783,0.984,0.55051,0.39824,0.40028,0.8479,0.96532,0.45131,0.32804,0.56015,0.72661,0.72671,0.46223,0.47587,0.85556,0.83723,0.41443,0.43843,0.76441,0.54981,0.62607,0.60009,0.78247,0.89685,0.44167,0.62559,0.72311,0.7617,0.92794,0.50123,1.2635,0.57353,0.6775,0.67805,1.1618,0.72432,0.40271,0.53844,0.87371,0.50515,0.39705,0.48544,0.64372,0.58577,0.62428,0.45023,0.82361,0.40234,0.96105,0.66987,0.40983,1.1661,0.50883,0.78916,0.32724,0.62661,0.42208,0.5036,0.59099,0.78628,0.89392,0.62487,0.64444,0.39039,0.52055,0.33386,0.40812,0.49755,0.75812,0.53774,0.76786,0.65681,0.54763,0.53453,0.49525,0.64663,0.52454,0.34501,0.62647,0.60365,0.57594,0.49618,0.57903,0.47875,0.80976,0.7873,0.59643,0.31949,0.3857,0.26467,0.80933,0.41568,0.63967,0.61073,0.85764,0.52626,0.2522,0.79019,1.0282,0.71856,0.56167,0.3873,0.33406,0.41391,0.72358,0.41603,0.61635,0.39781,0.61693,0.47532,0.37502,0.63347,0.66731,0.69944,0.79439,1.0437,0.67797,0.76718,0.33035,0.62324,0.70506,1.2112,0.87276,0.82694,0.56909,0.36403,0.41641,0.60803,0.94962,0.80719,0.67662,0.53274,0.49315,0.79675,0.8028,0.95363,0.76911,0.84139,0.66925,0.40147,0.48988,0.34272,0.58412,0.43697,0.31291,0.57143,0.74796,0.32512,0.9491,0.37151,0.56063,0.59565,0.61529,0.63293,0.47508,0.21069,0.63614,0.37641,0.50012,0.59197,0.72353,0.71822,1.3944,0.79401,0.96707,0.56279,0.42773,0.53123,0.58296,0.42708,0.4601,1.0926,0.91405,0.7058,0.51285,0.24269,0.50664,0.81343,1.3818,0.69199,0.92704,0.58681,0.67722,0.51488,0.6777,0.62002,0.93567,0.64782,0.82339,0.68047,0.55309,0.32306,0.57017,0.63038,0.2721,0.47962,1.1081,0.77121,0.35716,0.72839,0.76822,0.4033,0.63067,0.70988,0.47892,0.70051,0.46152,0.76051,0.66145,0.50719,0.68864,1.0087,0.32115,0.97679,0.93627,0.38556,0.66572,1.1409,0.75714,0.79348,0.55911,0.83138,0.41719,0.71638,0.38735,0.4282,0.61863,0.63051,0.70404,0.93777,0.67514,0.67048,0.33453,0.32836,0.49996,0.60929,0.38211,0.42087,0.56937,0.59622,0.5944,0.45054,0.5939,0.62526,0.76026,0.7212,0.7491,0.53239,0.8824,0.5393,0.43885,0.64671,0.50423,0.8939,0.89033,1.839,0.83158,0.70926,0.51404,0.29754,0.38159,0.64369,0.30077,0.52852,0.71223,0.46035,0.44855,1.0186,0.7446,0.89447,0.99208,0.88255,0.5373,0.74367,0.70812,0.52935,0.20335,0.33019,0.71819,0.36563,0.74944,0.55758,0.67788,0.38415,0.40741,0.8608,0.45706,0.87384,1.212,0.39033,0.59425,0.78628,0.35798,0.65147,0.59534,0.55302,1.2192,0.87325,1.4906,0.65082,0.37168,0.27189,0.64669,0.97082,0.68842,0.92753,0.83785,0.57397,0.26075,0.71362,0.32318,0.40598,0.7939,0.97394,0.60004,0.35602,0.50142,0.66175,0.60691,1.2884,0.58001,0.76353,0.33884,0.51089,0.49125,0.69286,0.4295,0.32561,0.21376,0.58853,0.29734,0.4247,1.1549,0.67261,0.72235,0.73035,0.36848,0.8226,0.49541,0.27772,0.44639,0.3291,0.41012,0.5054,0.38713,0.38195,0.64774,1.2354,0.80207,0.54811,0.34968,0.45003,0.76446,0.46328,0.59418,0.49441,0.61346,0.74651,0.55521,0.3443,0.80335,0.65069,0.33953,0.34193,0.39809,0.42754,0.92611,0.741,0.81813,0.40525,0.82568,0.49084,0.43224,0.45067,0.23064,0.99739,0.77351,0.45235,0.69445,0.67326,0.69008,0.98148,0.68536,0.30533,0.636,0.57307,0.99614,0.65159,0.75725,0.29083,0.89065,0.26474,0.62886,0.42048,0.54563,0.24987,0.45853,0.54353,0.49878,0.66765,0.73717,0.58698,1.146,1.1964,0.70638,0.57923,0.82094,0.75336,0.61949,0.63353,0.55296,0.56688,0.61187,0.35087,0.65605,1.0226,1.0199,0.53712,0.70579,0.7898,0.8452,0.52172,0.4134,0.47304,0.38351,0.87709,0.73443,0.55576,0.41819,0.72674,0.67016,0.89791,0.70728,0.2806,0.40766,0.79111,0.5914,0.56573,0.34647,0.63608,0.75909,0.80567,0.66172,1.0084,0.41096,0.21574,0.44216,0.44943,0.58378,0.58739,0.91661,0.62476,0.75921,0.69468,0.56375,0.5085,0.50455,0.44468,0.58688,0.67111,0.39436,0.73148,1.0205,0.84868,1.4385,0.60451,1.2204,2.3911,0.56185,0.5637,0.60805,0.59455,0.57364,0.66763,0.73219,0.46513,0.43968,0.67665,1.0992,0.54735,0.53329,0.49846,0.64679,0.32177,0.57444,0.30224,0.49765,0.81034,0.93453,0.75211,1.2031,0.48273,0.64023,0.44261,0.50611,0.72011,0.4904,0.42418,0.42621,0.52733,0.626,0.38841,0.58124,0.61463,0.30029,0.66312,0.76111,0.93677,0.49939,0.5175,0.64129,0.54027,0.69262,0.53919,0.61443,0.57885,0.63715,0.74064,0.50116,0.75393,0.85906,0.95845,0.59008,0.85592,0.79517,0.78098,0.49242,0.43892,0.52349,0.90414,0.884,0.5004,0.29208,0.4695,0.46989,0.38371,0.47873,0.9622,0.59967,0.68583,0.65566,0.81678,1.0409,1.149,0.84311,1.0324,0.60403,0.36662,1.0199,0.75764,0.70585,0.58497,0.48624,1.201,0.5908,0.88479,2.4286,0.84484,0.34008,0.29504,0.28704,0.59536,0.76602,0.31539,0.78327,0.89786,0.54029,0.82075,0.66768,0.53991,0.6233,0.40901,0.55987,0.5901,0.59684,0.89131,0.71547,0.58118,0.51775,0.53455,1.0192,0.53645,0.44975,0.77574,0.70448,0.66013,0.47829,0.67803,1.0948,0.71308,0.52549,0.86914,0.60637,0.44322,0.24499,0.64098,0.54293,0.72665,0.60737,0.7258,0.40965,0.70252,0.75462,0.80328,0.88935,0.95841,1.4282,1.0526,0.92012,0.52767,0.49742,0.8599,1.1308,0.67981,0.88936,0.4712,0.79915,0.74096,0.8159,0.38748,0.43371,0.49498,0.42655,0.35989,0.84016,0.3984,0.49262,0.56005,0.41477,0.55374,0.4715,0.26021,0.35376,0.43711,0.39514,0.74986,0.51334,0.54545,0.44433,1.0145,0.97892,0.73369,0.90819,0.40557,0.75947,0.47141,0.6189,1.3339,0.58767,0.68082,0.56358,0.44098,1.0022,0.89672,0.70628,0.5369,0.35105,0.45495,0.64062,0.45862,0.25039,0.31751,0.64043,0.38048,0.78208,0.43192,0.63813,0.42638,0.91832,0.45959,0.859,0.58837,0.81778,0.6982,0.68554,0.5625,0.53087,0.84253,0.44237,0.59192,0.71082,1.8073,0.63566,0.71783,0.40255,0.32321,0.48718,0.20167,0.63464,0.66777,0.63175,0.5795,0.51893,0.32596,0.82024,0.41821,0.81665,0.57284,0.5801,0.64101,0.33543,0.42747,0.44417,0.69486,0.42518,0.44024,0.45809,0.76276,0.4522,1.3198,0.7412,0.70112,0.47486,0.62124,0.46347,0.6911,0.80152,0.69022,0.29334,0.44291,0.67329,0.42219,0.58489,0.82487,0.79866,0.54608,0.53638,0.37259,0.55202,0.70755,0.57146,2.7956,1.8151,0.68852,0.57022,0.84304,0.82345,0.78782,0.89916,0.62817,0.84503,0.49373,0.35411,0.31657,0.60678,0.47297,0.60012,1.454,0.77171,0.93557,0.76356,1.2114,0.52022,0.5288,0.38484,0.37638,0.76105,0.7556,0.2907,0.40905,0.67455,0.40594,0.85862,0.45388,0.6906,0.50156,1.0982,0.40894,0.96582,0.4561,0.99536,0.24113,0.31205,0.22377,0.72656,1.1659,0.45229,0.65072,1.3003,1.1421,0.97975,0.56972,2.4001,0.29173,0.16732,0.39612,0.6534,0.92369,0.71793,0.53374,0.4233,0.53813,0.87829,0.31636,0.37424,0.53488,0.63676,0.46184,0.32673,0.33956,0.71482,0.57861,0.55942,0.71741,0.44074,0.55298,0.50286,0.89416,0.89098,0.61591,0.66288,0.32246,0.69439,0.73647,0.38617,0.32003,0.50355,0.46741,1.2575,0.6671,0.42707,0.4885,0.62403,0.40742,0.34152,0.58788,0.53303,1.018,1.2646,0.74314,0.31257,1.1968,0.82313,0.70335,0.63063,0.79586,0.41108,0.83444,0.45866,0.89803,0.57796,0.47851,0.62028,0.73242,0.44342,0.86471,0.98508,0.78131,0.64687,1.0656,0.83613,0.74583,0.72812,0.79828,0.50693,1.2017,1.1901,1.0102,1.2396,0.81101,0.55851,0.61945,0.71844,0.77677,0.53841,0.30162,0.29946,0.39378,0.61724,0.74399,0.31343,0.50319,0.83983,0.65256,0.59449,0.53877,0.50854,0.53631,0.87307,0.57123,0.37056,0.37253,0.6048,0.59237,0.56258,0.45265,0.66305,0.77416,0.73001,0.54618,0.47397,0.43965,0.73966,0.74366,0.43156,1.0553,0.73685,0.34258,0.72887,0.54392,0.79482,0.44136,0.76371,1.8398,3.2467,1.0224,0.99925,1.4274,0.71841,1.3008,0.73212,1.1309,0.61198,0.29007,0.8616,1.0504,0.89783,0.64865,0.88146,0.50235,0.43378,0.52193,0.70171,0.82876,0.61887,0.407,0.62136,0.58229,0.7949,0.59234,0.56729,1.2109,0.71394,0.52073,0.96109,1.2916,1.0549,0.82353,0.56734,0.96172,0.45479,0.69307,0.43439,0.58753,0.59907,0.46734,0.30722,0.31448,0.55163,1.3603,1.4889,0.77395,0.34141,2.9423,5.2398,0.49115,0.59335,0.75067,0.72808,0.60651,0.85987,0.59301,0.41561,0.63261,0.8002,2.0789,0.7348,0.41181,0.44693,0.64798,0.79864,1.0241,1.2073,0.4859,0.61452,0.58741,0.30739,0.2956,0.6709,0.89,0.59731,0.77676,0.50075,0.45281,0.76134,0.62365,0.51029,1.0693,0.84621,0.844,1.0314,0.81097,0.67464,0.3154,0.78998,0.65294,0.45605,0.77413,0.74184,0.47646,0.76472,0.73374,0.4788,0.67136,0.48096,0.47304,0.40144,0.6256,1.0271,0.6377,1.0029,0.62264,0.42801,0.74804,0.36076,0.39327,0.57181,0.5473,0.59072,1.0824,0.81529,0.45261,0.41254,0.39831,0.62278,0.51537,0.34169,0.4554,0.6743,0.58847,0.59422,0.74118,0.61405,0.6176,0.76076,0.68669,0.79983,0.71383,0.92452,0.69481,0.62336,0.46927,0.80755,0.61084,0.45389,0.40565,0.87371,0.84991,0.75045,0.51981,0.7986,0.79128,0.76636,0.67802,0.72538,0.61179,0.90059,0.71368,0.59514,0.68102,0.67214,0.45532,0.52332,0.42915,0.44519,0.65614,0.64473,0.69485,0.68738,0.75766,0.57201,0.75955,0.65239,0.47229,0.4302,0.56005,0.48129,0.6991,0.83663,0.80366,0.54877,0.97745,0.53211,0.38341,0.60892,0.52761,0.88015,0.54856,1.1992,0.52778,0.87996,0.97172,0.50906,0.44265,0.56478,0.72157,0.58484,0.67451,0.59836,0.66131,0.56881,0.41542,0.55257,0.62902,0.71221,0.58884,0.53246,1.0906,1.2998,0.58364,0.5863,0.92777,0.44392,1.3069,0.39257,0.52827,0.76122,0.6864,1.3168,1.1383,0.2957,0.44269,0.52573,0.92212,0.95415,0.58769,0.63619,0.63764,0.62015,0.81947,0.97429,0.4789,0.50896,0.37864,0.48235,0.36902,0.76479,0.74433,0.98526,0.95403,0.62481,0.37703,0.36708,0.65039,0.60188,0.62709,0.69428,0.42635,0.50816,1.9701,0.72214,0.69324,0.30661,0.42629,0.2788,0.70776,0.36008,1.709,0.78289,0.53954,0.54704,0.84777,0.71714,1.037,0.66656,0.96851,0.54273,1.4467,0.56696,0.95383,0.68289,0.66018,0.68768,0.45111,0.89737,0.65047,0.59842,0.96105,0.43132,0.52063,0.76427,0.47355,0.79293,0.6281,0.82069,0.42056,0.47012,0.43878,0.88619,0.65335,1.2916,0.75936,0.60758,1.1978,0.34429,0.57147,0.4158,0.27814,0.71279,0.72549,0.51689,0.33105,0.59669,0.66792,0.75296,0.38114,0.46646,0.7051,0.90779,0.64744,0.54363,0.30526,0.55941,0.73365,0.51187,0.45241,0.79046,0.40477,0.98276,0.43569,1.0436,0.64975,0.58001,0.67449,0.84069,0.80182,0.63579,1.2228,0.90749,0.61393,0.58865,0.65564,0.36845,0.63918,0.48646,0.47948,0.70953,0.37683,0.36043,0.79446,0.42545,0.71726,0.61271,0.57928,0.4036,0.57666,0.3334,0.39848,0.53791,0.71042,0.65637,0.93084,0.62058,0.50849,0.77008,0.94022,0.42872,0.50446,1.0781,0.54056,0.44885,0.65139,0.26376,0.41902,0.99134,1.6527,1.0998,0.84136,0.37522,0.41201,0.55993,0.50562,0.60746,0.52917,0.62046,0.73656,0.43935,0.71616,0.60854,0.78461,0.67378,0.56401,0.90661,0.42761,1.0091,0.60969,0.58402,0.73901,0.98256,0.73655,0.56795,0.71341,0.24143,0.51439,0.24953,0.39651,0.35323,0.31541,0.7993,0.88836,0.73669,0.60372,0.52706,0.28677,0.3274,0.6453,0.48465,0.71341,0.8284,0.62536,0.75492,0.46032,0.50454,0.54066,0.82168,0.683,0.57688,0.48906,0.3788,0.47046,0.80072,0.59034,0.59054,0.98121,0.81867,0.86488,1.0281,0.68626,0.67221,0.30235,0.79934,1.0301,0.73935,0.4472,0.76572,1.1032,0.74493,0.6665,0.70506,0.25729,0.44114,0.45512,0.40638,0.44838,0.67423,0.71959,0.61766,0.56983,0.78965,0.51038,0.33017,0.50027,0.71067,0.79149,0.86904,0.87002,1.1578,0.93877,0.7923,0.65913,0.93223,0.29065,0.67777,1.2835,0.49464,0.26199,0.5915,0.47422,0.51936,0.69129,0.35681,0.65874,0.41839,0.42731,0.91749,0.98796,0.63067,0.59109,0.27921,0.45585,0.6148,0.39968,0.20463,0.6235,0.6225,0.87988,1.0536,0.61392,0.5981,0.31526,0.96023,0.5761,0.69781,0.70399,0.65205,0.67378,0.73428,0.50362,0.73039,0.63335,0.97354,0.40559,0.81695,1.478,0.66977,0.87282,1.161,0.5511,0.52186,0.44075,0.4385,0.54589,0.31606,1.0119,0.8184,0.88431,0.78092,0.64102,0.62384,0.81814,0.55528,0.30489,0.81932,0.47955,0.66676,0.71475,0.82492,0.65765,0.92116,0.9587,0.90512,0.25157,0.58343,0.84257,0.55865,0.49571,0.53443,0.26358,0.77272,0.41319,0.36073,0.86142,0.37259,0.71661,0.71339,0.5307,0.76404,0.50894,0.83222,0.55602,0.7142,0.44881,1.0085,0.95389,0.48393,0.59748,1.0717,0.35167,0.58575,0.48671,0.87973,0.31344,0.4728,0.92475,0.45139,0.63401,0.56813,0.73985,0.87784,0.98269,1.2529,0.66969,0.67037,1.0687,0.90376,0.77109,0.92348,0.86813,0.93157,0.83635,0.61645,0.85663,0.5202,0.41158,0.47368,0.73903,0.79005,0.78802,0.54144,0.40283,0.43649,0.9783,0.36214,0.6408,0.29442,0.80954,0.64819,0.74969,0.48697,0.45196,0.58532,0.38113,0.80633,0.90455,0.38099,0.5923,0.56439,0.67495,0.48905,0.40994,0.65007,0.45968,0.39774,0.57402,0.52881,0.59641,0.46397,0.65531,0.42399,0.51141,0.68567,0.61952,0.34945,0.85901,0.67998,0.62694,0.45084,0.456,2.2858,0.84487,0.71773,0.67351,1.0348,1.2803,0.42192,0.78696,0.65646,0.95019,1.313,0.45827,0.65735,0.98955,0.39574,0.97339,0.7165,0.53356,0.22106,0.46405,0.87142,0.36825,0.36323,0.62398,0.49539,1.025,0.42175,0.42421,0.42014,0.23636,0.63624,0.40523,0.9116,0.68493,0.73203,0.31793,1.0682,1.0208,0.629,0.85752,0.57225,0.33879,0.80851,0.88475,0.38873,0.78014,0.96017,0.45389,1.2148,1.095,0.72176,0.73863,1.0382,1.167,1.1632,0.70222,0.88641,0.62152,0.79444,0.71166,0.48434,0.83895,0.79941,0.6589,0.56213,0.89399,0.38181,0.67569,0.61273,0.65811,0.42367
1.4466,0.60353,0.93747,0.6892,0.45872,0.47872,0.72359,0.88986,1.1059,0.62614,0.63275,0.67537,0.55285,0.56386,0.60747,0.4407,0.40692,0.15778,0.63251,0.52071,0.34882,0.36254,0.52166,0.58034,0.50366,0.70104,0.98833,1.203,0.48508,0.81909,0.41272,0.67313,0.90618,0.58528,0.5689,0.50424,0.28312,1.0706,0.79984,0.7885,1.1067,0.97686,0.45575,0.65665,0.44902,0.39048,0.59527,0.61171,0.95735,0.56343,0.44194,0.77107,0.65878,0.53408,0.57921,0.2731,0.57113,1.2028,1.7068,0.66384,0.51265,0.37173,0.44933,0.6232,0.37917,0.82678,0.6865,0.27064,0.51713,0.68512,0.38443,0.66084,0.78609,0.52847,0.58829,0.98401,0.50446,0.50746,0.55054,0.83665,0.51202,0.67175,0.34833,0.7662,0.47701,0.55441,0.44509,0.5687,0.6419,0.50661,0.36297,0.66246,0.52017,0.54902,0.26686,0.46079,0.71868,0.82856,1.2316,1.0159,0.41179,0.52957,0.42987,0.53249,0.49652,0.41843,0.56286,0.4851,1.2145,1.4501,0.47023,0.72799,0.70122,0.59967,0.46153,0.74425,0.58882,0.3684,0.7311,0.69679,0.61589,0.90901,0.85325,0.69455,0.62843,0.61298,0.67944,0.65882,0.71309,0.96403,0.79893,0.50552,0.60407,0.61714,0.45116,0.72591,1.1206,0.46731,0.55695,0.80521,0.29539,0.31904,0.48899,0.44312,0.52874,0.73989,0.49871,1.2979,1.0439,0.65193,0.69438,0.78193,1.1327,0.67181,0.47675,0.85477,0.6293,0.40976,0.43203,0.70309,0.59827,0.79067,0.92912,0.67015,0.78692,0.52273,1.1856,1.2622,0.93767,0.76681,0.52835,0.39397,0.45535,0.75311,0.70215,0.62119,0.48758,0.79851,0.90992,0.27381,0.689,0.71643,0.63045,0.52505,0.79427,0.72419,1.2516,0.6082,0.57677,0.46849,0.45933,1.0967,0.49645,0.65701,0.41353,0.40703,0.33239,0.50863,0.36541,0.81895,0.87447,0.8527,0.94985,0.57471,0.72156,0.92027,0.86117,0.352,0.5142,0.93173,0.59455,0.34393,0.40272,0.33966,0.60837,0.68252,0.92435,0.53337,0.62235,0.59718,0.68085,0.82982,0.66395,0.56972,0.87582,1.0986,1.1928,0.64884,0.70562,0.50739,0.37478,0.98351,0.65814,0.69502,0.53498,0.53453,0.73842,0.88571,0.75254,0.57028,0.51635,1.1014,0.51708,0.54812,0.62821,0.62073,1.1069,1.1345,0.85315,0.37177,0.44247,0.86997,0.49767,0.69697,0.64037,0.5124,0.55704,1.0959,0.88336,0.81925,0.61143,1.0378,0.54469,0.60498,0.79161,0.49688,1.0275,0.53998,0.98319,0.55908,0.60379,0.60866,0.82659,0.70543,0.56522,0.56732,0.9125,0.50851,1.0967,0.43161,0.32959,0.70345,0.61051,0.51121,0.82572,0.34925,0.60335,0.77747,0.48507,0.3625,0.33789,0.36587,0.63154,0.28826,0.76266,0.41856,0.59694,0.61054,0.59892,0.62015,0.74866,1.4185,0.62343,0.83067,0.60877,0.35211,0.52876,1.0388,0.74536,0.84379,0.46275,0.68263,0.41769,0.39301,0.41003,0.80863,0.98513,0.78233,0.86507,0.39016,1.1365,0.65892,0.58011,0.62009,0.26887,0.37698,0.80733,1.2172,0.76572,0.4043,0.77435,1.1155,0.40969,0.60962,0.53461,0.60668,0.39441,0.61382,1.0169,0.99894,0.61623,0.24127,0.62588,0.73284,0.55991,0.86109,0.59939,0.63326,0.91269,0.89432,0.80859,1.0206,0.26209,0.62729,0.46036,0.23889,0.68258,0.54962,0.52319,0.86582,0.76089,0.38686,0.9088,0.63001,0.42884,0.94368,0.47366,0.73706,0.90187,0.64658,0.48407,0.65108,0.47299,0.67636,0.45761,1.1851,0.65856,0.89686,0.51206,0.53867,0.40767,0.57723,0.73024,0.81464,0.28031,0.61816,0.48446,0.71403,0.31565,0.57305,0.39021,0.8663,0.65103,0.65915,0.63608,0.52221,0.51337,0.26335,0.5958,0.53426,1.3882,0.66516,0.26246,0.95311,0.58634,0.79846,0.77175,0.46371,0.85288,0.65033,1.3974,0.38805,0.79695,0.99758,0.69842,0.76614,1.019,0.67354,0.59498,0.84669,0.51347,1.5107,1.0507,0.74348,0.87676,0.94579,0.72046,1.2614,0.52201,0.32108,0.48289,0.50712,0.3083,0.3985,0.63249,0.5716,0.80472,0.48453,0.33053,0.27443,0.85565,0.16006,0.80875,0.63466,0.58081,0.89083,0.33664,0.39243,0.36066,0.64685,0.4885,1.1599,0.65752,0.47921,0.39533,0.5834,0.43982,0.81664,0.30167,0.67821,0.89744,0.63496,0.45755,0.41918,0.43447,0.51723,0.29329,0.5929,1.0993,0.83007,0.75186,1.1335,0.53757,0.41771,0.43406,0.36044,0.63032,0.52631,1.0659,0.87511,0.44086,0.67067,0.26269,0.39426,0.32493,0.63775,0.4464,0.54848,0.67818,0.66097,0.20405,0.82905,0.54625,0.41033,0.52354,0.38939,0.54039,0.66115,0.92418,1.6039,0.48522,0.91606,0.63671,0.55796,0.67447,0.48551,0.37707,0.41179,0.27843,0.43897,0.44963,0.40855,0.82501,0.36069,0.55511,0.74516,0.90532,0.54404,0.34736,0.55602,0.576,0.51763,0.42168,0.5199,0.2512,0.7286,0.79841,0.34347,0.68776,0.59824,0.66651,0.79295,0.69699,0.42433,0.4849,0.53858,0.65488,0.55346,0.69158,0.45618,0.6571,0.30745,0.44244,1.0531,0.56496,1.2075,0.57893,0.5226,0.45501,0.56917,0.57546,0.46983,0.99417,0.64645,0.71046,0.95594,0.81572,0.59092,0.25214,0.41311,0.6373,0.76689,0.57963,0.706,0.72943,0.60892,0.84378,0.88468,0.78751,0.82459,0.56501,0.38802,0.46254,0.91329,0.34815,0.31785,0.9187,0.31934,0.53141,0.89782,0.66886,0.69957,0.8034,1.0184,0.44703,0.54556,0.28726,0.33949,0.86376,0.48345,0.56561,0.7242,0.8412,0.58102,0.74211,0.62914,0.71101,0.56778,0.52114,0.28276,0.54915,0.81628,0.55969,0.89852,0.63488,0.48756,1.3646,0.38384,0.40963,1.0164,0.4279,0.70252,1.3464,0.48469,0.44442,0.91434,0.34742,0.41158,0.85322,0.91441,0.66223,0.70387,0.60468,0.65107,0.69903,0.83993,0.45738,0.5788,0.95334,0.68046,0.53617,0.66914,0.93003,0.59988,0.5488,0.63572,0.91962,0.87908,0.39724,0.50135,0.4197,0.86032,0.9433,1.018,0.61645,0.60746,0.52654,0.61785,0.41037,0.36593,0.93218,0.84311,0.70186,0.36765,0.50256,0.85439,0.5274,0.72264,0.51856,0.52605,0.65172,0.56771,0.51843,0.61732,0.55377,0.47414,0.53821,0.40754,0.4763,0.61913,0.82179,0.57613,0.74125,1.0799,0.53244,0.80076,0.4895,0.46158,0.37976,0.29853,0.45156,0.63616,0.71866,0.41411,0.51459,0.87248,0.72604,0.67501,0.68562,0.48982,0.38567,0.69206,0.57518,0.82441,0.40185,0.33359,0.59999,0.54128,0.36611,0.70757,0.89222,0.85914,0.89507,0.67782,0.60362,0.48205,0.46639,0.58303,0.46866,0.62632,2.1234,0.80142,0.80745,0.39912,0.58651,0.19016,0.47232,0.40086,0.86481,0.30998,0.72065,0.59579,0.85344,0.54747,0.53606,0.33049,0.62934,0.42505,0.43642,0.53715,0.43047,0.71276,0.72877,0.54546,0.37714,0.49276,0.53868,0.40422,0.4929,0.84371,0.79885,0.58636,0.85104,0.56945,0.61248,0.47112,0.40114,0.89483,1.1662,0.43975,0.40425,0.39024,0.34128,0.68529,0.52802,0.51993,0.57987,0.37999,1.0901,0.73937,0.66505,0.43789,0.59399,0.54021,0.4874,0.3966,0.81155,0.9235,0.2801,0.48853,0.64799,0.32397,0.70716,1.3945,0.74287,0.32743,0.62592,0.9617,0.823,0.56378,0.33318,0.48022,0.44899,0.74788,0.29525,0.44943,0.46484,0.75806,0.80585,0.9414,0.35641,0.78626,0.53769,0.89828,1.0189,1.0021,0.54093,0.69189,0.84221,0.6244,0.75706,0.63509,1.5332,0.25355,0.52088,0.33783,0.94915,0.59763,1.1981,0.50701,1.2413,0.48963,0.56322,0.68641,0.57597,0.24128,0.15451,0.27763,0.26157,0.52153,0.63782,0.26386,0.78409,0.49271,0.25578,0.49529,0.39315,0.60022,0.45148,0.48058,0.69035,0.40425,0.3001,0.27671,0.29661,0.19084,0.4336,0.65957,0.83487,0.97442,1.2878,0.87118,1.0095,0.67673,0.84634,0.61581,0.76133,0.35762,0.45789,1.1758,1.0185,0.39909,0.83971,0.29696,0.40065,0.49112,0.59709,0.86932,0.80274,1.0982,0.63906,0.46473,1.5347,0.39158,0.58227,0.50045,1.0841,0.81696,0.87606,0.44774,0.5109,0.8818,0.55175,0.55604,0.45983,0.52941,0.71517,1.073,0.52472,0.78424,0.43083,0.83693,0.45995,0.55924,0.67923,0.87705,0.89668,0.44691,0.90371,0.66023,0.7289,1.5591,0.52116,0.615,0.76998,0.62304,1.1062,0.66324,0.60743,0.86156,0.49475,0.62923,0.64634,0.48205,0.69576,0.58243,1.0112,0.77984,0.50722,0.44477,0.57678,0.28913,0.70444,0.38407,0.42725,0.51667,0.38085,1.1589,0.79108,0.32227,0.42346,0.73953,0.64485,1.2039,0.59056,0.33504,0.30271,0.42317,0.4599,0.8462,0.66506,0.55753,0.44739,0.84344,1.065,1.0173,0.5317,0.60229,0.5729,0.43684,0.68595,0.7197,0.4635,0.80136,0.47648,0.47073,0.72314,0.24031,0.76193,0.66134,0.66588,0.59377,0.94456,0.96059,0.51906,0.61239,0.29264,0.25451,0.49781,0.80878,0.634,0.5006,0.74933,0.7113,0.38207,0.91699,0.9896,0.46827,0.88541,0.64968,0.52899,0.76217,0.60251,0.47088,0.65946,0.74067,0.34854,0.37419,0.39216,0.61208,0.65536,0.51793,0.31545,0.34774,0.69102,0.47804,0.85139,0.55497,0.44406,0.33142,0.30467,0.34398,0.73355,0.38777,0.31348,0.36765,0.4391,0.29819,0.42593,1.1869,0.62638,0.80402,0.5516,0.71105,0.64097,0.64671,0.31443,0.59951,0.79917,0.59371,0.88017,0.81124,0.55895,0.93826,0.34387,0.65457,0.38866,0.47735,0.43159,0.78013,0.5882,0.23634,0.81384,0.49963,0.85249,0.60467,0.5204,0.48742,0.9114,1.2206,0.76825,0.46557,0.85312,0.30085,0.61146,1.1128,0.70065,0.71415,0.85962,0.58216,0.47751,0.51046,0.74805,0.59177,0.61673,0.41177,1.0791,0.67959,0.50526,0.72764,0.75292,0.5001,0.77166,0.70372,0.77758,0.57324,0.52047,1.2207,0.36088,0.90283,0.71592,0.55404,0.80931,0.55413,0.75098,0.47495,0.63569,0.45449,0.88655,0.7304,0.45705,0.30744,0.55379,0.64945,0.35103,0.30456,0.43561,0.77103,0.50794,1.1617,0.58994,0.55033,0.71701,0.82267,0.63939,0.7063,0.4522,0.73024,0.58487,0.89892,0.45131,0.2949,0.3849,0.98174,0.70698,0.63996,0.5567,0.6908,0.72122,0.56238,0.88474,0.52694,0.59232,0.49214,0.48406,0.36961,0.22766,0.40071,0.66863,0.7018,0.57117,1.0222,1.5822,0.60673,0.67166,1.0115,0.65607,0.5476,0.78285,1.0771,0.5001,0.27649,0.93385,0.71828,0.44354,0.64549,0.61291,0.50467,0.44967,0.96896,0.31753,0.89014,0.41496,0.62596,0.33507,0.54066,0.89731,0.85795,0.42804,0.42039,0.47438,0.18408,0.44026,0.98602,0.52739,0.87365,0.8577,0.7617,0.6985,0.74093,0.50094,0.64734,0.54634,1.3449,0.9308,0.56002,0.59393,0.82698,0.68274,0.58663,0.34232,0.36491,0.47417,0.5974,0.62413,0.75617,0.49441,0.55707,0.53279,0.7077,0.84331,0.66594,0.86633,0.76037,0.32595,1.0167,0.64551,0.6065,0.59293,0.7229,0.46779,0.83766,1.2272,1.2102,0.56578,0.47851,0.59502,0.4645,0.37889,0.44571,0.72774,0.73259,0.43997,0.28413,0.47459,0.81514,0.77917,0.57083,0.95909,0.41907,1.0559,0.85331,0.76452,0.58112,0.48561,0.81879,0.48485,0.52522,0.52421,0.32302,1.0744,0.60541,0.65299,1.0695,0.42955,0.53362,0.24268,0.35106,0.84194,0.40547,0.65441,0.39022,0.43726,0.69857,0.60061,0.55895,0.56033,0.82353,0.55502,0.63354,0.30544,0.59451,0.41891,0.72472,0.90366,1.0077,0.46992,1.4381,0.44004,0.78113,0.95212,0.83351,0.43321,1.0646,0.67739,0.27594,0.56234,0.70917,0.68381,0.71796,1.5429,0.77707,0.43116,0.73409,1.5095,0.36795,0.46744,0.38863,0.7525,0.72022,0.68315,0.91338,1.3521,0.65715,0.31885,0.41228,0.16748,0.7853,1.4886,0.67997,0.58982,0.23746,0.67623,0.67585,0.47856,0.53636,0.56086,0.33786,0.24463,0.4281,0.38965,0.6753,0.98571,0.26942,0.41579,0.88341,0.68128,0.97818,0.98455,1.2271,0.58946,0.85378,1.1031,0.73188,0.55919,0.65558,0.55872,0.61872,0.38277,0.95166,0.74498,0.96863,0.72475,0.55458,0.51382,0.60983,0.50994,0.62956,0.7869,0.89577,0.77502,0.67214,0.7546,0.67569,0.52992,0.5006,0.45749,0.38223,0.93242,0.7351,0.65503,0.44568,0.67611,0.69199,0.63432,0.77708,0.37105,0.86921,0.76605,0.34824,0.55228,0.63074,0.66649,0.41994,0.68259,0.70347,0.44081,0.75113,0.44056,0.23653,0.45404,0.58919,0.93606,0.62202,0.85202,0.49246,0.39312,0.50747,0.37188,0.3817,0.62033,0.48389,0.7675,1.1625,0.69697,0.69682,0.47454,0.89167,0.48004,0.42367,0.44562,0.60391,0.6856,0.68914,0.81198,1.2506,0.61775,0.86745,0.88132,0.66948,0.60687,1.1711,0.25382,0.65959,0.59752,1.1151,0.80959,1.0119,0.56052,0.60265,0.97881,1.3305,0.82691,0.79958,0.43626,0.3036,0.36348,0.46663,0.4388,0.33286,0.81266,0.31195,0.31391,0.4142,0.60813,0.60331,0.67864,0.63439,0.73348,0.39338,0.58234,1.13,0.52671,0.43942,0.93759,0.30224,0.60711,0.78689,0.4033,0.27896,0.60838,0.48336,0.69813,1.2174,0.63581,1.1301,0.44717,0.41587,0.41569,0.38289,0.55115,0.77756,0.51755,0.53701,0.51417,0.54895,1.1623,0.78161,0.70398,0.41742,0.45123,0.54294,0.89454,0.71096,0.40117,0.3967,0.39973,0.50684,0.65389,0.5185,0.56934,0.84337,0.68262,0.86343,1.3083,1.8476,0.4604,0.4643,0.55431,0.68602,0.62828,0.52237,1.1214,0.43001,0.71861,0.41945,0.5135,0.83412,0.69293,0.29591,0.45608,0.29505,0.21651,0.51097,0.31416,0.3887,0.21728,0.46214,0.66791,0.84437,0.64377,0.59007,0.57111,0.49532,0.45732,0.80524,0.74557,0.59918,0.77623,0.49915,0.6879,1.1672,0.54851,0.65802,0.96752,0.68663,1.1942,0.52251,0.60762,1.1295,0.34305,0.28955,0.56877,0.46562,0.26359,0.49464,0.56813,0.3613,0.90861,0.93867,0.66302,0.78116,0.52261,0.39414,0.50491,0.87203,0.7954,0.64832,0.46022,0.38711,0.62373,0.41821,0.88104,0.88541,0.36144,0.39498,0.78093,0.40711,1.0237,0.78304,0.36405,0.66885,1.0388,0.64377,1.1254,0.40661,0.43361,0.63747,0.60622,0.29111,0.70869,0.69409,0.3855,0.28922,0.33137,0.70518,0.67267,0.44896,0.3998,0.40839,0.38779,0.43109,0.78133,0.56335,0.4149,0.82788,0.34667,0.3955,0.84965,0.52729,0.56848,0.71353,0.43601,1.0926,1.1356,0.51607,0.83195,0.39867,1.6058,0.65578,0.60345,0.70365,0.40161,1.03,0.52983,0.41045,0.81714,0.93214,0.89338,1.0526,0.62068,0.56094,0.3947,0.44387,0.44852,0.53271,0.58863,0.78746,0.83298,0.56705,0.58358,0.34995,0.30934,0.41128,0.53868,0.57532,0.63017,0.67609,0.77747,0.74498,0.90668,0.58832,0.32774,0.81519,0.83808,1.0822,1.0985,0.59175,0.50614,0.87008,0.55905,0.41533,0.28321,0.25535,0.58103,0.34623,0.49935,0.60019,0.57478,0.53945,0.94292,0.84781,0.34156,0.85732,0.42994,0.31331,0.72366,0.49612,0.73886,0.5975,0.46407,0.4218,0.31186,0.46149,0.97102,0.53899,0.69057,0.67077,0.50176,0.74661,1.1379,1.3103,0.74409,0.33117,0.62528,0.33884,0.8111,0.44788,0.46998,0.74403,0.5684,0.7043,0.60079,0.7971,0.42078,0.8413,0.84533,0.39558,0.43873,0.67264,0.54095,0.5608,0.23733,0.82572,0.3451,0.48818,0.61617,0.64951,1.5653,1.1306,1.3598,0.73477,0.79135,0.25967,0.35865,0.59215,0.16748,0.77319,0.52527,1.277,0.58575,0.59691,0.70716,0.94766,0.76917,0.40796,0.82242,0.87514,0.6868,1.1448,1.5801,0.58609,0.45919,0.42532,0.2771,0.37156,0.7247,1.0858,0.89598,0.634,0.54351,0.7914,0.81175,0.32252,1.3008,0.57355,1.3941,0.69782,0.78135,0.18311,0.83118,0.40984,0.49851,1.0435,0.56032,0.62962,0.40687,0.88487,0.79047,0.81388,0.92448,0.58174,0.9535,0.55864,0.49387,0.59258,0.50494,0.70831,0.32121,0.7079,0.96403,0.68438,0.6648,0.7371,0.42873,0.65907,0.48795,0.56811,0.74165,0.68741,0.67803,0.52209,0.77487,0.74586,0.82374,0.37058,0.32194,0.23403,0.34492,0.64551,0.80325,0.8732,0.39887,0.88524,0.91404,0.42776,0.85987,1.1618,0.56629,0.64868,0.68549,0.48237,0.66635,0.65992,0.71935,0.8483,0.47999,1.7533,0.96201,0.4632,0.8539,0.55877,0.70195,0.48172,0.55807,0.76785,0.33772,0.29671,0.35624,0.77511,0.75991,0.45735,1.218,0.81077,0.41152,1.0123,0.73888,0.44512,0.50937,0.36563,0.73316,0.52368,0.64062,0.42336,0.47509,0.7564,1.3008,0.54441,0.87872,1.0962,0.60678,0.70355,0.8403,0.68196,0.6416,0.60161,0.63597,0.45072,0.49642,0.41958,0.91251,0.99288,0.52265,0.49644,1.1197,0.64654,0.63529,0.63813,0.58231,0.39484,0.49768,0.88602,0.7568,0.78683,0.59936,0.5465,0.8108,0.81587,0.37201,0.798,0.48971,0.4019,0.71448,0.61553,0.25567,0.88855,0.31443,0.61012,0.44988,1.0595,1.362,0.43476,0.72064,0.6805,0.46859,0.57951,0.85962,0.75197,0.7071,0.74634,0.65561,1.0795,1.1001,0.69452,0.60116,0.58365,0.36622,0.44932,0.54284,0.84226,0.83843,1.127,0.73983,1.1169,0.71563,0.5381,0.41473,0.88362,0.41546,0.28199,0.39779,0.91311,0.76746,0.59579,1.1348,0.7058,0.50642,0.42483,0.89201,0.4979,0.53054,0.2255,0.65522,0.43976,0.29249,0.67931,0.52929,0.52728,0.52344,0.81587,0.69429,0.68402,0.81603,0.59406,0.76928,0.4258,0.40758,0.50548,0.85393,0.84356,0.28534,0.40863,0.67966,0.51648,0.39955,0.63188,0.78684,0.40051,0.67087,0.50602,0.9582,0.49551,0.396,0.42332,0.44551,0.5167,0.62095,0.4888,0.2859,0.5362,0.38814,0.51958,0.73291,0.59065,0.7425,0.52893,0.98716,0.41071,0.65017,0.39124,0.77883,0.37586,0.37948,0.68189,0.44357,1.0289,0.58056,0.75827,0.60372,0.46855,0.23556,0.37938,0.68632,0.78811,0.55314,0.65389,0.5565,0.4119,0.28195,0.7016,0.65808,1.0832,0.62778,0.42683,0.60629,0.3168,0.46593,0.68466,0.51888,0.31847,0.49885,0.24779,0.40256,0.57585,0.34887,0.82529,0.89777,0.61143,0.95418,0.3297,0.68839,0.41309,0.5804,0.78447,0.6594,0.49865,0.64204,0.40206,0.53841,0.57592,0.68751,1.5114,0.46491,0.59181,0.59575,0.33836,0.35406,0.76458,0.50302,0.84738,0.28879,0.91984,0.78704,0.58073,0.59007,0.57798,0.4398,0.73046,0.43345,0.34571,0.3996,0.44382,0.57558,0.40103,0.518,0.54549,0.5964,1.2194,0.5609,0.82098,0.85795,0.8674,0.61602,0.45068,0.73012,1.0691,0.97507,0.78511,0.81169,0.89168,0.67709,0.43107,0.59066,0.99821,0.87081,0.74209,0.90343,0.53497,0.67569,0.26161,1.8703,1.3189,0.85179,0.35401,0.43827,0.67072,0.43411,0.3514,0.38402,0.48376,0.45309,0.54063,0.90038,0.33274,0.54698,0.31551,0.50867,0.52528,0.53071,1.0201,0.42133,0.64821,0.79061,0.67692,0.33248,0.59001,0.74615,0.64932,0.49415,0.64565,1.2863,1.2205,0.75298,0.52058,0.76045,0.66819,1.0834,0.69696,0.47963,0.24173,1.2349,0.50808,0.67376,0.53012,1.3036,0.73157,1.3208,1.4624,0.79499,0.55174,0.30961,0.44851,1.4323,0.48598,1.0052,0.32719,0.78907,0.62,0.42755,0.62802,0.88915,0.57906,2.0361,0.45516,0.61915,0.3595,0.4643,0.67727,0.43227,0.32539,0.7692,0.82449,0.39616,0.471,0.45858,0.41694,0.32825,0.60389,0.85028,0.13917,0.9903,0.76657,0.7899,0.81452,0.7096,0.37491,1.0876,1.2124,0.8643,0.62339,0.47468,0.4669,0.52519,0.33034,0.61247,0.82964,0.60208,0.42848,0.60368,0.51523,0.82147,0.37459,0.48995,0.42065,0.49634,0.45266,1.2076,0.36823,0.97786,0.53488,0.51397,0.81841,0.5259,1.5106,0.59105,0.72248,1.12,0.32306,0.42469,0.69862,0.51572,0.33719,0.73622,0.35862,0.50199,0.48491,0.55295,0.85004,0.62174,0.77723,0.43011,0.57291,0.56653,0.66259,0.6578,0.59151,0.93845,0.35844,0.91547,0.45678,0.61931,0.92786,0.8723,0.58577,0.99222,0.8072,1.3881,2.2285,0.66223,0.76487,0.33333,0.44791,0.46873,0.22586,0.39943,0.69452,0.45416,0.61568,0.768,0.63732,0.62263,0.68706,0.43272,0.79893,1.0197,0.48598,0.63164,0.51742,0.94696,1.1733,0.54632,0.48127,0.41787,0.38076,0.67835,0.29097,0.4735,0.56687,1.3769,1.0995,1.0723,0.54843,0.30216,0.37627,0.47313,0.72958,0.37365,0.39481,1.3055,1.1618,0.4833,0.48565,0.34432,0.43678,0.7163,0.75638,1.2794,0.77347,0.30798,0.67491,0.40231,1.0911,0.73937,0.38138,0.38687,0.88419,0.61868,0.68358,0.41654,0.91766,0.43983,0.76794,0.74681,0.81679,0.65493,1.1609,0.9736,0.36261,0.70487,0.65829,0.71787,1.183,0.63068,0.69311,0.46178,0.43194,0.59911,0.50858,0.52177,0.52088,0.47061,0.35929,0.5709,0.70372,0.48734,1.0422,0.38463,0.71391,0.54269,0.65087,0.89797,0.55892,0.67016,0.49959,0.26346,0.46288,0.41479,0.91358,0.56729,0.60558,0.39602,0.4427,0.72938,0.35536,0.49527,0.65381,0.71195,0.39205,0.61816,0.31476,0.31029,0.62917,0.3529,0.57967,0.45064,0.92026,0.96103,0.58887,0.5003,0.47996,0.53634,0.38072,0.30439,0.69228,1.0069,0.96341,0.43449,0.58281,0.43679,1.1387,0.44608,0.40915,0.48977,0.85689,1.0343,0.75864,0.67845,0.97093,1.5921,0.741,0.26567,0.38983,0.43218,0.52248,0.53311,0.35018,0.74541,0.40745,0.72383,0.46565,0.66853,0.68259,0.50229,0.56497,0.38703,0.69505,0.48938,0.69477,0.70821,0.48381,0.51897,0.84203,0.28137,0.5396,0.8787,0.47667,0.71342,0.81461,0.66046,1.0509,0.84902,0.63428,0.50076,0.58522,0.81153,0.49313,0.40264,0.61016,0.61962,0.34305,0.7989,1.0421,0.44944,0.49051,0.6922,0.47539,0.67588,0.66046,0.82492,0.87987,0.54828,0.84538,0.37406,0.5134,0.65417,0.58212,0.58606,0.95831,0.77804,0.64145,0.88686,1.7856,1.6529,0.33272,0.55379,0.7023,0.68565,0.56545,0.70013,0.92214,0.60403,0.6104,0.46913,1.4501,0.49698,0.56459,0.83685,0.91697,0.58691,0.62267,0.48693,1.2943,0.46036,0.38835,0.46834,0.4778,0.47424,0.73532,0.53031,0.98924,1.2152,0.68243,0.71061,0.29248,0.74469,0.7099,0.3512,0.67566,0.43037,0.5471,0.37514,0.65539,0.65485,0.60095,0.4914,0.48355,0.63543,0.68034,0.50227,0.86319,0.39031,0.54313,0.93834,0.61493,0.57263,0.62531,0.60991,0.38877,1.0444,2.5651,0.58969,0.62067,0.56682,0.83081,0.56113,0.84094,0.80347,1.0151,0.67024,0.39774,0.64201,0.65763,0.38458,0.5671,0.31122,0.6681,1.2588,0.83427,0.41125,0.60328,0.72891,1.2357,0.57078,1.3962,0.6446,0.7834,0.67261,0.5875,0.28053,0.42945,0.31592,0.6341,0.74995,0.71819,0.65108,0.85137,0.73933,0.27815,0.44957,1.015,0.76066,0.79507,0.90238,0.5415,0.67145,0.67523,1.2673,1.2083,0.63192,0.60443,0.75751,0.50535,0.51611,0.38103,0.26205,0.5848,0.59236,0.81907,0.56243,0.55614,0.47296,0.49887,0.48406,0.49949,0.65747,0.33487,0.59654,0.69556,0.67401,0.63432
0.77589,1.0014,0.52764,0.75911,0.4058,0.61544,0.66029,0.52474,0.99005,0.33378,0.67953,0.45771,0.67559,0.44469,0.81498,0.58969,0.92945,0.41506,0.44391,1.0169,0.91722,0.88184,0.72316,0.36193,0.61428,0.40921,0.55824,0.29028,0.47827,0.46414,0.89276,0.77785,0.53943,0.48577,0.3525,0.54191,0.5334,0.95978,0.96515,0.58817,0.39572,0.7619,0.47088,0.41503,0.40847,0.51283,0.59989,0.32702,0.74253,0.42984,0.87651,0.7153,1.0536,0.72524,0.91583,0.75738,1.9203,0.69503,0.8642,0.43468,0.68883,0.57502,0.69926,1.028,0.35787,0.58999,0.9342,0.34958,0.64365,1.243,1.3584,0.79701,0.70748,0.68119,0.53134,0.58972,0.50026,0.5869,0.87865,0.85737,0.42748,0.9417,1.0532,1.1112,0.6497,0.37475,1.1733,0.51455,0.57423,0.40606,0.50958,0.774,0.26821,0.35611,0.56268,0.67075,1.3378,0.54751,0.45518,1.2192,0.81775,0.75827,0.67035,0.50037,0.49598,0.62232,0.50791,0.84265,1.6221,1.2653,1.1331,0.56074,0.56069,1.1854,0.72782,0.75669,0.57207,0.50429,1.482,0.9543,0.35782,0.63547,1.2388,0.74266,0.7503,0.92026,0.58569,0.36179,0.63811,0.58127,0.63636,0.54135,0.39246,0.4881,0.55781,0.70256,0.99825,0.72944,0.54781,0.86817,0.26805,0.74713,0.31143,0.58399,0.87317,1.1767,0.72899,0.81438,1.3219,0.70707,0.60104,1.35,0.50781,0.52983,0.76101,0.6376,0.36398,0.48491,1.532,0.61163,0.78166,1.0597,0.65737,0.52644,1.1365,0.91895,0.48411,0.81267,1.7087,0.51791,0.52877,0.67789,0.53124,0.94905,0.43714,0.38081,0.6803,0.56547,1.058,0.68689,0.37798,0.78157,0.50385,0.14881,0.66621,1.0977,0.47484,0.54868,0.62203,0.52923,0.33886,0.36956,0.88032,0.81228,0.72878,0.67168,0.69724,0.64427,0.3453,0.77142,1.1578,1.0504,0.92534,0.54317,0.96751,0.7396,0.62351,0.67906,0.70536,0.83457,0.40116,0.7639,0.80473,0.65371,0.80067,0.89167,0.63595,1.0936,0.94351,0.19876,0.94496,0.68319,0.60153,0.48343,0.2447,1.8492,0.71056,0.69929,1.4477,0.32788,0.38137,0.9204,0.40917,0.46163,0.60435,0.81826,1.3963,0.51472,1.0535,1.1058,1.057,0.55971,1.0203,0.90258,0.94939,1.6796,2.8123,1.0746,0.97067,0.8178,1.2501,0.58103,0.64176,0.69094,1.0448,0.91336,0.68027,0.5976,0.72307,0.68133,1.8115,1.0021,0.89545,0.54579,0.73711,0.46528,0.64611,0.65567,0.70941,0.4923,0.36453,0.40917,0.81071,0.37706,0.63089,0.80323,0.87557,0.25831,0.85074,0.73906,0.66378,0.76798,0.36553,0.73065,0.44849,0.53212,1.4295,0.91957,0.76486,0.69191,0.53811,0.31542,0.23001,0.4865,0.42285,0.5765,1.0407,1.0836,0.65103,0.48046,0.62427,0.54841,0.6965,0.60332,0.77893,0.46089,0.46002,0.9838,0.64246,0.66667,0.49971,0.83341,0.77096,0.44479,0.45824,0.36749,1.078,0.72167,0.74372,0.72173,0.58197,0.34445,0.51871,0.66651,0.24224,0.73081,0.70671,0.61267,0.87756,1.136,0.83681,0.59012,0.61149,0.54044,0.58073,0.45688,0.88861,0.72879,0.77425,1.0196,0.7084,0.62631,0.67659,0.51977,0.63459,0.52943,0.71088,0.65795,0.77756,1.052,0.23351,0.69509,0.5592,0.30316,0.5088,0.73548,0.51489,0.46998,0.6442,0.4573,0.42042,0.8746,1.2293,0.85371,0.7158,0.70889,0.6002,0.82034,0.70278,0.88683,0.95117,0.4965,0.77664,0.94665,0.79132,1.076,0.7929,0.76396,0.51973,0.38787,0.59543,0.4184,0.73101,0.40278,1.0335,0.71732,1.1532,0.43114,0.42304,0.53419,0.71288,0.34842,0.3267,0.94482,0.78463,0.85687,0.52978,0.42809,0.70703,1.0757,1.1787,0.72041,0.60671,0.42048,0.79921,0.58109,1.012,0.99334,1.5944,1.4412,0.73438,1.0821,0.78282,0.6637,0.44958,1.9619,1.679,1.2003,0.39021,0.26116,0.57438,0.49868,0.70943,1.8774,0.79588,2.0177,0.48964,1.2152,0.65951,0.79859,0.56284,0.51146,0.60904,0.48319,0.58318,0.58715,1.0872,0.63104,1.0653,0.77859,0.26237,0.4162,0.24548,0.5844,0.88579,1.1994,0.35319,0.56214,0.31868,0.57927,1.0449,0.53225,0.41703,0.26823,0.28516,0.59983,0.88721,0.9924,0.86273,1.0705,0.73302,0.6795,0.43362,0.51799,0.84611,0.65426,0.55034,0.73697,0.78958,0.60512,0.79353,0.40836,0.76895,0.90596,0.39599,0.67923,0.51331,0.77406,0.66865,0.75066,0.55459,0.69651,0.58497,0.65993,0.40712,0.68586,0.43598,0.69787,1.7801,0.69055,0.39059,0.62764,0.91369,0.51496,0.83409,0.42144,0.57176,0.70928,0.52317,0.56522,0.62139,0.53875,0.64988,0.84262,0.2739,0.97305,0.73868,0.53581,0.4495,0.71226,0.5456,0.7496,0.39398,0.473,0.45978,0.82228,0.67561,0.92426,0.42976,0.49922,0.39042,0.53342,0.64662,1.0917,0.56016,0.61863,0.59339,0.24829,0.38061,0.50272,0.54871,1.2017,0.80073,0.72562,0.53106,0.30658,0.46717,0.55145,0.59268,0.75149,0.54119,0.55065,0.67453,0.67059,0.76372,0.59059,0.37632,0.63268,0.38688,0.51767,0.61025,0.37286,0.7406,0.43519,0.53257,0.53475,0.57462,0.48348,0.22976,0.40245,0.35965,0.82455,0.51946,0.55357,0.60744,0.78908,0.35589,0.61735,0.45,0.50605,0.6268,0.47131,0.58583,0.46297,0.38121,0.50716,0.45599,0.48739,0.75541,1.3879,1.162,0.81469,1.1005,1.0197,0.72055,0.61291,0.42995,0.65703,0.80303,0.59443,0.49132,1.3403,0.99692,0.78576,1.105,0.79621,0.48223,0.67033,0.47579,0.81675,0.61787,0.40705,0.29931,0.65315,0.39577,1.4424,0.69977,0.32042,0.34981,0.77456,0.39448,0.45945,0.80482,0.73141,0.57628,1.0997,1.0091,0.60934,0.62995,0.69969,0.30372,0.62691,0.75752,0.81087,0.75488,0.48388,0.28932,0.77794,0.96317,0.34589,0.4398,1.4527,0.74673,0.82092,0.68564,0.87343,0.51777,0.76378,0.50547,0.67355,0.55647,1.023,0.49656,0.30952,0.91917,0.38087,0.34248,0.73174,0.64388,0.31994,1.6524,0.4402,0.63745,0.64523,0.45548,0.64353,0.85804,0.50999,0.9351,1.4143,0.26923,0.99477,0.42947,0.40134,0.52921,0.58991,0.51742,0.52425,0.58935,0.53138,0.26004,0.39251,0.61229,1.1189,0.40193,0.69675,0.93114,0.44918,0.49038,0.82722,0.60132,0.6572,0.53156,0.6562,0.45254,0.81637,0.85826,0.64749,0.5984,0.52216,0.68051,0.53882,0.53143,0.64402,0.38646,0.62297,1.113,0.72485,0.49329,0.72024,0.75049,0.78581,0.51089,0.52776,0.63854,0.43203,0.48683,1.0811,0.2774,0.52747,0.47599,0.4427,0.96281,0.85245,0.45945,0.6054,0.48043,0.65094,0.46067,0.34237,0.50845,0.41145,0.52944,0.71034,0.51785,0.50308,0.64448,0.83769,0.56501,0.36497,0.76368,0.77307,0.82099,0.38045,0.49832,0.74681,0.72026,0.73795,0.41735,0.35973,0.64739,0.49554,0.73124,0.75793,0.56196,0.343,0.48349,0.64736,0.82854,1.1381,0.54492,0.94705,0.64439,0.9222,0.44949,0.67566,0.56827,0.63739,0.85768,0.6651,0.49071,0.55374,0.31717,1.0887,0.34408,0.62569,0.78926,0.56423,0.41811,0.50115,0.90691,0.81909,0.72873,0.42745,1.0502,1.1512,0.79631,0.77447,0.93009,0.71061,0.40769,0.69097,0.73938,0.77632,0.27444,0.65758,0.77507,0.69001,0.4687,0.34778,0.37417,0.35194,0.46807,0.98259,0.88438,0.44566,0.16732,0.59448,1.1071,0.73859,0.51394,0.63865,0.68524,0.41672,0.76999,0.72105,0.71066,0.74509,1.2015,0.74674,3.7241,0.84196,0.37082,0.40323,0.41737,0.57671,0.54341,0.31051,1.3603,1.6866,0.5923,1.1741,0.43602,0.57947,0.44678,1.0894,0.4489,0.86062,0.60053,0.57186,1.1192,0.52109,0.31209,0.70234,0.36944,0.35237,0.33577,0.68018,0.52689,0.52598,0.50302,0.20381,0.92275,1.1343,0.85555,0.90962,0.54063,0.57148,0.63975,0.78612,0.50752,0.89206,0.40779,0.52805,0.82233,0.32555,0.78326,0.97109,0.4058,0.43755,0.81606,0.7452,0.55879,0.28102,1.4508,1.0808,0.68689,0.3763,0.37053,0.69093,0.71355,0.75639,0.77429,0.58311,0.92903,0.59894,0.77289,0.74189,0.84143,0.50486,0.4508,0.36477,0.44846,0.99508,0.3784,1.3927,0.71276,0.36241,0.82661,0.78504,0.57144,0.29224,0.52263,0.73547,1.3045,1.5614,0.39768,0.47733,0.34631,0.71499,0.6242,0.48624,0.26246,0.49561,0.58499,0.91927,1.0075,0.74577,0.97879,0.84644,0.86525,0.51575,0.77711,0.48374,0.51157,0.45318,0.58308,1.5018,0.94021,0.74132,1.1427,0.65245,0.69086,1.3076,0.40097,0.80894,0.58031,0.38908,0.63559,0.76061,0.62764,0.61434,0.71549,0.43393,0.54063,0.62808,0.45714,0.56144,0.51106,0.72549,0.81908,1.2684,0.54201,1.0395,0.60362,0.59307,0.56401,0.40254,0.53119,0.67072,0.69815,0.86677,0.86161,0.50733,1.015,0.65149,0.56498,1.0117,1.0907,0.5798,0.95828,0.50014,0.80438,0.8437,0.84389,0.79575,1.5074,1.2703,0.95127,0.65216,1.3572,0.7579,0.69411,1.2141,1.0604,0.51289,0.36019,0.26814,0.56736,0.62547,0.42388,0.61138,0.54008,0.27442,0.311,0.44553,0.52791,0.37994,0.63518,0.67563,0.53766,0.573,0.64564,0.73479,0.56114,0.35147,0.63826,0.73986,0.53878,0.9017,1.0335,1.2195,0.47793,0.45672,0.67303,0.54667,0.48657,0.51891,0.43492,0.47312,0.78142,1.3247,0.72377,1.3154,0.94779,0.59374,0.66916,0.89047,1.2075,0.60309,0.82156,1.261,0.67714,0.33287,0.34642,0.62474,0.36965,0.75343,0.71737,0.58468,1.1194,0.61492,0.57171,1.1169,0.56232,0.64769,0.71476,0.35804,0.47627,0.94571,0.42281,0.26694,0.65102,0.90132,0.34908,0.61385,0.48708,0.62262,0.86809,1.4984,0.85291,0.85364,0.49983,0.65458,0.88006,0.45736,0.60363,1.0365,0.53855,0.30392,0.61509,1.0069,0.67898,0.69083,0.4524,0.72159,1.1287,0.68449,0.37057,0.63533,0.4765,0.70095,0.45338,0.69646,0.49986,0.6361,0.64976,0.71565,0.62664,0.8168,0.75617,0.87681,0.43595,0.53926,0.75723,0.60703,0.49718,0.61297,0.41987,0.45358,0.46113,0.83504,0.72032,0.91018,0.79597,0.7837,0.51115,0.58244,1.1157,0.65825,0.92711,0.94558,0.64916,0.65264,0.82159,0.62591,0.43017,0.73555,0.39108,0.43218,0.74695,0.61924,0.74211,0.34936,0.70834,0.53798,1.1952,0.6581,0.56301,0.37127,0.28121,0.59545,0.82519,0.58383,0.47669,0.4003,0.54168,0.31556,0.71857,0.67664,0.55776,0.55779,0.44184,0.44172,0.69562,0.58546,0.57547,1.1083,1.2083,0.33504,0.69365,0.3679,0.45127,0.28703,0.73,1.4591,0.92631,0.43829,0.55116,0.61836,0.81756,0.65476,0.43463,0.52924,0.71844,0.80224,0.43801,0.49079,1.5333,0.53745,0.39802,0.5987,0.66088,0.41003,1.4435,0.66111,0.70151,0.47565,0.37153,0.64784,0.34602,0.41999,0.44458,0.90498,0.47246,0.30658,0.70383,0.88488,0.76208,0.72953,0.82461,0.28226,0.65137,0.84273,0.68918,0.58879,0.56098,0.66142,0.98224,0.60282,0.34727,0.56537,0.81467,0.46756,0.8389,0.9209,0.43529,0.55341,0.7987,0.80352,0.44381,0.55025,0.64409,0.66208,1.1775,0.61534,0.40605,0.86075,0.73769,0.38355,0.5311,0.47021,0.95405,0.77283,0.69071,0.42753,0.62853,0.53768,0.9065,0.4382,0.50285,0.66583,0.5163,0.94809,0.52312,0.28657,1.2249,0.95054,0.81591,0.47626,0.78719,1.0309,0.55993,0.83126,1.5749,0.65371,0.65355,0.49713,0.40261,0.849,0.55742,0.45965,0.63123,0.78451,0.91705,0.40127,0.70382,0.29057,0.57449,0.43064,0.42451,0.63192,0.1932,0.79286,1.1772,0.93009,0.58162,0.76653,0.55076,0.56625,0.5322,1.1787,1.1596,0.7922,0.74543,0.75388,0.41828,0.64776,0.52223,0.87357,0.59147,0.52998,0.36775,0.42491,0.6609,0.32513,0.5299,0.6597,0.4343,0.43526,0.82451,1.2692,1.0298,1.1925,0.6713,0.80687,1.0589,0.3657,0.73874,0.54821,0.44228,0.90577,0.76473,0.91118,1.0773,0.75203,1.0816,0.4327,0.57117,0.35414,0.46875,0.77686,0.2795,0.70214,0.87419,0.66074,1.2476,0.70702,0.81992,0.79476,0.51545,0.69718,0.56517,0.48445,0.71024,0.59899,0.29427,0.45249,0.92694,0.65599,0.4816,0.79591,0.60136,0.48375,0.34963,0.57379,0.98853,0.60773,0.65607,0.53985,0.62166,0.47846,0.54678,0.34081,0.57298,0.45277,0.52824,0.92202,0.42795,0.47675,0.40874,0.66453,0.39154,0.47804,0.67234,0.53217,0.97205,0.43887,0.96045,0.66782,0.96763,0.59507,0.39183,0.91483,0.65493,1.1327,0.43782,1.0288,0.6265,0.60512,0.63785,0.55308,1.377,0.56159,0.56227,0.99854,0.37572,0.88826,0.40162,1.0697,0.49739,0.46753,0.71479,0.5887,0.47714,0.63973,0.79915,0.5926,0.78972,0.6519,0.71562,0.54157,0.79362,1.8087,1.1374,0.60822,0.94894,0.56069,0.74359,0.59426,0.53661,0.24044,0.48635,0.84645,0.53403,0.4378,1.0029,0.90246,0.88116,0.96236,0.27414,1.0459,0.93835,0.51851,0.48054,0.44106,0.45137,0.64037,0.42773,0.54546,1.0995,0.41858,0.67676,1.0982,1.8168,0.54297,0.50854,0.81171,0.42027,1.3164,0.56575,0.98114,0.62145,0.4095,0.53209,0.56965,0.93942,0.783,0.68069,0.55571,0.53367,0.60112,0.75043,0.64252,0.41956,0.43892,0.58662,1.2378,0.93176,0.72724,0.6825,0.43806,1.0347,0.65018,0.75282,0.84872,0.69581,0.80028,0.39711,0.39519,0.43409,1.0372,1.0743,0.89578,0.39304,0.57546,0.34056,0.27321,0.35199,0.70845,0.82565,0.45748,0.40278,0.66141,0.82413,0.46773,0.44584,0.47661,0.33868,0.56067,1.2209,0.58538,0.63634,0.42593,0.90354,0.86179,0.61692,1.0129,0.69103,0.85171,0.61205,0.50708,0.43334,0.64527,0.45565,0.77898,0.83027,0.52822,0.69742,0.4353,0.29472,0.75745,1.0844,0.85782,0.32002,0.33925,0.4919,0.4755,0.68096,0.33903,0.49348,0.588,0.89147,0.81603,0.6849,0.6099,0.60741,0.49113,0.60737,0.43475,0.83615,0.82347,0.68322,0.84742,0.78219,0.55749,0.63675,0.36243,0.33166,0.63341,0.48306,0.9526,0.46645,0.68269,0.63183,0.58568,0.75771,0.86577,0.49597,0.52548,0.56933,0.43456,1.0956,0.92542,0.90683,0.85066,0.60437,0.54472,0.7342,0.4827,0.36595,0.40344,0.34304,0.58023,0.51626,0.50359,0.42284,0.37619,0.68554,1.0224,0.93849,0.51383,0.42927,0.51408,0.67726,0.68278,0.39684,0.30251,0.57167,1.0087,0.7963,0.52436,0.30041,0.94275,0.35368,0.46805,0.96831,1.028,0.8944,0.76006,1.0712,0.84594,0.36716,0.53898,0.52542,0.34285,0.50094,0.67165,0.74897,0.77776,0.31692,0.56249,0.60854,0.5783,0.62235,1.2472,0.36781,0.32031,0.9137,0.29605,0.97505,0.81166,0.57136,0.90834,1.0531,0.97249,0.91588,0.36789,0.79436,0.65684,0.80204,0.6135,0.32074,0.71573,0.4658,0.44212,0.44641,0.52386,0.52233,0.55218,0.63283,0.7238,0.46724,0.60398,0.41081,1.1457,1.1545,0.7483,0.80109,0.99031,0.6984,0.65144,0.6906,0.56161,1.0036,0.80068,0.55597,0.81541,1.049,0.37557,0.71179,1.6013,0.66431,0.6555,0.50793,0.74339,0.55025,0.76646,1.1537,0.61535,0.61966,0.76798,0.59981,0.51229,0.57649,0.50814,0.68917,0.59624,0.5716,0.61278,0.39601,0.37684,0.45372,0.54448,0.37909,0.68959,0.67965,0.88892,1.9695,0.63067,0.91549,0.6616,0.81922,0.31243,0.61945,0.9442,0.74698,0.23589,0.52207,0.89001,0.60246,0.65722,0.84933,0.74914,1.6118,0.3949,0.64089,0.94465,0.61208,0.77374,0.56482,0.7914,0.57781,0.58639,1.114,0.45955,0.29872,1.4634,0.36762,0.61899,0.45771,0.51297,0.5704,0.53309,0.2971,0.53014,1.2884,0.70533,0.32508,0.39286,0.4813,0.61287,0.50273,0.79355,0.64084,0.27491,0.67151,0.53822,0.83192,0.29551,0.46781,0.51732,1.0936,0.43042,0.74728,0.48673,0.6948,0.56301,0.28536,0.47349,0.70635,0.83262,1.0174,0.91961,0.83985,1.089,0.58237,0.70011,0.36626,0.78783,0.53392,1.0852,0.51642,0.49759,0.38708,0.5198,0.84081,0.75693,0.41238,0.43941,0.35208,0.36454,0.92364,0.67921,0.38741,0.65148,0.80554,0.52299,0.48575,0.7713,0.35231,0.57704,0.47963,1.1395,0.77283,0.80796,0.85195,0.61869,1.0541,0.54012,0.41725,0.91421,0.93856,0.56734,0.41628,0.79607,0.62473,0.51522,0.33394,0.53609,0.45246,0.69337,0.55346,0.64419,0.7745,0.87716,0.46768,0.73116,0.31636,0.3918,0.50909,0.56555,0.3427,0.58483,0.39918,0.65438,0.49288,1.0118,0.5785,0.57085,0.43966,0.63974,0.78076,0.55992,0.93531,1.0987,0.41201,0.31369,0.42096,0.33872,0.4573,1.3539,0.61846,1.2,0.49708,0.64384,0.69099,0.65541,0.24177,0.34331,0.90869,0.42858,0.7136,0.93916,0.7905,0.69843,0.68475,0.58218,0.69474,0.60878,0.78118,0.66175,0.96059,0.4466,0.51713,0.30477,0.52457,0.58645,0.39368,0.40339,1.0414,0.35649,0.69618,1.2031,0.82796,0.64392,0.55281,0.41488,0.63099,0.66081,0.44257,0.44933,0.31692,0.57049,0.59127,0.5512,0.90449,0.69221,0.35798,0.59484,0.68527,0.76214,1.0543,0.74091,0.56304,0.58676,0.64643,0.40091,0.35528,0.55902,0.84177,0.72093,0.56908,0.30673,0.46824,0.57878,0.78981,0.54507,0.5366,0.81224,1.0466,0.6163,0.48498,0.57525,0.22512,0.41011,0.39237,0.50318,0.64204,0.81988,0.58724,0.61587,0.62135,0.62574,0.7122,0.40834,0.4188,0.52594,0.48941,0.28084,0.51378,0.7969,0.30576,0.46753,0.40903,0.85856,0.7393,0.59106,0.76021,0.27779,0.76576,0.51304,1.0095,0.5777,1.1601,1.7222,0.89639,0.3792,0.24273,0.93478,0.77433,0.50185,0.9591,1.1685,0.45644,0.63686,0.80018,0.62911,0.59927,0.91414,0.76049,0.53151,0.38544,0.36988,0.53237,0.51403,0.8349,0.68075,0.54882,0.38932,0.2993,0.49766,0.9625,1.0158,0.77602,0.90256,0.94281,0.29708,0.27507,0.79886,0.6162,1.0449,0.72461,0.76343,0.58912,0.61083,0.71694,0.4086,0.8239,1.0697,0.84528,0.58573,0.62797,0.57909,0.70204,2.1336,0.38764,0.53056,0.37613,0.72967,0.86369,0.48419,0.93427,1.2565,1.0853,0.22834,0.65426,0.43667,0.71673,0.51514,0.67132,0.33767,1.0796,0.7021,1.0378,0.66811,0.49349,0.63266,0.43168,0.38995,1.3934,0.89991,0.40136,0.64269,0.64786,0.54898,0.69364,0.61429,0.47029,0.26061,0.47431,0.6578,0.37252,0.51863,0.32859,0.4528,0.54511,0.59003,0.27683,0.79119,0.80142,0.59936,0.4823,0.70598,0.35204,0.55353,1.4348,0.94881,0.87675,0.57619,0.52195,0.38302,1.0053,0.91409,0.8337,0.82305,0.56943,1.0609,0.39888,0.45855,0.94637,0.97266,0.59711,0.6625,0.4668,0.35651,0.89693,0.79735,0.42511,0.44074,0.40746,0.88527,0.98143,0.74791,0.29848,0.33978,0.22931,0.56155,0.59345,0.5395,0.74323,1.0653,0.61083,0.51013,0.67502,0.67946,0.5717,0.70198,0.61066,0.66485,0.6728,0.72465,1.5225,0.26205,0.8844,0.71026,0.58091,1.0997,0.37921,0.57449,1.1034,0.81062,1.0672,1.0648,0.95482,0.44504,0.89659,0.32781,1.2526,0.76707,0.85223,0.44077,0.31223,0.68022,0.48684,0.46685,1.6551,0.68701,0.75963,0.33118,0.45599,0.47281,1.3699,0.7979,0.8616,0.45552,0.87123,0.85186,0.4287,0.48911,0.60096,0.54883,0.23187,0.54977,0.48385,0.42705,1.0283,0.83433,0.48731,0.69668,0.40553,1.1555,1.0926,0.67236,0.4601,0.58992,0.85539,0.38996,0.3501,0.54956,0.67962,0.74334,0.59996,0.48275,0.55385,0.68381,0.54388,0.63655,0.6682,0.92879,0.54564,0.25598,0.63183,0.29207,0.46716,0.43818,0.92868,1.001,0.42329,0.57879,1.3909,0.76677,1.1786,1.2019,0.77519,0.68781,0.5753,0.51658,0.74657,0.67529,0.48832,0.45971,0.41373,0.3005,0.66841,0.40531,0.83388,0.54854,0.75036,1.5311,0.80187,0.4932,0.72873,0.95859,0.6771,0.56746,0.76149,0.40179,0.37013,0.53331,0.29562,0.51955,0.62667,0.55431,0.57075,0.49769,0.78453,0.72471,1.0274,0.73195,0.5585,0.63691,0.76016,0.34104,0.69444,0.83539,0.59595,0.4071,0.32436,0.80973,1.0481,0.98331,0.54969,0.93023,0.47543,0.65614,0.40918,0.42897,0.90284,0.94998,0.62806,0.35773,0.77783,0.77819,0.66981,0.50889,0.52276,0.56331,0.53933,0.48569,0.92099,0.63716,0.54649,0.37096,0.62895,0.79214,0.80416,0.35431,1.075,0.71086,0.38574,1.096,0.9615,0.66976,0.4487,0.36835,0.43191,0.63456,0.3979,0.54775,0.77109,1.6901,1.1199,0.43983,0.36924,0.85359,0.81722,0.45615,0.65484,0.55875,0.93681,1.7856,0.99644,1.1659,0.63333,0.98619,0.61099,0.70138,0.59398,0.78473,0.4477,0.48177,0.56151,0.45644,0.53167,0.80682,0.74461,0.69016,0.52034,0.42842,0.7438,0.81508,0.3657,0.53343,0.50314,0.33952,0.77545,0.30465,0.70852,0.46758,0.66267,0.75974,0.70226,0.67832,0.55095,0.59803,0.63241,0.60125,1.1531,0.66605,0.46722,1.2088,0.58328,0.56905,0.6043,0.46646,0.59786,0.6015,0.46284,0.64156,0.29928,0.51508,0.43166,0.50429,0.52597,0.72231,0.71956,0.42321,0.77386,0.41313,0.4409,0.60584,0.53149,0.46837,1.0582,0.61621,0.73889,0.83935,0.98241,0.3611,0.4131,0.53889,0.35332,0.45374,0.7227,0.90252,0.88593,0.89494,1.071,0.33119,0.728,0.8857,0.9751,1.0674,0.79904,0.66305,0.63911,0.62697,0.70389,0.46677,0.4294,0.56887,0.5853,0.39385,0.5353,0.39423,0.51603,0.55708,0.46774,0.57635,0.60206,0.55528,0.35632,0.82107,0.72211,0.98529,0.73344,0.33414,0.62322,1.1145,0.87608,0.36482,0.60448,0.92687,1.0445,0.69643,0.88474,0.49659,0.60457,0.66552,1.2507,0.53833,0.62327,0.68767,0.79348,0.53145,0.52159,0.64749,0.93861,0.6026,0.6274,0.74962,0.93242,0.86967,0.52597,0.49725,0.84769,0.42632,0.47524,0.36151,0.3924,0.56424,0.44792,1.0267,1.2233,0.84017,0.64303,0.73894,0.67204,0.68398,0.70144,0.79358,0.92943,1.0139,0.89452,0.91682,0.56272,0.64805,1.1813,0.68195,0.74854,0.28436,0.66094,0.76156,0.49988,0.57347,0.66955,0.68767,0.73184,1.2068,0.58918,0.30602,0.70074,0.56172,0.56129,0.61664,0.68426,0.49168,0.83565,0.73712,0.36936,0.87747,1.1089,0.34886,0.64895,0.65727,0.80725,0.65023,0.46135,0.79841,0.8841,0.57981,0.67479,0.52871,0.91913,0.91691,0.47185,1.0835,0.89571,0.57984,0.62728,0.64588,0.65455,0.54199,0.4845,0.42722,0.49713,0.7873,0.52217,0.44477,0.49854,0.46377,0.51618,0.67026,1.18,0.66776,0.83939,1.057,0.67674,0.37038,0.36839,0.40325,0.472,0.97911,0.41023,0.55532,1.3139,0.90286,0.5746,0.63652,0.49979,0.6591,0.76019,0.48244,0.43904,0.54237,1.0677,0.51432,0.39918,0.4666,0.45783,0.79971,0.5291,0.45792,0.86395,0.82078,0.74108,1.0418,0.28926,0.42619,0.99263,0.47265,0.73698,0.4478,0.47724,0.60226,0.60963,0.68403,0.5053,1.0405,0.35319,0.88495,0.78801,0.45736,1.5157,0.62141,0.58536,0.92982,0.37752,0.84553
0.6296,0.52271,0.56508,0.70912,0.58325,0.33612,0.68155,1.75,1.4669,0.49343,0.45417,0.3899,0.84857,0.63976,0.88626,0.65642,0.37417,0.54523,0.86256,0.61598,0.69303,0.4338,0.33075,0.50114,0.46006,0.6185,0.43008,0.61577,0.31293,0.263,0.53696,0.80235,0.61913,0.29521,0.517,0.52029,0.67823,0.353,0.70839,0.36943,0.7119,0.48299,0.64055,0.31514,0.61716,0.889,0.32124,0.57479,0.58047,0.88275,0.7345,1.0988,1.1387,0.39129,0.36671,0.6455,0.58623,0.68802,0.55805,0.793,0.76554,2.3109,0.89794,1.1176,0.80987,0.69761,1.0851,0.58526,1.2646,0.4947,0.74183,0.57948,0.45433,0.68994,0.49234,0.66268,0.53051,0.78831,0.3596,0.40126,0.67952,0.84208,0.81352,0.66183,0.50255,0.71897,0.80948,0.55153,0.55527,0.43199,0.52637,0.95592,0.87729,0.4366,0.45844,0.63155,0.47993,0.92482,0.62979,1.2381,0.95245,0.81081,0.69273,0.69011,0.87872,0.57021,0.76584,0.43891,0.92674,0.3625,0.80458,0.4246,0.532,0.74568,0.38656,0.50835,0.43904,0.85997,0.9734,0.68348,0.30529,0.69116,0.47239,0.66781,0.47756,0.3918,0.46392,0.4516,0.82594,0.65584,0.8957,0.5368,0.35993,0.45904,0.3537,0.50227,0.72412,0.90213,0.59742,0.67937,0.4692,0.68907,0.46032,0.58803,0.63346,1.2118,0.62915,0.44296,0.51402,0.79956,0.40683,0.61095,0.48178,0.53383,1.3952,1.1059,0.69928,0.53809,1.1017,0.72625,1.3421,0.24318,0.40064,0.8386,0.80229,0.52861,0.91336,0.50262,0.95864,0.63642,0.54598,0.5541,0.75891,0.72904,0.43337,0.39744,0.27522,0.47299,0.90269,0.86118,0.43238,0.41741,1.0333,0.55,0.74811,0.82787,0.85753,0.61536,0.59657,0.46911,0.44501,0.39683,0.76105,0.89161,0.70378,0.6617,0.8518,1.0609,0.53074,0.50267,0.59222,0.7899,0.52534,0.67494,1.1464,0.79409,0.42084,0.50793,0.36903,0.56183,0.78446,0.59147,1.2063,0.45497,0.90163,0.59445,0.52893,0.36387,0.41029,0.39596,0.40911,0.36089,1.0772,0.41414,0.49606,0.42316,0.34726,0.72292,1.3316,0.57119,0.28667,0.43624,0.77292,0.33369,0.99366,0.86258,0.7223,0.44794,1.0189,0.61248,0.51515,0.50597,0.60231,1.2196,1.0328,0.97576,0.83637,1.2986,0.77176,0.35974,0.28365,0.48312,0.45945,0.93155,1.1552,0.63708,0.65437,1.1866,0.60138,0.50924,1.1099,0.70611,0.45207,0.82311,0.95231,0.5199,0.76843,0.7322,0.64219,0.56656,0.56045,0.65866,0.49729,0.8324,0.69047,0.52572,0.4373,1.0538,0.77502,0.69878,0.68457,0.60337,0.67293,0.30396,0.65595,1.0231,0.47069,0.53912,0.54777,0.63345,0.41874,1.1517,0.80559,0.50775,0.51764,0.80399,0.58172,1.2659,0.58166,0.82047,0.61222,0.63957,0.61252,0.48332,0.38802,0.39238,0.46001,0.90357,1.6813,1.1084,1.4901,0.36924,0.6831,0.92228,0.63558,0.41492,0.45644,0.54907,0.56384,0.3772,1.022,0.22204,0.61754,0.91658,0.72615,0.55985,0.92124,1.6584,1.3528,0.95885,0.41056,0.79428,1.153,0.70712,0.68708,0.77809,0.446,0.6153,1.036,0.86035,1.1437,1.5961,0.81797,0.50412,0.54518,0.89375,0.52901,0.51015,0.45429,0.63001,2.0271,0.93834,0.80497,0.40339,0.4509,0.95862,0.47237,0.59515,0.52066,0.81723,0.48182,0.71455,0.42002,0.60086,0.82109,0.80593,0.72951,2.1763,0.77168,0.48848,0.50215,0.6288,0.56982,0.29522,0.70464,0.82373,0.78467,0.68736,0.59547,0.88902,0.51844,0.77435,0.69299,0.46429,0.72608,1.1496,0.9988,0.54912,0.74498,0.7249,0.42791,0.61074,0.38912,0.43392,0.48843,0.71681,0.26518,0.48612,0.34277,0.74992,0.91818,0.6516,0.70623,0.69128,0.61118,0.39947,0.48763,0.80979,0.6726,0.92464,0.27901,0.46604,0.34072,0.38704,0.70242,0.91715,1.1055,0.87277,0.61609,0.32384,0.5291,0.47115,1.8943,0.50081,0.88285,0.59409,0.60767,0.41742,0.86248,1.1318,0.41979,0.35685,0.4656,1.0804,0.68774,0.53143,0.84208,0.8711,0.81794,0.85371,0.47965,1.1378,0.27591,0.65502,0.57123,1.0177,0.3497,0.47332,0.44434,0.70246,1.2064,0.34933,0.55825,0.87918,0.60344,1.1532,0.52322,1.3962,0.52125,0.6276,0.81025,0.83829,0.63447,0.60869,0.68066,0.41225,0.64298,0.74942,0.33703,0.59509,0.39075,1.2219,0.78854,0.79654,0.90956,0.38973,0.40467,0.72993,0.9772,0.79896,0.62061,0.94905,0.37215,0.40731,0.33776,0.49323,0.69141,1.0896,1.1034,0.46925,0.76948,0.80069,0.68944,0.6354,0.42211,0.88077,0.33778,0.8001,0.38426,0.66203,0.47396,0.50388,0.35303,0.7163,0.49476,0.43547,0.68404,0.38621,0.40045,0.58923,1.3032,0.78567,0.36647,0.67312,0.63134,0.95486,0.53058,0.48333,0.67073,1.2391,0.42024,0.38779,0.27432,0.69606,0.45093,0.35324,0.42649,0.83067,0.80605,0.7425,0.89058,0.44459,0.72901,1.1769,0.53774,0.41731,0.38726,0.62094,0.91576,0.68426,0.63446,0.43986,0.58607,0.93005,0.42858,0.24588,0.68799,0.56904,0.34018,0.66353,0.53896,0.5146,0.88021,0.70029,0.45542,0.88951,0.45436,0.3936,0.33239,0.37444,0.58744,0.9487,0.38594,0.77191,0.69313,0.75397,0.51125,1.0193,0.70495,0.46783,0.72083,0.436,0.82251,0.57852,0.53386,0.76556,0.45145,0.74794,0.76101,0.65718,0.38322,0.62084,0.60021,0.97168,0.58353,0.69461,1.2688,0.39188,0.58562,0.52755,0.36709,0.67491,0.83445,0.85585,0.54937,0.35014,0.64929,0.45526,0.50324,1.4628,0.56982,0.61431,0.45225,0.98362,1.1907,1.008,0.56204,0.56362,0.48782,0.43858,0.95721,0.57197,0.77633,0.87497,0.46396,0.871,0.92911,0.7563,0.7395,0.57708,0.32482,0.74924,1.1408,1.2301,0.53964,0.32934,0.49532,0.24446,0.64058,0.39972,0.38264,1.3802,0.45482,0.5046,0.47226,0.74819,0.5978,0.4472,0.46724,0.58534,0.30545,0.67684,0.27827,0.41607,0.62202,0.43153,0.42822,0.75677,0.72741,0.37261,0.62213,0.9075,0.53378,0.5907,0.61743,0.852,0.82181,0.96602,0.37928,0.26438,0.5025,0.71723,0.33154,0.49107,0.49465,0.73193,0.7167,0.78353,0.53339,0.73414,0.51797,0.68254,0.61529,0.73275,0.5578,0.60701,0.82089,0.31384,0.79316,0.75137,0.68273,0.5348,0.50896,0.97417,0.31012,0.41897,0.46657,0.46277,0.39951,0.92756,0.72723,0.48803,0.50332,0.72709,0.46808,0.47577,0.58233,1.1002,0.53904,0.56142,0.77546,0.6222,0.95887,0.68551,0.74588,0.69409,0.78294,0.66745,0.70618,0.41673,0.51453,0.27433,0.4053,0.41541,0.56033,0.56279,0.84292,0.88333,0.51702,1.1455,0.70783,0.82144,0.91411,0.90492,0.46417,0.57874,0.89663,0.82781,1.0466,1.1539,0.60957,0.61839,1.0002,0.73102,0.59748,0.47352,0.79402,0.73863,0.39114,0.50785,0.62708,0.84248,0.59063,0.37184,0.71782,0.75754,0.65867,0.69941,0.6724,0.86858,1.1487,0.33833,1.0096,0.42193,0.65688,1.0866,0.43735,0.69394,0.7907,0.36975,0.88516,0.46457,1.0067,0.73276,0.53087,0.57186,0.41196,0.62066,0.89039,0.87634,0.69737,0.99895,0.80966,0.68601,0.24381,0.75443,0.8542,0.36983,0.70736,0.87223,0.5895,0.44592,0.96653,1.1946,0.51203,0.76762,0.53348,0.41257,0.46123,0.37436,0.22169,0.4198,0.32805,0.4659,0.96235,0.27884,0.64762,0.83136,0.83172,1.0141,0.37293,0.49874,0.69718,1.036,0.67838,0.57363,0.70338,0.37494,0.40013,0.30837,1.0347,1.084,0.70383,0.69953,0.62264,0.48006,0.37054,0.57303,0.56678,0.62279,1.0719,0.53977,0.52243,0.87616,0.46478,1.0874,0.73863,0.54498,0.65488,0.49899,0.59247,0.6408,0.3901,1.4232,0.48703,0.48235,0.46823,0.53652,0.37481,0.39996,0.32527,0.29375,0.8021,0.48623,0.49062,0.51524,1.0136,0.97017,0.91709,0.43948,0.99065,0.60415,0.95606,0.29831,0.92782,0.44681,0.71734,0.75456,0.39482,0.66551,0.60693,0.66804,0.85031,0.5281,0.63394,0.45233,1.3671,0.87439,0.63189,0.48923,0.48735,0.58358,0.73629,0.7073,0.2714,0.5952,0.81598,0.61093,0.42732,0.68094,0.80556,0.50738,0.90242,1.605,0.60525,0.60606,0.40715,0.33784,0.53797,0.59152,0.41429,0.34711,0.72185,0.60895,0.71268,0.37867,0.44963,0.8617,0.24077,0.65002,0.53604,0.37426,0.60288,0.49033,0.51546,0.5408,0.90951,0.50029,0.51965,0.71641,0.44888,0.53389,0.74184,0.78233,0.91401,0.47877,0.59415,0.65517,0.36132,0.78775,0.96997,0.68279,0.5715,0.61832,0.30426,0.47826,0.7702,0.41197,0.73351,0.33473,0.75941,0.88995,0.86763,0.80844,0.447,0.48077,0.44514,0.34443,0.28268,1.1527,0.87957,0.62416,0.6512,0.64403,0.38883,0.80083,0.56023,0.7796,0.72673,0.60922,0.33271,0.73216,0.90316,0.87476,0.59257,0.77174,0.47845,1.025,0.93976,0.95925,0.30904,0.66837,0.74631,0.42162,0.86578,0.8693,1.099,1.0925,0.33301,0.58616,1.0098,0.83213,0.28105,0.62281,0.44366,0.40136,0.90846,0.64404,0.46723,0.91487,0.86277,0.37768,0.92413,0.81185,0.45302,0.62782,0.4594,0.49286,0.77799,0.6501,0.84297,1.1253,0.38884,0.5146,0.89666,0.50049,0.55656,1.4776,1.075,0.79974,0.85656,0.67239,0.58789,0.748,0.79019,0.64846,0.67165,0.62683,0.76267,0.55144,0.84775,0.97378,0.75921,0.37985,0.48136,0.71285,0.72743,0.91518,0.80186,0.40737,0.47623,0.58584,0.93188,0.69631,0.69386,0.48586,0.49444,0.99611,0.30746,0.32796,0.64948,0.98408,0.88557,0.64515,1.0085,0.42348,0.31595,0.37958,0.47511,0.47237,0.65973,0.69557,0.72344,1.01,0.82671,0.66053,0.56701,0.35765,0.6729,1.2334,0.47519,0.61374,0.54198,0.81515,0.98522,0.73268,0.67706,0.34005,0.70048,0.67442,0.75565,0.44033,0.50079,0.58162,0.54258,1.0535,1.0678,0.6931,0.31743,0.49773,1.0674,0.91818,0.98707,0.71072,0.3769,0.56482,0.52077,0.53192,0.37583,0.81925,0.60333,0.67288,0.46738,0.54416,0.42516,0.47752,0.61574,0.33504,0.47725,0.38105,0.70866,0.45767,0.83731,0.7833,0.57307,0.38953,0.41373,0.63337,0.52802,0.61462,1.3325,0.70202,0.47986,0.82365,0.98299,0.556,0.68308,0.82425,0.91811,0.66186,0.50466,0.47535,0.54466,0.61047,0.77644,0.53213,0.49944,0.50646,0.29096,0.96537,0.50233,0.82634,0.69838,0.70833,0.29413,0.77677,0.7834,0.68481,1.0497,0.52634,0.74712,0.44756,0.34355,0.69494,0.56971,0.86544,0.5105,0.52235,1.0948,0.48352,0.48819,0.57386,0.44591,0.62437,0.71584,0.46342,0.91734,0.5409,0.25105,0.56095,0.38022,0.61938,0.54507,0.82902,0.84196,0.40887,0.41413,0.57651,0.49049,0.92319,0.59573,0.69138,0.53679,0.529,0.84246,1.0171,0.53717,0.51214,0.46829,0.50697,0.37726,0.69949,0.67397,0.50308,0.57629,0.66317,1.0486,0.61932,0.85148,0.81424,0.42035,1.1128,0.40563,1.104,0.40895,0.67186,0.62907,0.60193,1.3192,0.42301,0.50872,0.5877,1.0503,0.87377,0.69692,0.56841,0.98539,0.55664,0.46779,0.80664,0.75067,0.3142,0.28945,0.82404,0.48654,0.60156,0.91058,0.65055,0.81396,1.0472,0.535,0.55328,0.34884,0.92302,0.74083,0.77074,0.74492,0.58269,0.55717,0.54104,0.93079,0.90578,0.90484,0.67557,0.46441,0.4046,0.66187,0.41686,0.24019,0.35286,0.56061,0.55385,0.4871,1.3654,0.4228,0.44433,0.69379,1.3288,0.57416,0.69842,0.69192,0.71988,0.47948,0.37405,1.217,0.69977,0.95906,0.43687,0.40602,0.62091,0.46485,0.2071,0.3789,0.37867,0.55036,0.26742,0.57027,0.59043,0.86865,0.96765,0.58501,0.98217,0.78386,1.0939,0.52942,0.9858,0.21917,0.49787,0.99228,0.75805,0.80559,0.60668,0.4931,0.73974,0.60905,0.88616,1.1743,1.2131,0.38171,0.3086,0.58654,2.9766,1.7616,1.2037,0.97526,0.59671,1.0305,1.1886,0.5469,0.49451,0.5013,0.97232,0.6244,0.77267,0.50809,0.32232,0.98175,1.1593,0.82824,1.4023,0.78815,0.48382,0.42696,0.62667,0.48512,0.41281,0.84793,0.61714,0.63794,0.83665,0.67288,0.30151,0.50841,0.66008,0.75331,0.32459,0.29125,0.32025,0.41295,0.51656,0.66862,0.59701,0.5393,0.46475,0.45418,1.3079,0.47641,0.75441,0.401,0.38805,0.42588,0.537,0.89865,1.0294,0.43442,0.46532,0.6774,0.58105,0.55272,0.4053,0.43563,0.52162,0.69042,0.45544,0.41428,0.73,1.0527,0.87021,1.1589,0.65331,0.86437,0.63703,0.44363,0.39154,0.61666,0.68017,0.56865,1.2106,0.86319,0.89992,0.43642,0.68274,0.65724,0.75924,0.81901,0.37663,0.68434,0.45063,0.55988,0.68666,0.49812,0.51449,0.45174,0.52132,0.33315,0.36969,0.78496,0.45066,0.71413,0.53239,0.74694,0.73454,0.40768,1.1644,0.46436,1.1436,0.89492,0.58791,0.84826,0.74025,0.30763,0.43827,0.59922,0.51907,0.49485,0.61302,0.79031,0.98419,0.86595,0.97303,0.6164,0.43845,0.95056,0.59342,0.4858,0.54248,0.50463,0.85963,0.53397,0.69534,0.80652,0.54966,0.50561,0.79911,2.7801,0.88378,0.51835,0.47946,0.52794,0.99583,1.5515,0.53871,0.47355,0.55735,0.33942,0.72517,1.3143,1.0233,0.53781,0.48449,0.5445,0.77702,1.0147,1.2582,0.54614,0.92793,0.91608,0.73607,0.63589,0.48069,0.26355,0.23239,0.37743,0.80313,0.60823,0.61441,0.43602,0.65495,0.73999,0.24187,0.57933,0.65966,0.37124,0.53773,0.44074,0.80381,0.45313,0.67114,0.42483,0.74839,0.84673,0.33575,0.83692,0.47567,0.54864,1.3642,0.8717,0.41295,0.55617,0.52385,0.62027,0.51347,0.41199,0.97472,0.78667,0.7332,0.8918,0.53708,0.30812,0.59102,0.45577,0.90526,0.90419,0.47671,0.3431,0.96764,0.76641,0.41916,0.41536,0.55222,0.59728,0.6055,0.54535,0.60493,0.96441,0.77689,0.54867,0.22707,0.30619,0.59565,0.64899,0.65695,0.58294,1.0909,1.0711,0.72703,0.63729,0.76855,0.56967,0.55727,0.98133,1.0353,0.51268,0.52666,0.91617,0.35458,0.72233,1.1091,0.53644,0.48538,0.66033,0.4393,0.37598,0.70791,0.36232,0.94624,1.0812,0.4423,0.418,0.72456,0.91969,0.65038,0.59749,0.49822,0.68961,0.62189,0.7423,0.54428,0.54142,0.58398,0.66314,0.44592,1.5293,0.84079,0.91024,0.82684,0.27377,0.37261,0.86611,0.73974,0.43974,0.47891,0.26962,1.1962,0.70265,0.61995,0.42529,0.39841,1.0607,0.8452,1.3526,0.79417,0.62809,0.71278,0.72594,0.80349,0.74062,0.97231,0.46265,0.53341,0.60281,1.1275,0.88194,0.8245,0.70013,0.85247,0.84822,0.93474,0.90405,1.4028,0.89687,0.61517,0.70293,0.95143,0.90911,1.1712,0.26483,0.70276,0.35382,0.87627,0.62402,1.3752,0.60705,0.48475,0.61772,0.77879,0.58411,0.38221,1.1767,0.49433,0.67747,0.69877,0.48091,0.71715,0.48226,1.0392,0.51531,1.0935,1.6978,1.1481,0.86027,0.49254,0.51606,0.40106,0.69481,0.87802,1.1011,1.2779,1.0338,0.50506,0.36475,0.58427,0.9252,0.36423,0.38519,0.97461,0.66075,0.68675,0.35712,0.98486,0.72815,0.65695,0.7427,0.34258,0.96344,0.81167,0.71283,0.66807,0.74073,0.68309,1.1989,1.0201,0.77946,0.28833,0.57137,0.22256,0.27056,0.61806,0.51598,0.55887,0.52217,0.73986,0.62776,0.80038,0.53321,0.95767,0.61396,0.5091,1.5571,1.4448,0.88702,0.80852,0.86955,0.48697,0.56316,1.1244,0.80122,0.99401,1.2468,0.4008,0.6518,0.4955,0.3628,0.66327,0.37997,0.7806,0.37788,0.53866,0.50101,0.6931,1.0374,0.8613,0.35194,0.8429,0.71659,0.47383,1.0726,1.1893,0.68633,0.92424,0.78398,0.80929,0.4961,0.37915,0.52861,0.57621,0.98426,0.68817,0.33005,0.7113,0.51371,0.45263,0.36067,0.65097,0.82885,0.82599,0.85736,0.56334,0.52849,0.42081,0.47032,0.97479,0.85542,0.272,0.51678,0.4216,0.88201,0.84449,0.5838,0.54855,0.6339,0.55392,0.63195,1.0022,0.85997,1.5054,1.3985,0.48292,0.94302,0.60608,0.8139,0.73461,1.0034,0.72083,1.1334,0.67898,0.60827,0.59242,0.77421,1.1654,1.3019,0.78519,0.60012,0.7322,0.44684,0.69271,0.73394,0.66375,0.73528,0.31701,0.70779,0.65891,0.38172,0.40078,0.54184,0.4896,0.57304,1.0598,1.1175,0.567,0.44659,0.35599,1.065,0.49063,0.81664,0.86401,1.87,1.3947,0.87508,0.39821,0.32683,0.47051,0.37792,0.65454,0.77456,0.41022,0.78774,0.40933,0.54418,0.6665,0.61493,0.32972,0.37133,0.46991,0.46423,0.30928,0.98637,0.37437,0.69897,0.69513,0.79871,0.98394,0.61007,0.44382,0.77511,0.70363,0.5993,0.38701,0.44563,0.48493,0.94357,1.0103,1.2692,0.64804,0.44821,0.45338,0.64516,0.77437,0.57629,0.48362,0.50967,0.53584,0.45118,0.5422,0.68052,0.39313,0.42862,1.1372,0.9416,0.39866,0.54034,0.78038,0.53729,0.66224,0.43426,0.32503,0.59709,0.54151,0.70488,1.1686,1.1237,0.55473,0.47186,1.2627,0.85839,0.64315,0.66479,0.32067,0.44133,0.60215,0.57523,0.57667,0.30505,0.84643,0.49862,0.4633,0.88985,0.97105,0.88479,0.33038,0.64398,0.62856,1.4881,1.2941,0.42076,0.5035,0.71111,0.97357,0.33594,0.48121,0.75958,0.81569,0.31914,0.4144,0.41298,0.74843,0.63878,0.61937,0.43382,1.1148,0.80208,0.69394,0.24774,0.36269,0.49981,0.43857,0.25943,0.41271,0.80926,0.49122,0.50692,0.48682,0.3715,0.72598,1.0135,0.65957,0.75534,0.81609,0.68006,0.41017,0.58086,0.39628,0.30112,0.54506,0.75382,0.48508,1.6437,0.70679,0.674,0.36692,0.66174,0.54167,0.54409,0.89909,1.0444,1.1419,0.7813,0.39688,0.61562,0.52017,0.36031,0.33617,0.70268,1.1036,0.4472,0.63544,0.90181,0.542,0.62717,0.95111,0.97839,0.41875,0.45728,0.88098,0.58772,0.73277,0.59457,0.49424,0.90579,0.58919,0.34855,0.70007,0.34883,0.81073,0.62765,0.67801,0.99148,0.45026,0.40857,0.3009,0.71289,0.69336,1.2161,0.89897,0.73762,0.86343,0.67884,0.64448,0.74202,0.74474,0.63284,0.58073,0.77145,0.79078,0.59883,0.57926,0.84624,0.57417,0.5523,0.58406,0.60994,1.2948,1.1115,0.91587,0.63558,0.54165,0.41943,0.45632,0.42138,0.43356,0.85305,0.36257,0.65083,1.0683,1.5118,1.138,0.99968,0.68513,0.61947,1.361,0.80415,0.50511,0.3827,0.79052,0.60147,0.53205,0.45552,0.65059,0.57315,1.0513,0.63381,0.29818,0.73545,0.61558,0.7216,0.62719,0.83807,0.82683,0.45817,1.3081,0.4948,0.4361,0.50094,0.64721,0.3775,0.64952,2.1551,0.58553,1.1482,0.54064,0.33469,0.47669,0.53231,0.72445,0.90614,0.7427,0.93497,0.66,0.76699,0.75101,0.65247,0.73089,0.42571,0.30536,1.0637,0.73272,0.81143,0.8219,0.43447,0.61592,0.82786,0.8792,0.52014,0.80573,0.44304,0.46618,0.38582,0.78103,0.89598,0.69433,0.31248,0.55382,0.87594,0.44937,1.102,0.82724,0.83375,0.87473,1.0925,0.92952,0.54295,0.66416,0.36853,1.0382,0.95296,1.1337,1.3272,0.52419,0.89971,0.63032,0.93854,0.68028,0.74482,0.50719,0.77442,0.59507,0.5005,1.2061,1.0712,1.3253,0.5589,0.65536,0.48978,0.97404,0.32591,0.99667,0.52151,1.0903,0.68185,0.57931,0.36721,0.45057,0.60683,0.68027,0.31129,0.27709,0.45426,0.92738,0.51389,1.067,0.77529,0.38991,0.97765,0.72528,0.7629,0.35461,1.7091,1.4713,0.9631,0.79813,0.34435,1.1853,1.1952,0.51404,0.54368,0.69004,0.66042,0.47102,0.49831,0.57606,0.50178,0.82957,0.50107,0.545,0.6233,1.0279,1.1332,0.54541,0.45259,0.63441,0.46345,0.38331,0.40124,0.39241,0.62252,0.7616,0.72124,0.70054,0.74988,0.40225,0.41698,0.29543,0.20282,0.19642,0.38737,0.56566,0.69323,0.87326,0.41402,0.57448,0.98459,0.62921,0.23707,0.37981,1.0758,0.62012,0.79076,0.51893,0.84271,0.9017,0.95937,0.65318,0.58176,0.80983,0.85403,0.63215,0.40302,0.5744,0.67181,1.6881,0.74155,0.51084,0.56437,0.79142,0.56221,0.61861,0.55221,1.0685,0.62924,0.5002,0.26915,0.76002,1.0218,0.52899,0.44046,0.37459,0.50282,0.79068,0.8802,0.64927,1.1545,0.54298,0.23664,0.49386,0.81307,0.59995,0.69745,0.34136,0.89342,0.32527,0.56927,0.32068,0.3874,0.49609,0.38852,0.35206,0.57501,0.37841,0.79299,0.8614,0.74718,0.44099,0.42668,0.63096,0.36224,0.95278,0.82015,0.89386,0.77014,0.71923,0.6132,0.56564,0.72967,0.54105,0.58423,0.62571,0.4075,0.5391,0.66833,0.7047,0.88145,1.1252,0.73126,0.63828,0.80436,0.52752,1.1306,0.81156,0.68678,0.6406,0.68212,0.45908,0.65689,0.64847,1.0773,0.52498,0.73554,0.30827,0.31574,0.34231,0.38817,0.3691,0.66345,0.56672,0.67757,0.65127,1.2234,1.3672,0.89985,1.5107,0.31909,0.47491,0.99895,0.8064,1.0565,0.29785,0.67247,0.7824,0.79895,0.69246,0.61002,0.62612,0.53371,0.51826,0.95458,0.66867,0.23687,1.0419,0.83269,0.60932,0.53036,0.66464,1.26,0.4011,0.55877,0.561,0.53586,0.42236,0.70172,0.60572,0.55529,0.3149,0.56449,0.50549,0.28066,0.58754,0.87825,0.59073,0.3132,0.87754,0.322,1.0819,0.63907,0.54714,0.58361,0.53032,0.64,1.0343,0.61075,0.25206,0.43561,0.60459,0.62959,0.56122,1.2506,0.37641,0.68465,0.48912,0.47597,0.5682,1.0086,0.88009,0.78507,1.1678,0.82423,0.54958,0.5788,0.56103,0.28634,0.49495,0.26051,0.28238,0.51095,0.47922,0.89456,0.52311,0.93832,0.42139,0.98057,0.76578,1.0302,0.88028,0.45424,0.2801,0.35166,0.84123,0.92826,0.73734,1.3177,0.54378,0.68344,0.70831,0.52576,1.1543,0.89479,0.66825,1.0918,0.59473,0.60121,0.43177,0.49117,0.80824,0.97617,1.0347,0.89947,0.35821,0.68426,0.34635,0.6812,0.53725,0.50585,0.68091,0.50911,0.8074,0.48276,0.51602,0.75482,0.38361,0.32714,0.51345,0.5371,0.62979,0.51734,0.42295,0.44522,1.3202,0.88354,0.4529,0.42261,0.45364,0.5198,0.53993,0.43178,0.80881,0.3916,0.96526,0.48596,0.90521,0.77613,0.49607,0.42111,0.64671,0.96806,0.44508,0.30803,0.32166,0.6219,0.43696,0.52476,0.80342,0.90511,0.49781,0.9122,0.44299,0.42346,0.61491,0.48719,0.42521,0.68702,0.37834,0.51195,0.64267,0.47483,0.78566,0.77423,1.1201,0.56904,0.66434,0.69207,0.56041,0.37252,0.29795,0.45706,1.0612,0.565,0.74715,0.64629,0.98307,0.56545,0.80465,0.50018,0.64768,0.92617,0.45233,0.72889,0.73975,0.57757,0.78123,0.66883,0.78519,0.44741,0.49542,0.75613,0.56904,0.88671,0.5148,0.57873,0.55494,0.8009,1.0039,0.82748,0.40641,0.55777,1.0469,0.82089,0.56652,0.71969,1.1356,0.95215,0.74364,0.52959,0.35427,0.40434,0.41544,0.39725,0.60703,0.35227,0.35993,0.53849,0.45356,0.42911,0.53415,1.3035,0.82578,0.85055,0.51281,0.69801,0.35866,0.40878,0.57228,0.75768,0.66439,0.6154,0.76949,0.38483,0.44834,0.72441,0.67535,0.60697,0.61298,0.66057,0.69704,0.5275,0.46463,0.91072,0.51538,0.70294,0.92039,0.56862,0.72062
0.68808,2.2332,0.84982,0.91754,0.6291,0.39467,1.2558,1.8343,0.83704,0.63888,0.9333,0.69262,0.56725,0.56605,0.71554,0.44865,0.37623,0.42322,0.38152,0.75581,0.86861,0.26898,0.32265,0.34128,0.76687,0.48215,0.66037,1.0037,0.94758,0.84448,0.89571,0.62383,0.36872,0.55692,0.51295,0.4528,0.42351,0.91731,0.98931,0.62059,0.72611,0.80759,0.76854,0.71844,0.55797,0.49125,0.69737,0.41372,0.23059,0.63077,0.9757,0.74015,0.56017,0.75644,0.57016,0.68832,0.35685,0.62441,0.69957,0.44391,0.89212,1.0227,0.67134,1.2945,0.96262,0.63427,0.82398,0.73276,0.7907,0.62351,0.65592,0.84874,0.6032,0.70683,0.59268,0.35722,0.53563,0.37353,0.61255,0.54177,0.54763,0.52223,0.64077,0.70076,0.98163,0.61522,0.57776,0.46053,0.64923,0.68633,0.7279,1.2584,0.31994,0.54759,0.40295,0.79211,0.98781,0.26611,0.4754,0.53894,0.81546,1.1396,0.64232,0.85522,0.80886,0.34361,0.34605,1.2805,0.52134,0.6207,1.2081,1.0021,0.44505,0.56836,1.0293,0.45718,0.71813,0.27855,0.40492,0.58693,0.79965,0.43129,0.32956,0.96263,0.90512,0.74861,0.59697,0.54886,0.44113,0.46098,0.36107,0.25853,0.3736,0.43377,0.14864,0.44613,0.39953,0.78619,0.38785,0.51842,0.30713,0.87555,0.67093,0.60007,0.74018,0.53687,0.71383,1.0633,0.83504,0.58545,0.24478,0.41696,0.4886,0.74329,0.79751,0.50133,0.44257,0.57397,0.26722,0.45231,0.58124,0.39703,0.5578,0.66002,0.46573,0.31483,0.25658,0.38976,0.73786,0.4366,0.55385,0.73886,0.5379,0.71992,0.8339,0.52112,0.43825,0.58309,0.52248,0.69519,0.63569,0.79616,0.40437,0.70022,0.77731,0.90886,0.92261,0.78375,0.51095,0.63678,0.34863,0.47713,0.66737,0.89945,0.3625,0.87457,0.47267,0.56861,0.60632,0.38506,0.66293,0.51067,0.30884,0.51024,0.61214,0.58401,0.48985,0.55531,0.52589,0.14479,0.65438,0.84037,0.79587,0.76301,0.46327,0.52528,0.38357,0.80243,1.0067,0.57233,0.29047,0.52792,0.77221,1.0536,0.78022,0.46791,0.70433,0.51254,0.49097,0.78014,0.87565,0.7692,0.77708,0.39713,0.68991,0.80958,0.80774,0.61157,0.64167,0.65108,0.52898,0.2299,0.6929,0.52633,0.70393,0.54265,0.48799,0.45825,0.58977,1.2514,0.32695,0.4539,0.51157,0.59057,0.55449,0.59482,0.55648,0.82058,0.98101,0.70557,0.55005,0.4001,0.49495,0.78226,0.74234,0.76339,1.1977,0.97917,0.43842,0.37268,0.556,0.70145,0.48516,0.72522,0.44123,0.69628,0.6607,0.47129,0.6619,0.8827,0.98435,1.2612,0.69331,0.77146,0.52026,0.77405,0.81113,0.47511,0.5833,0.70019,0.64314,0.2334,0.62763,0.33264,0.56319,0.43244,0.67657,0.92592,0.27629,0.35388,0.54278,0.59612,0.6698,0.99172,0.39326,0.32154,0.51892,0.64879,0.56859,0.46206,0.37285,0.24704,0.44009,0.57512,0.44275,0.65633,0.25477,0.64079,0.41181,0.48062,0.67113,0.84716,0.7101,0.46427,0.85369,0.62877,0.93045,0.76353,1.1044,0.65126,0.82148,0.60498,1.0854,0.79567,0.38506,0.87959,0.44177,0.71505,0.60252,0.63116,0.86645,1.7398,1.4901,0.74578,0.8329,1.5404,0.96576,0.81549,0.62925,0.92995,1.3724,0.85349,0.61884,0.51714,0.70213,0.54541,0.79797,0.67705,0.68504,0.94276,0.61662,0.5507,0.58216,1.0302,0.33796,0.59557,0.40325,1.0841,0.75012,0.52889,0.97636,0.5669,0.43855,0.41923,0.74124,0.84126,0.39724,0.5161,0.90386,0.71014,0.74963,0.41616,0.43246,1.0243,0.51688,0.7036,0.88949,0.39878,0.54038,1.1997,0.443,0.61706,0.47242,0.91699,0.67078,0.55537,0.75058,1.0075,0.40132,0.28511,0.37051,0.73847,0.61585,0.26853,0.33998,0.3785,0.55561,0.48418,1.2186,0.54278,0.38914,1.7171,0.85105,0.95262,0.74796,0.45309,0.75055,0.22859,0.44976,0.56108,0.79306,1.2399,0.47011,1.2048,0.81744,1.8843,0.59922,0.47162,0.75843,0.41586,0.84205,0.53002,0.49964,0.50221,0.47913,0.48273,1.62,0.77873,0.28494,0.81884,0.33228,0.24272,0.55941,0.22332,0.53931,0.51225,0.28071,0.54931,0.38606,0.72565,0.81159,0.40306,0.80513,0.64656,0.61132,0.5208,0.70625,0.85775,1.0133,0.4776,0.60342,0.56209,0.85725,0.72099,0.86505,0.77708,0.70408,0.50385,0.809,0.64358,0.68354,0.39195,0.95622,0.74341,0.80186,1.0701,0.45914,0.89006,0.88433,0.90462,0.60063,0.34292,0.38686,0.42792,0.41849,0.52584,1.0311,0.52707,0.55546,0.63036,0.47563,0.47916,0.58879,0.67652,0.62072,1.1141,0.5775,0.42538,1.0604,0.48504,0.9368,0.95077,0.55499,0.33059,0.64907,0.45982,0.76153,0.48351,0.4925,0.90203,0.65027,0.56409,0.7511,0.63832,0.80019,0.9736,0.90123,0.44978,0.99816,0.6146,0.50481,0.77135,0.4133,1.0984,1.1206,0.46534,0.41614,0.83624,0.93299,0.56676,0.43405,0.5472,0.46705,0.79043,0.51252,0.55765,0.43074,0.34553,0.2946,0.43838,0.72254,0.50371,0.5469,0.88399,1.0719,0.40001,0.68859,0.56394,0.62223,0.46996,0.47441,0.56152,0.49368,0.5559,0.49363,0.68992,0.9274,0.61182,1.0087,0.49157,0.86997,0.73369,1.1589,0.7227,1.0791,0.63989,0.54284,0.55118,0.86517,0.64801,0.43367,0.46123,0.76933,0.81009,0.42518,0.42473,0.27801,0.56838,0.22196,0.62998,0.46309,0.49867,1.1837,0.62815,0.57736,0.60389,0.34552,0.48506,0.65482,0.65996,0.25849,0.47298,0.844,1.2007,0.58652,0.70496,0.99887,1.3628,0.74461,0.36874,0.42354,0.49492,0.33081,0.61061,1.3068,0.60764,0.54514,0.40817,0.50097,0.39943,0.90788,0.60044,0.50999,0.4367,0.49202,0.61866,0.79878,0.63711,0.68218,0.45722,0.77792,0.85651,0.88351,0.90724,0.50931,0.56345,0.47645,0.51943,0.19443,0.35008,0.43768,0.66541,0.83696,0.47239,0.90709,0.44634,0.56857,0.42236,0.29134,0.69042,0.53045,0.80507,0.619,0.93426,1.1242,0.71576,0.52763,0.52441,0.51715,0.51497,0.32862,0.3686,0.43733,0.82044,1.077,0.57598,0.60626,0.78177,0.46462,1.5545,0.66882,0.6595,0.69463,0.27654,0.51442,0.98896,0.86485,0.33805,1.784,1.0728,0.63876,0.6531,0.974,1.2007,0.87139,0.63789,0.40329,0.58141,0.51081,0.86609,0.53386,0.3969,0.40152,0.58965,0.94254,0.8386,0.39477,0.45849,0.64009,0.66074,1.1344,1.1891,0.47112,0.46442,1.1549,0.71059,0.95999,0.49447,0.73958,0.26029,0.65093,0.84737,1.1659,1.3232,1.0932,0.68571,0.76509,0.62501,0.71214,0.71306,0.96719,0.42762,0.38381,0.51402,1.0055,0.91978,0.4046,0.34287,0.46959,0.726,0.74774,0.39214,0.56047,0.49577,0.98241,0.21359,0.61876,0.57199,1.512,0.78461,1.1065,0.60638,0.52093,1.1259,0.61395,0.75465,0.74732,0.7452,0.74004,0.62827,0.85201,1.1054,1.0233,0.34072,0.58835,0.49572,0.85965,0.87129,0.75644,0.98697,0.40854,0.2859,0.60418,1.0987,0.75113,0.99723,0.5542,0.58975,0.25458,0.45788,0.26912,0.51553,0.58709,0.66804,0.62846,1.1016,0.84465,0.42679,0.84262,0.83548,1.0613,0.37596,0.51141,0.55191,0.59029,0.41067,0.37884,0.65396,0.60378,0.87921,0.49386,0.53781,0.37883,0.30828,0.58792,0.55019,0.49652,0.47421,0.7838,0.74511,0.56045,0.59916,0.65516,0.28624,0.56912,0.26685,0.91146,0.95883,0.79113,0.45342,0.97992,0.4313,0.60703,0.41674,0.36187,0.33577,0.98047,0.52075,0.89318,0.63821,0.50854,0.53225,0.85237,0.59199,0.37486,0.59881,0.46971,0.42365,0.46964,0.46958,0.53572,0.69484,0.46185,0.71239,0.58815,0.64915,0.81337,0.67476,0.25661,0.56607,0.64526,0.36296,0.27957,0.14838,0.46627,0.72076,0.84504,0.87146,0.68686,0.32828,0.91379,0.69705,0.43652,0.35852,0.37939,0.23481,0.50562,0.93318,0.98287,0.59594,0.70181,0.5232,0.3464,0.44156,0.5796,0.45746,0.28972,0.52622,0.92724,0.27652,1.0429,1.1446,0.71502,0.65179,0.36785,0.68717,0.88638,1.9539,0.62258,0.41773,0.36935,0.38063,0.46687,0.72851,0.51676,0.82206,1.0468,0.30197,0.278,0.38948,0.79773,0.3417,0.22195,0.47141,0.50092,0.42086,0.68098,0.40865,0.27945,0.68208,0.56855,0.61838,1.6741,0.73047,0.36598,0.60576,0.47307,1.4646,0.49015,0.43848,0.26953,0.56011,0.93351,0.58421,0.70988,0.45066,0.39404,0.66256,0.69335,1.0766,0.57464,0.65549,1.5543,0.67983,0.519,0.52828,1.0479,0.77035,1.0283,0.88899,0.86124,0.92199,0.87706,0.72972,0.59511,0.25653,0.48391,0.74177,1.072,0.40398,0.3663,0.5243,0.28419,0.59755,0.70292,0.6895,0.58463,0.97464,0.92308,0.92533,0.58907,0.50005,0.89936,0.84838,0.46156,0.88872,0.67188,0.69726,0.42214,0.37628,0.27811,0.75578,1.0725,1.0552,0.6547,0.94963,0.86085,0.4287,0.97225,0.77734,0.87701,1.0207,0.68606,0.39592,0.58015,0.60801,0.8128,0.7765,0.84293,0.6408,0.58783,0.71129,0.48184,0.76098,0.56459,0.84458,0.29635,0.75492,0.72597,0.51807,0.75638,0.56921,0.67827,0.79194,0.52096,0.51684,0.52017,0.52367,0.77307,0.651,0.6434,0.59951,0.33855,0.36853,0.6209,0.88183,0.60094,0.45697,0.51856,0.41372,0.66086,0.8114,0.47972,0.65063,0.39646,0.50255,0.52827,0.45367,0.71234,0.8962,1.0544,0.80817,0.51208,0.42605,0.37742,0.50309,0.93485,0.67722,0.45243,0.47975,0.51241,1.0253,0.86244,0.82256,0.80164,0.35847,0.81106,0.65872,0.67283,0.74639,0.63799,0.60056,0.53803,0.36863,0.83991,0.80713,0.59783,0.5369,0.44624,0.55275,0.88281,0.70896,0.54042,0.46761,0.44165,0.49465,0.44362,0.48933,0.66319,0.68067,0.80337,0.5136,0.57531,1.2253,0.46903,0.58908,0.87918,0.70213,0.66632,0.37597,0.8342,0.51192,0.49111,0.47014,0.83274,1.0626,0.56725,0.44494,0.27162,0.62505,1.1972,0.80013,0.75169,0.59012,0.31772,0.2829,0.57122,0.79625,0.50894,0.8907,0.5098,0.62145,0.2879,0.2801,0.49586,0.56753,0.5097,0.61675,0.67866,0.50299,0.71091,0.49707,0.40813,0.44115,0.41656,0.89014,0.39389,0.93083,1.4232,0.544,0.97465,0.64367,0.59573,0.80125,0.57801,0.82444,0.29696,0.90697,0.40431,0.64063,0.67684,0.46573,0.58377,0.92419,1.273,0.76703,0.7355,0.29837,0.51382,0.73544,0.72771,0.36293,0.68027,0.53597,0.4199,0.62103,0.4834,0.45511,0.56446,0.56523,0.79621,0.95653,0.51341,0.59233,0.79836,0.67595,0.64751,0.47958,0.5745,0.72421,0.61096,0.36497,0.26525,0.43425,0.57968,0.72467,0.80387,0.36078,0.47124,0.87586,0.58865,0.77028,0.67999,0.99783,0.60971,0.34198,0.51718,0.81192,1.4042,0.85918,0.91866,0.50866,0.33153,0.63641,0.57434,0.41555,0.37556,0.66933,0.35084,0.66861,0.59065,0.53031,0.9073,0.27787,0.88899,0.89253,0.52137,0.60805,0.47296,0.94967,0.7016,0.66276,0.81977,0.36658,0.38383,0.54013,0.97279,0.53082,0.46653,0.27273,0.54258,0.63506,1.4127,0.53395,0.95754,0.58353,0.70775,0.55395,0.44958,0.9966,0.90442,0.52792,0.44814,0.99664,0.37366,0.41325,0.51845,0.31983,0.66642,0.51621,0.33967,0.45953,0.78927,0.73141,0.89427,0.29016,1.3066,0.69789,0.5753,0.50776,0.35692,0.17751,0.85953,0.50163,0.88933,0.65633,0.64227,0.50845,0.68949,0.55928,0.68831,0.85107,0.79277,0.47482,0.52206,0.37199,0.43815,0.45562,0.8635,0.54579,0.55624,0.30014,0.68261,0.91742,0.62095,1.4361,0.96576,1.2127,1.0099,0.92402,0.55833,0.47267,0.6463,0.49791,0.54527,0.36295,0.51604,0.91623,1.0154,0.66924,0.80557,0.88448,0.50132,0.69836,0.57166,0.5145,0.36787,0.40418,1.3757,0.48814,0.77491,0.48311,0.33366,0.39451,1.0572,1.4609,0.73806,0.94653,0.49367,0.44881,0.93253,1.1295,1.1471,0.27154,0.29463,0.57391,0.50384,0.73053,0.41967,1.4529,0.96761,0.63125,0.42382,0.86237,1.0254,1.3481,1.4011,1.5133,1.2186,0.4311,0.6197,0.36212,0.40018,0.74337,0.67523,0.9493,0.53917,0.63461,0.69782,0.53578,1.0507,0.45029,0.32659,0.32196,0.43195,0.52376,0.37341,0.27526,0.43532,0.56891,0.28397,0.3956,0.60386,0.51587,0.80819,0.51396,0.74371,0.58796,0.30112,0.33137,0.40749,0.68951,0.59502,0.27281,0.2622,0.46744,0.69798,0.27868,0.65236,0.44176,0.83356,0.817,0.71377,0.49946,0.67457,0.59254,0.56319,1.3621,0.79838,1.0895,0.31914,0.85478,0.64879,0.49638,0.81659,0.87966,0.64439,0.74568,1.1373,0.71543,0.81246,0.73242,0.31529,0.47842,0.61471,0.36128,0.7682,0.73388,0.38871,0.46197,0.54231,0.78022,0.71769,0.25017,0.58797,0.46417,0.86532,0.71493,0.39562,0.57025,0.51185,0.4832,0.65642,0.62282,0.44916,0.9369,0.56615,0.49918,0.46419,0.33666,0.36974,0.35424,0.46755,0.67405,0.37347,0.70562,0.87112,1.2255,0.6066,0.37178,0.73386,0.95362,0.66026,0.76213,0.47752,0.64606,0.53016,0.3928,0.66472,1.1546,0.63257,0.4688,0.6056,0.59272,0.67097,0.90691,0.67085,1.0039,0.46226,0.4009,0.43555,1.0613,0.5784,0.72308,0.81424,1.0931,0.61271,0.56378,0.6534,0.76745,1.3683,1.0901,0.59474,0.20634,0.59987,0.65948,0.60195,0.56164,0.55681,0.63287,0.51775,0.37982,0.4255,0.53597,0.77437,0.9071,0.83241,0.73773,0.48422,0.73768,0.77225,0.97108,0.33841,0.39487,0.36477,0.53035,0.69988,0.98153,0.83605,0.53811,0.44697,0.57796,0.54486,0.67795,0.76561,0.65466,0.66802,0.82589,0.82775,0.50976,0.49103,0.61167,0.58329,1.3352,0.60268,0.52623,0.67969,0.4496,0.57108,0.69667,0.76744,0.44012,0.37917,0.72954,0.57523,0.6306,0.52692,0.58939,0.63953,0.62852,1.1373,0.24467,0.37236,0.6883,0.58777,0.51459,0.56857,0.67505,0.3102,0.68074,0.55109,1.032,0.56612,0.51469,1.1671,0.66357,0.61067,0.34592,0.28418,0.39539,0.74639,1.3635,0.67872,0.40633,0.66011,0.93549,0.85556,0.3203,0.35528,1.3857,1.2488,0.38602,0.53896,1.135,0.88596,1.2794,0.77336,0.44139,0.77961,0.57606,0.4777,0.36263,0.55311,0.46164,0.51032,0.62594,0.47601,0.75928,1.2609,0.80695,0.50043,0.80204,1.1287,0.58995,0.88491,0.79615,0.56654,0.76803,0.4403,0.40754,0.86654,0.4585,0.54007,0.6775,1.1829,0.66877,0.77642,0.87945,0.96692,0.9277,0.84022,0.69434,0.73211,0.80538,0.63927,0.72981,0.42802,0.55154,0.37502,0.7904,0.81725,0.51055,0.90685,0.96246,0.99237,0.62677,0.48484,0.61226,0.38822,0.56149,0.72078,0.51897,0.49887,1.6789,0.96671,0.74235,0.46317,0.505,0.52285,0.60005,0.64274,0.65587,1.1902,0.37206,0.41087,0.37726,0.82538,0.83971,1.0607,0.85643,0.71203,0.32958,0.45593,1.0059,0.8197,0.41383,0.669,0.76697,0.56885,0.56453,1.4516,0.42114,0.51583,0.87626,0.73033,0.4204,0.29297,1.4499,1.2126,0.6378,0.53122,0.4844,0.55499,0.46072,0.3824,0.88411,0.432,0.90377,0.27387,0.66448,0.33273,0.44549,0.70963,0.46925,0.61554,0.4297,0.30748,0.54091,0.56291,0.87276,0.66173,0.64446,0.56307,0.18579,0.46443,0.36163,0.38991,0.6145,0.55301,0.51732,0.7093,0.34077,0.85797,0.61941,0.56665,0.22833,0.82916,0.79815,1.4886,1.2657,1.4876,0.50188,0.72711,0.59247,0.55624,0.47036,0.61031,0.93325,0.62072,0.39128,0.63609,0.41453,0.26558,0.52424,0.73713,0.6694,0.77924,0.29239,0.4538,0.90961,0.50953,0.49259,0.81818,1.3747,1.2316,0.34278,0.74566,1.3108,1.044,0.59857,0.8741,0.75021,0.56061,0.38478,0.41997,0.70357,0.63695,1.014,0.23908,0.15487,0.52651,1.0104,0.73469,0.27774,0.60901,0.33853,1.0143,0.67924,0.69287,0.5504,0.58887,0.75142,0.68488,0.31835,0.43366,0.49238,0.62299,0.51864,0.6687,0.86443,0.45222,0.407,0.83007,1.1411,0.42012,0.80424,1.4194,0.59148,0.42321,0.92769,0.75507,1.0473,0.76627,0.93216,0.9461,0.57664,0.43494,0.66473,0.77534,0.47267,1.2572,0.69337,0.45981,0.63275,0.79047,0.45513,0.72536,0.49078,0.41515,0.36783,0.38971,0.56319,0.94235,0.93898,0.32498,0.52035,0.34313,0.38856,0.6762,0.36644,0.3684,0.39965,0.30296,0.36423,0.95959,0.96227,1.2502,1.0858,0.5312,0.53244,0.43808,0.6109,0.65723,0.44074,0.3706,1.1294,0.57663,0.39892,0.49061,0.40748,0.87423,0.96641,1.1957,1.6506,0.54464,0.65378,0.43809,0.6459,1.0735,0.87763,3.0542,2.8046,1.0611,0.87064,0.4445,0.46052,0.48238,0.71965,0.3804,0.26378,0.39093,0.23146,0.78417,0.99842,0.54173,0.44083,0.82709,0.53948,0.83543,0.58222,0.57196,0.49973,0.60556,0.72953,0.58572,0.32763,0.58586,0.64592,0.79651,0.9304,0.44224,0.54411,0.56453,1.1531,0.45394,0.89035,0.63462,0.49566,0.41559,0.82252,0.8715,0.55877,0.46018,0.76548,0.43467,0.74175,0.69212,0.41479,0.23181,0.83143,5.3952,5.0627,0.84359,0.71113,0.73998,0.69408,0.65687,0.42293,0.96728,0.57693,0.86394,0.84852,0.23773,0.79881,0.54697,0.51435,0.67345,0.57495,0.36091,0.45474,0.29324,0.71619,0.99224,0.43156,0.72326,0.44109,0.45215,0.67349,0.85461,0.39385,0.86793,0.54966,0.452,0.35624,0.30656,0.42625,0.45287,0.72049,0.37756,0.51051,0.36422,0.62028,0.86622,0.97273,0.79337,0.76076,0.66658,0.4142,0.23945,0.55653,0.67738,0.5706,0.87557,0.721,0.76604,0.43143,1.1665,0.38881,0.58521,0.34792,0.48788,0.53321,0.53935,0.62407,0.56979,1.1446,0.5677,0.66945,0.23367,0.42932,0.29736,0.66788,0.95187,0.71076,0.80751,0.72966,0.48982,0.63094,0.45511,0.36202,0.38426,0.66065,0.87105,0.77777,0.94059,0.57062,0.56014,0.32482,0.52962,0.53682,0.57011,0.6169,0.40841,0.68063,0.80268,0.74622,0.47163,0.75814,0.91503,0.44535,0.46152,0.87681,0.85839,0.85105,0.40959,0.40584,0.70789,0.62535,0.4574,0.90415,0.5633,0.50122,0.51595,1.0887,0.6796,1.0021,0.51153,0.38495,0.59771,0.79499,0.4302,0.90091,0.5679,0.41829,0.899,0.64239,0.37902,0.86528,0.84501,0.51629,0.73635,0.86225,0.64778,0.60098,0.50842,0.55656,0.75116,0.6658,1.2586,0.81226,1.3058,0.22646,0.47232,0.46484,0.86529,0.68162,0.6751,0.41749,0.41787,0.6132,0.54085,1.0431,0.70225,0.63308,0.59019,0.32884,0.69416,0.82496,0.35452,0.76815,0.66239,1.0325,0.80313,0.5209,0.68218,0.83446,0.969,0.5935,0.3448,0.43627,0.37252,0.57728,0.344,0.46865,0.89548,0.34732,0.59274,0.89298,0.67788,0.87126,0.85778,0.70362,0.46446,0.97359,0.88024,0.81771,0.95455,0.6195,0.75038,0.98228,0.7415,0.64499,0.94265,1.0321,0.96098,1.1139,0.73925,0.61519,0.81291,0.56168,0.41955,0.82299,0.47995,0.87568,0.49951,0.66478,0.72858,0.26249,0.4865,0.79505,1.3458,1.2588,0.65807,0.90233,0.49872,0.73785,0.84371,0.48347,0.3623,0.67129,0.41608,0.4189,0.51213,0.67962,0.52063,0.51785,0.51802,0.97415,0.93824,0.52821,0.28526,0.37646,0.91106,1.1323,0.98125,0.26606,0.39513,0.3383,0.68441,0.42448,1.1657,1.1819,0.50534,0.77021,1.0799,0.25737,0.87433,0.24789,0.70374,0.46715,0.53085,0.56951,1.4038,0.51227,1.9739,0.41094,0.65306,0.3003,0.65106,0.54473,0.58009,1.2058,0.618,0.51399,0.87411,0.97615,0.92111,0.26798,0.55346,0.5745,0.50922,0.51195,0.8193,0.5144,0.49059,0.90841,1.0669,0.60772,0.33139,0.20868,0.54781,0.33288,0.43353,0.56525,0.51825,0.81038,0.2988,0.93707,0.56773,0.53535,0.41839,0.91781,0.37912,0.57813,0.67772,0.53518,1.0986,0.41796,1.0308,0.29057,0.54254,0.1894,0.67886,0.51373,0.52412,0.36273,0.34112,0.31579,0.67885,0.4389,0.90526,0.61805,0.6823,0.57192,0.59644,0.80503,0.39741,0.6897,0.82084,0.79084,0.9863,0.63277,0.55275,0.63148,0.89192,0.54791,0.6844,0.49998,0.63917,0.64171,1.0235,0.52069,1.0525,1.243,0.50738,0.38285,0.5809,0.6926,0.31729,0.74533,1.2714,0.39389,0.29989,0.72379,1.0527,0.3679,0.43039,0.71687,0.58812,0.38911,1.0107,0.72396,0.67865,0.74341,0.14156,0.42495,0.27653,0.47374,0.77725,0.73621,1.1013,0.90325,0.60614,0.60396,0.58449,0.50811,0.4615,1.4251,0.77599,0.46616,0.57891,1.2676,0.78175,0.76329,0.41339,0.43923,0.44291,0.5064,0.70682,0.62426,0.53661,0.87281,0.95386,0.95903,0.76874,0.90523,0.43106,1.356,0.6363,0.6159,0.49784,0.67264,0.9748,0.80877,0.9144,0.41179,0.68885,0.39289,0.37775,0.48448,0.51532,1.0986,1.0452,0.59087,0.51803,0.4227,0.49826,0.78424,0.78996,1.3782,0.32811,0.73131,1.0902,0.7336,0.4975,0.60405,0.71982,1.2462,1.1813,0.48325,1.0543,0.48372,1.1244,0.79167,0.54782,0.69269,0.91109,0.94664,0.84961,0.85379,0.78056,1.1269,1.0225,0.33543,0.85401,0.65346,1.1823,0.47054,0.34522,0.34264,0.74437,0.50176,0.35874,0.78037,0.58907,0.47593,0.26092,0.61783,0.65937,0.74595,0.30794,0.46617,0.61598,0.76444,0.78794,0.65561,0.45895,1.2782,0.6782,0.72906,0.25495,0.41281,0.84919,0.42872,0.63151,0.89469,0.84983,0.62418,0.32782,0.6538,1.0206,0.52961,0.76353,1.1106,0.53643,0.6764,0.62269,0.48182,0.65584,0.7021,0.65716,0.60216,0.28121,0.57484,0.4568,0.74098,0.76136,0.83857,0.40438,0.83003,1.1156,0.56406,0.42945,0.56005,0.82543,0.66548,0.33523,2.1332,1.0192,1.0091,0.86847,0.69347,0.73755,0.75874,0.91123,0.42136,0.26747,0.34263,0.4374,0.43517,0.58592,0.61108,0.6746,1.081,0.91116,0.62919,0.71613,0.51876,0.25979,0.55243,0.58038,0.36876,0.95085,0.75511,0.36337,0.37908,0.3591,0.27642,0.56484,0.38777,0.34293,0.54746,0.77014,0.32531,0.76619,0.78508,0.70831,0.72561,0.69525,1.1113,0.49535,0.35942,0.6178,0.71608,0.72961,0.76007,0.66457,1.3113,1.0605,0.83289,0.64496,0.46883,0.58042,0.67524,0.94367,0.34457,0.26168,0.27764,1.2707,0.5848,0.54321,0.39077,0.68728,0.34749,0.47671,0.77123,0.74107,0.33347,0.52089,0.62328,0.70173,0.5706,0.39309,0.44089,0.60652,0.52332,0.67985,1.0097,0.51313,0.63159,0.6557,0.46898,0.54258,0.79516,0.70669,0.3837,0.47917,0.6038,0.69613,0.9141,1.0193,0.30451,0.21332,0.60993,0.72038,0.44782,0.48975,0.71162,0.69626,0.64208,0.63633,0.77573,0.72246,0.67107,0.44272,0.5273,0.6253,0.46852,0.87318,0.45571,0.80511,0.55629,0.46419,0.59137,1.4448,0.7034,0.65603,0.67213,0.33159,0.46359,0.46278,0.90284,0.47877,0.8756,0.85667,0.61714,0.34491,0.7062,0.42038,0.62196,0.37628,0.55674,0.37927,1.0652,0.27856,0.58794,1.0667,0.54137,0.38902,0.91134,0.55141,0.67256,0.51308,0.56739,0.31866,0.65401,0.26215,0.52002,0.87775,0.8164,0.29934,0.61299,0.3499,0.51836,1.0982,1.0526,0.88397,0.75978,0.73857,0.31318
1.6106,1.1036,0.44309,0.65367,1.1148,0.61894,0.69012,0.60633,0.20404,0.45808,0.87029,0.6037,0.57941,0.6765,0.51936,0.32665,0.27321,0.66992,0.69182,0.69641,0.67767,0.76542,0.44864,0.46679,0.65098,0.61717,0.56829,0.44314,0.83726,0.99654,0.74664,0.74591,0.4853,0.3687,0.69231,0.35193,0.65679,0.57117,0.28416,0.81938,1.0471,0.78028,1.145,0.816,0.54498,0.68784,0.86987,0.71607,0.46923,0.51337,0.53914,1.1075,0.49356,0.48662,0.71911,0.35298,0.51892,0.43527,0.34268,0.30308,0.64683,0.47508,0.80829,0.83706,0.71579,0.64446,0.58705,0.4403,0.55596,0.40455,1.2131,0.33239,0.6194,0.5367,0.389,0.60519,0.47215,0.77882,0.69125,0.57801,0.39713,0.52082,0.48359,0.60747,0.43658,0.82876,0.50886,0.66932,0.54556,0.63731,0.42115,0.40219,0.43598,0.81603,0.55209,0.58096,0.78493,0.94181,0.55881,0.41851,0.56732,0.71454,0.52343,0.56991,0.61105,0.51987,0.37372,0.47449,1.1016,0.75681,0.60079,1.0506,1.4676,0.88608,1.2995,0.81398,0.75209,0.58649,0.40106,0.63469,0.49671,0.39805,0.5014,1.1993,1.2378,0.48359,0.58974,0.63988,0.52968,0.68564,0.75468,0.36254,0.59381,0.72529,0.71981,0.31022,0.6764,1.1516,0.39905,0.20518,0.7221,0.79352,0.64179,0.44868,0.87374,0.32961,0.65713,0.6958,0.40113,0.31889,0.58625,0.61367,0.47854,0.63135,0.63561,0.37809,0.50089,0.84662,0.74168,0.61587,0.45509,0.91619,0.98497,0.33178,0.42403,0.46737,0.37492,0.31405,0.58389,0.59679,0.58166,0.82099,0.87065,0.63676,0.68667,0.39536,0.45203,0.56587,0.30766,0.4173,0.66196,0.79953,0.78037,0.42274,0.50451,0.3527,0.64112,0.75714,0.97876,1.0414,0.60537,0.68594,0.30875,0.44245,1.0793,0.44447,0.73109,0.38346,0.67287,0.82553,0.45496,0.67862,0.61677,0.69379,0.65754,0.43287,0.72398,0.39692,0.27816,0.40895,0.8308,0.61826,0.61555,0.28189,0.51712,0.58462,0.63626,0.69533,0.58575,0.38556,0.62893,0.48215,0.46506,0.48055,0.70899,0.65869,0.47301,0.34113,0.7728,0.7301,0.72756,0.71093,0.48271,0.30974,0.48291,0.42388,0.53707,0.76557,0.68831,0.39754,0.3892,0.54164,0.50605,0.32316,0.44851,0.50893,0.37032,0.66601,0.30868,0.53773,0.5205,0.38516,0.53876,0.5377,0.63236,0.82981,0.57441,0.70917,0.42129,0.63992,0.73596,0.73313,0.28509,0.3044,1.4412,0.5676,0.78201,0.42672,0.84569,0.38793,0.44684,0.4782,0.42198,0.71079,0.5058,0.61552,0.43268,0.69042,0.5176,0.77877,0.73486,0.61561,0.51149,0.83062,0.72475,0.46083,1.0288,0.76778,1.2343,0.41469,0.30012,0.30298,0.45617,0.47632,0.45467,0.26843,0.74042,1.1056,0.5647,0.52544,0.95761,0.98598,0.52953,0.71623,1.0191,0.53886,0.4943,0.96906,0.39917,0.30783,0.80595,0.52786,0.54346,0.43961,0.70297,0.68451,0.27893,0.37608,0.6483,0.73323,0.41748,0.77779,0.7584,0.57861,0.29979,0.8161,0.57028,1.0751,0.93913,0.95713,0.53479,0.35891,0.28446,0.43412,0.25688,0.62278,0.67122,0.33394,0.5505,0.44104,0.25974,0.9063,0.78889,0.73217,0.58194,0.6444,1.0289,0.62239,0.42447,0.36312,0.99175,0.91171,0.91264,0.72137,0.59863,0.79848,0.90134,0.67712,0.65591,0.39745,0.52637,0.40916,0.48687,1.161,0.42895,0.38536,0.39194,0.57805,0.64744,0.62118,0.57353,0.73498,0.68248,0.7263,0.4969,0.51204,0.66588,0.31834,0.55488,0.49386,0.72503,0.55533,0.47955,1.3196,0.88758,1.0447,1.1138,0.72577,0.50474,0.56468,0.57171,0.58762,0.82029,0.71417,0.57773,0.32115,0.34253,0.68708,0.43435,0.81826,1.1492,0.81155,0.72982,0.51158,0.41986,0.40381,0.83549,0.81127,0.85615,0.70217,1.202,0.99991,0.60172,1.6011,0.69944,0.34771,0.28813,0.47993,0.57644,0.87262,0.54103,0.59825,0.68919,1.078,0.32119,1.5739,0.82933,0.79483,0.50207,0.47132,0.68389,0.34173,0.34092,0.45444,0.66227,0.51304,1.6182,1.3048,0.2944,0.80127,0.6888,0.91047,1.0167,0.24189,0.73098,0.3983,0.6983,0.64388,0.9156,0.7239,0.68326,0.56883,0.37849,0.97322,0.47868,0.34629,0.38565,0.85181,0.7337,0.53402,0.66838,0.58533,0.43965,0.60602,1.4732,1.0266,0.39623,0.70108,0.73302,0.62644,0.57305,0.82922,0.54817,0.56158,0.58449,0.70848,1.376,1.458,0.75348,0.74623,0.49187,0.26375,0.49991,0.61209,0.28846,0.4849,0.74163,0.37368,0.65995,0.40929,0.79829,0.8882,0.72682,0.59732,0.69733,0.50693,0.31871,0.52656,0.53223,1.1416,1.1175,0.86927,0.46743,0.45606,0.42706,0.6322,1.0637,0.55705,0.49867,1.2154,0.48534,1.1593,0.38966,0.59133,0.86151,0.73772,0.77638,0.60979,0.47986,0.65733,0.92931,0.37753,0.66474,0.66947,0.44877,0.54413,0.96196,0.81051,0.45751,0.4678,0.62123,0.5792,0.64955,0.98247,0.84751,0.38029,0.74777,0.56277,0.62162,0.27714,0.64789,0.6726,0.89055,1.0348,0.59966,0.44903,0.74259,0.54688,0.3868,0.92402,1.2911,0.84457,0.92063,0.70167,0.57132,0.70424,1.3688,1.5897,1.0975,0.78857,0.76503,0.58618,0.6609,0.65712,0.57048,0.58716,0.36929,0.23113,0.3478,0.64339,0.70326,0.48471,0.68148,0.55407,0.44474,0.40745,0.81406,0.40463,0.39261,0.71958,0.77378,0.69962,0.60228,0.76432,0.94463,1.1131,0.56861,0.51659,0.61867,0.76166,0.50636,0.44634,0.63828,0.37774,0.88662,1.1592,0.85156,0.69085,0.54307,0.85606,0.73873,0.63579,0.32308,0.64804,0.92336,0.66388,0.74424,0.73197,0.4352,0.79117,0.87765,0.54063,0.69588,0.44064,0.40483,0.6672,0.94009,0.40808,0.76313,0.85175,0.67016,0.57126,1.0605,1.0327,0.29458,0.65922,0.67135,0.73584,0.89233,0.51601,0.84274,0.69893,1.2148,0.43427,0.56847,0.54475,0.87405,0.55602,0.41474,0.69395,0.57759,0.39976,0.90462,0.66701,0.47048,0.57993,0.79501,0.60568,0.84723,0.86594,1.0774,0.82141,0.70226,0.4905,0.66035,0.51082,0.43978,0.7572,0.51174,1.0324,0.6059,0.47116,0.37617,0.41785,0.59202,0.71783,0.94215,0.50409,1.1586,0.65136,0.68926,0.63759,0.52011,0.59225,0.48011,0.52923,0.58523,0.41483,0.33896,0.78675,0.35772,0.75981,0.64562,0.39487,0.64913,0.43485,0.40655,1.2031,0.59111,0.48836,0.64647,0.41101,0.72563,0.44036,0.69807,0.8109,1.3199,0.56029,0.44906,0.55603,0.78738,0.80761,0.43236,0.46898,0.53925,0.39364,0.83669,0.44388,0.58433,0.76995,0.45797,1.0855,0.83253,0.63266,0.34252,0.59776,0.51156,0.35625,0.82182,0.34241,0.57431,0.62321,0.4561,0.54224,0.71413,0.68109,0.50186,1.1311,0.97697,0.62963,0.67536,0.84896,0.74452,1.8188,0.92972,0.59242,0.41226,0.67818,0.48216,0.67289,0.75088,1.0376,0.65234,0.63061,0.50719,0.4745,0.38482,0.48344,0.39016,0.70987,0.4569,0.44672,0.94503,1.1166,0.48696,0.42614,0.98788,0.7949,1.0389,0.53867,0.4141,0.51885,0.54684,0.60352,1.0819,1.2076,0.89105,0.4061,0.63536,0.58996,1.2977,0.8617,0.49357,0.62522,0.61508,0.46868,0.68131,0.72119,0.72161,0.27705,0.73825,0.68127,0.65952,0.99417,1.3258,0.81316,0.7807,0.81535,1.1084,0.5628,0.42786,0.44533,0.46336,0.35264,0.4164,0.59246,0.69552,0.88268,0.59954,0.59238,1.0398,0.88829,1.1949,0.37573,0.52823,0.44971,0.62505,0.88037,0.84514,0.42163,0.44074,0.35684,0.66578,1.3677,0.99115,0.67253,0.59851,0.56297,0.63447,0.71072,0.7232,0.58047,0.7716,0.9807,0.62244,0.93553,0.48357,0.70696,1.0029,0.97798,0.69042,1.2409,0.6722,0.64157,0.63288,0.34447,0.50957,0.95641,0.80621,0.71065,0.39778,0.53856,0.68039,0.67278,0.63545,0.76786,0.77677,0.83299,0.72475,0.43337,0.51176,0.95148,0.64078,0.76949,0.51495,0.49221,0.65463,0.42636,0.802,0.56299,0.58641,0.52667,0.55026,0.79077,0.48118,0.37047,0.67347,0.66274,0.32078,0.6598,0.58185,0.74907,0.5631,0.77369,0.64173,0.69969,0.41741,0.50249,0.66728,0.75129,0.92768,0.7119,0.77386,0.48977,0.67806,0.73777,0.66164,0.68423,0.73947,1.3745,0.6544,0.98811,0.81628,0.74343,1.004,0.91018,1.1841,0.62062,0.97754,0.40613,0.58561,0.46731,0.39629,0.36039,0.65124,0.46958,0.81368,0.53739,0.31557,0.65401,0.73383,0.90556,0.5058,0.67756,0.96041,0.78701,0.45633,0.4407,1.0361,0.50952,0.6669,0.85035,0.36206,0.78701,0.68897,0.51785,0.67332,0.88276,0.79432,0.61342,1.1792,0.38464,0.47476,0.57292,0.85563,0.97222,0.86804,0.68225,1.0123,1.4674,0.78611,0.56903,0.57658,0.97353,0.68257,0.38187,0.89976,0.73569,0.48567,0.50577,0.38929,1.145,0.62833,1.0945,0.56329,0.57037,0.72713,0.53622,0.69006,0.82868,0.75918,0.51625,0.81457,0.64577,0.79904,0.5141,0.71068,0.84616,0.8128,0.68563,0.52853,0.83831,0.96237,0.4575,0.66944,0.7268,0.36127,0.84164,0.69383,0.59382,0.50844,0.5982,0.6833,0.71306,0.55731,1.1277,0.71452,0.59166,0.75588,0.71943,0.64843,0.66805,0.58235,0.46939,0.66239,0.65938,0.43603,0.59514,0.35008,0.8,0.89065,0.51496,0.30481,0.93176,0.9061,0.84,0.91957,0.72584,0.66684,0.89835,0.56509,0.53932,0.67249,0.71191,0.66808,0.75199,1.0465,0.93249,0.47969,0.71296,0.35658,0.61548,0.55048,0.53939,0.70304,0.37035,0.71741,0.47233,0.51891,0.75674,0.42839,0.65182,0.59948,0.46673,0.63509,0.66359,0.27962,0.23273,0.49882,0.92871,0.44469,0.75896,0.22807,0.30558,0.25581,0.50136,0.32611,0.69082,0.53592,0.50426,0.3562,0.46288,0.75455,1.0211,0.48014,0.37672,0.27881,0.3444,0.75808,0.47354,0.39185,0.58603,0.40212,0.33246,0.90063,0.76666,0.86575,0.85147,0.47179,1.9203,0.71393,0.83658,0.7136,0.92257,0.51317,0.38348,0.5597,0.54879,0.69075,0.33753,0.36817,0.35169,0.66719,0.47087,0.7945,0.47918,0.96549,0.70331,0.43278,0.75744,0.77851,0.58704,0.74295,0.74983,0.3583,0.57091,0.70719,0.77082,0.88015,0.38366,0.69723,0.93711,0.69825,0.37836,0.61828,0.63815,0.48301,0.32263,0.55876,0.72313,0.54682,0.52156,0.52746,0.78479,0.37471,0.96223,0.5612,0.19301,0.4679,0.88147,0.64551,0.52629,1.0423,0.54188,0.67812,0.53572,0.45331,0.91719,0.84275,0.6843,1.2585,0.75387,0.57076,0.60363,0.75941,0.50851,0.84729,0.53838,0.57548,0.48021,0.89945,1.4318,0.53013,0.65161,0.44586,0.46207,0.43986,0.79021,0.77047,1.1968,0.72987,0.47741,1.1635,0.84137,0.58744,0.31275,0.37955,0.51963,0.49021,0.59439,0.46591,0.57147,0.34614,1.1452,0.67436,0.53246,0.82379,0.47798,0.39428,0.67915,1.0158,0.35916,0.90539,0.53579,0.48503,0.49426,0.37021,0.47359,0.95492,0.55544,0.42944,0.99235,0.8778,0.36396,0.17036,0.28045,1.1004,0.58896,0.73448,0.64105,0.71787,1.1047,0.94447,0.84099,0.5047,0.43883,0.58053,0.47748,0.68783,0.83899,0.66193,0.49838,0.49368,0.45014,0.47996,0.47886,0.59493,0.9155,0.56476,0.599,0.32331,0.38406,0.78677,0.75608,0.8946,0.81221,0.55325,0.48235,0.44429,0.34329,0.86348,0.28834,0.56084,0.50598,0.317,0.54439,0.48676,0.9806,0.58617,0.63245,1.1381,0.75103,0.68881,1.1352,0.27211,0.30205,0.50744,0.47673,0.46124,1.8274,0.81797,0.81902,0.45267,0.55944,0.4493,0.55701,1.4052,1.0649,0.65561,0.62493,0.98206,0.7236,0.43649,0.73027,0.81808,0.91607,0.81689,0.96706,1.133,0.63835,0.4775,0.57994,0.43617,0.63666,0.56437,0.48674,0.83053,0.47507,0.52086,0.63982,0.63916,0.38157,0.75807,0.38768,0.47653,0.53019,0.40912,0.30684,0.6487,0.87882,0.7437,0.75324,0.53694,1.1657,0.49036,0.40063,0.76371,0.53136,0.59506,0.85219,0.82011,0.55989,0.34157,0.62476,0.62965,0.95332,0.96753,0.38378,0.56929,0.71854,0.70264,0.51951,0.77453,0.52084,0.5543,0.90201,0.88418,0.80343,0.4933,0.80255,0.56999,0.58529,0.45657,0.31407,0.45116,0.41551,0.378,0.53565,0.88117,0.40412,0.48205,0.30022,0.54418,1.1403,0.51701,0.27496,0.90588,0.51165,0.71882,0.83995,0.4622,0.65066,0.37674,0.37471,0.6488,0.46262,0.33735,0.83373,0.43151,0.85484,0.60411,0.91503,0.33427,0.35471,0.68159,0.71223,0.85323,0.77679,0.94888,1.3575,0.77434,0.64263,0.69223,0.44381,1.0073,1.2448,0.80103,0.65276,0.40199,0.73107,0.51909,0.73858,0.49677,0.6223,0.45643,0.34806,0.52871,0.66433,0.67246,0.4267,0.6451,0.63319,0.38505,0.70095,0.38659,0.68841,0.51872,0.57173,1.1531,0.53136,0.34641,0.54784,0.31831,0.29214,0.41309,0.68171,0.4319,0.83529,0.68329,0.59182,0.61658,0.31919,0.38904,0.48833,0.50393,0.62855,0.59531,0.92186,0.41038,0.58188,0.71422,0.4846,0.48324,0.3409,0.26896,0.7054,0.55703,0.83414,0.49137,0.7003,0.8255,0.67729,0.45718,0.46517,0.6839,0.41155,0.32687,0.57943,0.62457,1.1774,0.31738,0.74585,1.0571,0.47344,0.55431,0.67579,0.50995,0.3968,0.5359,0.6718,0.35921,0.75578,0.77828,0.57127,0.61647,0.49837,0.47053,0.49622,0.491,0.61784,0.42245,0.52043,0.81697,0.50692,0.54306,0.97864,0.74433,0.72349,0.2668,0.78025,1.1765,0.76599,0.68381,0.58782,0.24959,0.49837,0.59036,0.46651,0.64726,0.72075,0.3264,0.51978,0.79321,0.45572,0.58748,0.91235,0.46177,0.36594,0.54387,0.63474,0.74844,0.40227,0.75301,1.0345,0.72835,0.61864,0.65454,0.6342,0.59159,0.56717,0.59945,0.48896,0.44828,0.35967,0.36342,0.82196,0.84144,0.89821,0.70054,0.37526,0.25758,0.71059,0.3117,0.59379,0.65813,0.87974,0.5768,1.012,0.35475,0.61744,0.99648,0.74881,0.73614,1.4071,1.4762,0.96416,0.5706,0.76843,0.37533,0.58021,0.50643,0.70016,1.0024,0.66123,0.53323,0.46808,0.72647,0.71362,0.46845,0.72672,0.63298,0.57696,0.43518,1.1404,1.1185,1.4056,0.62507,0.64224,0.4275,0.50511,0.28384,0.58278,0.32583,1.1245,0.89739,0.88009,0.56873,0.6126,0.60038,0.40151,0.77753,1.2119,0.60083,0.78533,0.85018,0.60925,0.78621,0.42837,0.81837,0.86575,2.7937,1.0789,0.76996,0.7143,0.62253,0.69851,1.0175,0.80038,0.8514,0.52819,0.72219,0.65482,1.034,0.95289,0.79002,0.6708,0.91779,0.56152,0.76543,0.90797,1.1713,0.6148,0.41172,0.76193,0.79589,0.91748,0.50211,0.76679,0.61128,0.9547,0.73416,0.45517,0.47303,0.7315,1.0584,0.61261,0.84752,0.71892,0.99276,0.6308,0.55049,0.88986,0.62712,0.49619,0.67068,0.4442,0.63087,0.82861,0.95812,1.953,0.3742,0.56382,0.67264,1.0784,0.34112,0.75856,0.87677,0.82525,0.4786,0.68599,0.82655,0.2686,0.74685,0.46743,0.65173,0.64918,1.0425,0.63261,0.54571,0.87982,0.84436,0.5896,1.0297,0.45389,0.55404,0.87635,0.71008,1.0976,0.58291,0.70613,0.63151,0.34127,0.48876,0.39453,0.67729,0.73811,0.37241,0.43361,0.73763,1.3643,0.35514,0.25691,0.26431,0.49784,0.7769,0.42448,0.61053,0.66902,0.64245,0.47759,0.47758,0.54183,0.97135,0.33796,0.57033,0.70422,0.81031,1.0707,0.81381,0.73663,0.51417,0.40144,0.78928,0.33817,0.41524,0.31602,1.0182,0.29724,0.47331,1.0809,0.8619,0.82018,0.60536,0.505,0.61298,1.2872,0.5968,0.61744,0.43912,0.55201,0.30205,0.68598,0.89219,0.27316,0.84604,0.34964,0.55472,0.36628,0.61373,0.39167,1.2217,0.50124,0.60534,0.57155,0.8707,0.80616,0.92004,1.8204,0.71674,0.24809,0.70898,1.0235,0.58183,0.57768,0.32612,0.36829,0.5085,0.72861,0.6868,0.81619,0.74632,0.68581,1.0687,1.1465,0.6874,0.53279,0.66658,0.4287,0.4779,0.47357,0.43676,0.5002,0.48915,0.52886,0.68152,0.76326,0.45676,0.6093,0.4709,0.52931,0.42679,0.7127,0.54998,0.49753,0.53683,0.37674,0.2841,0.36045,0.74177,0.55565,0.76247,1.4437,0.76159,0.80438,1.1897,0.51307,0.4118,0.76201,0.44086,0.68827,0.18662,0.37424,0.66118,0.6767,0.59143,0.39538,0.70638,1.3322,1.7932,0.5459,0.51847,0.7751,0.95532,0.54707,0.67897,0.54178,0.62998,0.75353,0.96565,0.50197,0.45065,0.71299,0.86807,0.74518,0.57537,0.63077,0.34357,0.36776,0.46974,0.29721,0.53295,0.60585,1.1246,2.3365,0.71896,0.58086,0.84469,0.3903,0.53683,0.46433,1.7361,1.4932,1.0422,0.95218,0.51914,0.42148,0.62504,0.8342,0.41129,0.37026,0.32604,0.5358,0.68755,0.93984,0.77848,0.41499,0.52231,0.7044,1.0021,0.37762,0.63824,1.0989,0.72449,0.40569,1.2835,0.40856,0.32225,0.65498,0.70311,0.53348,0.58536,0.71599,0.74177,0.73292,1.0229,0.71329,0.92816,0.78113,0.69109,0.61612,0.35957,0.57,0.50354,0.56203,0.69419,0.48072,0.62761,0.68103,0.40926,0.56108,3.3918,3.1584,0.74041,0.92673,0.55901,0.60224,0.53059,0.41171,0.63079,0.52211,0.50064,0.75318,0.68278,0.70219,0.9831,1.0318,0.85635,0.42161,0.32886,0.45775,0.57456,0.47867,1.1553,0.79845,0.60269,0.40609,1.0425,0.77631,1.0212,0.52661,0.56668,0.52924,0.84311,0.73922,0.51095,1.2967,0.881,0.87094,0.42351,0.74756,0.55083,0.49544,0.70679,0.49829,1.0923,0.74276,0.49908,0.44111,0.4341,0.58224,0.31168,0.59972,0.50843,0.75091,0.68617,0.83476,1.0497,0.57283,0.36203,0.57794,0.42324,0.43342,0.52735,1.2545,0.97804,0.5837,0.45572,0.47999,0.32799,0.59969,0.57861,0.47403,1.0283,0.44114,0.43952,0.74287,0.68247,0.60548,0.66755,0.52721,0.63743,0.60129,0.47702,0.6482,0.62874,0.5563,0.78816,0.59249,0.56218,0.66931,0.4876,0.696,0.6666,0.55721,0.61591,0.88219,0.83621,0.76219,0.42619,0.38649,0.91801,0.6046,0.33566,0.41511,0.3409,0.49648,0.48353,0.77397,0.59328,0.57756,0.77917,0.41455,0.73072,1.2582,0.62532,0.40551,0.61853,0.42426,0.44877,0.61872,0.46446,0.6037,0.60949,0.76597,0.35425,0.45083,0.36548,0.48352,1.1237,0.69861,0.59348,0.68954,0.60307,1.2893,0.66021,0.31302,0.58913,0.53396,0.79501,0.34634,0.65396,0.55498,0.55111,0.85039,0.96325,0.67218,0.53529,0.49536,0.37221,0.42399,0.92952,0.68383,0.60116,0.39244,0.5448,1.217,0.48417,0.45189,0.66384,0.40424,0.42986,0.47319,0.51463,0.62714,0.47297,0.66845,0.61317,0.63176,0.34178,0.64673,0.50931,0.69714,0.29683,0.43679,0.59856,0.27435,0.75538,0.63371,0.39655,0.9224,0.65291,0.44157,1.2225,0.67996,1.0319,0.69608,0.56464,0.52615,0.4341,0.63602,0.53246,0.45053,0.64077,0.83431,1.2521,0.50104,1.0156,0.70289,0.83332,0.81985,0.81125,0.73084,0.49075,0.50512,0.46728,0.60608,0.5101,0.39829,0.25206,0.90253,0.82362,0.67071,0.4516,0.46554,0.897,0.36151,0.67252,0.61172,0.26615,0.73579,0.38733,0.32553,0.29624,0.78969,0.89735,0.35533,0.94575,1.0517,0.55239,0.50887,0.42536,0.86757,0.6039,0.80613,0.54464,0.62611,0.6265,0.42685,0.26838,0.29101,1.0993,0.62258,0.55226,0.62401,0.78916,0.69287,0.50506,1.6008,0.44455,0.38931,0.39703,0.34246,0.80407,0.65054,1.7093,0.79271,0.53004,0.57141,0.68081,1.5064,0.31527,0.8568,0.56709,0.5629,0.45397,0.91502,0.63431,0.4222,0.61373,0.74538,0.45834,0.77698,0.57601,0.3587,0.8088,0.60017,0.33552,0.45899,0.75024,0.38698,0.69339,0.54492,0.38594,0.76629,1.0379,1.2239,0.87935,1.6141,0.29721,0.76927,0.74365,0.79924,0.59543,0.33863,0.45021,0.61112,0.77677,0.49208,0.56836,0.48289,0.6013,0.64596,0.76188,1.0832,0.6751,0.61104,0.72303,0.62661,0.49932,0.52555,0.52784,0.61276,0.88653,0.77096,0.72272,0.89084,0.51265,0.58672,0.34439,0.73943,0.83432,0.64775,0.6563,0.68517,1.1006,0.60255,0.42215,1.1272,0.9251,0.43431,1.1345,0.60868,0.47665,1.23,0.25164,0.75064,0.48881,0.60407,0.59107,0.42068,0.57722,0.33823,0.36778,0.33121,0.42434,0.30694,0.43587,0.49182,0.50495,0.90122,0.92164,0.83252,0.80583,0.4687,0.44269,0.56609,0.35137,0.4149,0.68645,0.67622,1.0537,0.72837,0.81389,0.69518,0.65069,0.74746,1.1971,0.77834,1.0593,1.0431,0.6653,0.70634,0.84675,0.95053,0.85853,0.47998,0.54929,0.60913,0.44538,0.39562,0.5822,0.79047,0.39618,0.56034,1.3226,0.80276,0.37463,0.5224,0.85462,0.73258,0.67354,0.74318,0.68356,0.83829,0.83825,0.48344,0.52986,0.52416,0.84179,1.0127,0.70542,1.0007,0.65659,0.97445,0.46815,0.71638,0.47269,0.69516,0.46163,0.3846,0.97788,0.70188,0.41903,0.31217,0.43244,0.8102,0.78239,0.61469,0.72741,0.94811,0.67795,0.55803,0.39669,0.79121,0.61158,0.57325,0.43954,0.56722,0.79129,0.29758,0.41616,0.82444,0.86378,0.83024,0.80985,0.40884,0.51614,0.46023,0.39573,0.34283,0.73388,0.35889,1.3057,0.97686,1.0954,0.45694,0.9904,0.61697,0.49644,0.39634,1.0505,1.7286,0.54932,0.82409,0.71417,0.44694,0.8492,0.49187,0.33045,0.62476,0.40257,0.43502,0.39735,0.44278,0.35215,1.0332,0.76953,0.62063,0.44866,0.35097,0.40933,0.60835,0.47578,0.52362,0.46978,0.4474,0.45718,1.1192,1.1934,0.75914,0.77589,0.65542,0.34658,0.60586,0.67615,0.50514,0.43344,0.4421,0.9634,0.45931,0.7491,0.77406,0.49035,1.4078,0.9014,0.63485,0.67308,1.2629,1.097,0.70931,0.67869,0.47627,0.63033,0.62315,0.40767,0.55842,0.87999,0.67638,0.26869,0.19614,0.24391,0.54803,1.2275,1.3445,0.54985,0.65044,0.8688,0.39142,0.78797,0.66618,1.0808,0.72281,0.51003,0.64287,0.39843,0.51195,0.53425,0.66482,0.52611,0.60812,0.35746,0.48191,0.58556,0.96549,0.80825,0.27621,0.74196,0.65743,0.54255,1.1131,0.50839,0.60025,0.76125,0.56711,1.1874,0.63771,0.41357,0.77386,0.88892,0.37729,0.8766,0.87794,0.33052,0.70628,0.77193,0.83524,0.62465,0.59387,0.24953,0.65125,0.48943,0.64491,0.60604,0.3817,0.41475,0.46342,0.45695,0.39991,0.37673,0.51898,0.75847,0.83618,0.66589,0.69758,0.32958,0.32976,0.8885,0.87117,0.407,0.98806,0.77602,0.56793,0.41893,0.64182,0.79432,0.87078,0.89566,0.5737,0.86884,0.57221,1.043,0.68293,1.0858,0.95175,1.3244,0.98202,0.55362,0.78055,0.91721,0.691,0.3045,0.94847,0.74119,0.66129,0.62441,0.79682,0.55236,0.44526,0.27306,0.46777,0.88737,0.60701,0.63333,0.49042,0.88113,0.56873,0.36443,0.47145,0.53802,0.98519,1.0641,0.61281,1.1227,0.53321,0.60464,0.27773,0.3989,0.64418,1.0525,0.60113,0.39453,0.63268,0.72526,0.71074,1.4775,0.73735,0.67212,0.57254,0.74338,0.92225,0.6882,0.97105,0.68555,0.64372,0.71449,1.2619,0.3021,0.50978,0.88936,0.79522,0.98291,0.89907,0.99182,0.73566,0.56938,0.94542,0.43139,1.1408,0.81961,0.63985
0.69865,0.42471,0.45819,0.65763,0.53224,0.90634,0.42381,1.3126,1.0394,0.61751,0.55374,0.32392,0.31747,0.48806,0.80187,0.27421,0.35899,0.64156,0.50957,0.72216,0.9448,0.30409,0.48595,0.28563,0.64026,0.72208,0.40374,0.78293,0.19545,0.75045,0.56613,0.68523,0.41716,0.83181,0.49589,0.45344,0.65066,0.75284,0.56712,0.40468,1.0077,0,1.3727,1.0801,0.70321,0.42705,1.0107,1.1632,0.36604,0.91072,0.65846,0.50148,0.54047,0.4736,0.54627,0.21828,0.41334,0.43054,0.76233,0.73684,0.87545,0.4612,0.44672,0.27526,0.57237,0.40035,0.65298,1.2302,0.77632,1.0393,0.95022,0.2646,0.92713,0.51933,0.9737,0.80319,0.88001,0.84446,0.48648,0.44681,0.67604,0.66484,0.9439,0.46428,0.45789,0.34716,0.64376,0.635,0.51534,0.48769,0.63445,0.47347,1.2805,0.79127,0.34018,0.81056,0.31774,0.61133,1.2824,1.0106,0.35662,0.8946,0.74706,0.9765,0.74453,1.2374,0.71246,0.28162,0.46424,0.48885,1.2048,0.58206,0.71855,0.54575,0.8774,0.96468,0.56597,0.38797,0.54646,0.49304,0.59726,1.1869,0.59899,0.53656,0.67219,0.54306,0.53978,1.0517,0.14334,0.56923,0.61071,1.0203,0.89668,0.50554,0.46153,0.74861,0.72104,0.88426,0.42755,0.54486,0.92054,1.1381,0.8659,0.28006,0.66347,0.73644,0.5304,0.70195,0.98369,0.14443,0.73059,0.79058,0.77024,0.7689,0.47852,0.51468,1.1731,0.13369,0.20709,0.58934,0.62805,0.81364,0.66243,0.61873,0.71125,1.1513,0.71414,0.65422,0.4599,0.66728,0.4151,1.0591,0.76947,0.99575,0.48618,0.39233,0.51564,0.53738,0.42702,0.46293,0.39759,0.88087,0.62598,0.41941,0.42268,0.63751,1.0133,0.48982,0.52985,0.62131,0.90358,0.39088,0.65366,0.67438,0.60754,0.32679,0.9936,0.92509,0.65163,1.3549,0.4994,0.75497,0.66182,1.1959,1.0443,0.84625,0.48668,0.6763,0.72907,0.61143,1.0979,0.76841,0.75035,0.7397,0.43261,0.52093,0.83362,0.56956,0.36966,0.62641,0.482,0.52567,0.77951,0.31378,0.54267,0.55651,0.43873,0.59008,0.52829,0.51826,0.52073,0.62891,0.47296,0.635,0.98227,2.0541,0.50633,0.70616,0.51984,0.57551,0.65852,0.89505,1.0193,0.46011,0.6734,0.77704,0.95392,0.57227,0.60394,0.64213,0.40814,0.36463,0.61141,0.64209,1.1592,0.74551,0.74558,1.0513,0.78901,0.30235,0.5578,0.34374,0.64706,0.85334,0.91096,0.94381,0.93702,0.39205,0.67459,0.68645,0.63166,1.0507,0.40008,0.44971,0.79216,0.7899,0.75397,0.52975,0.3812,0.39571,0.50404,0.42477,0.42993,0.86835,0.42372,0.81466,0.45694,0.51618,0.58624,0.31458,0.44921,0.41671,1.428,0.74356,1.0547,0.66128,1.0786,0.6732,0.43926,0.90875,0.63037,0.9175,0.8151,0.51285,1.0708,0.4477,0.45065,0.32853,0.38314,0.60744,0.92624,1.2076,0.8038,0.96139,0.57868,0.48739,0.39808,0.2698,0.27787,0.54231,0.42629,0.56645,0.66944,0.80814,0.36245,0.57735,0.57952,0.72842,0.59046,0.88763,0.42765,0.38868,0.54087,0.30737,0.98569,0.66809,0.56602,0.32302,0.39667,0.30671,0.43942,0.67051,0.61167,0.63067,0.51116,0.86307,0.44775,0.71657,0.49993,0.79395,0.66961,0.83713,0.64428,0.65231,0.82342,0.40494,0.77147,0.39606,0.27443,0.53489,0.90686,0.52317,0.47535,0.57986,0.257,0.66772,0.506,0.33416,0.42221,0.49448,0.79872,0.65456,0.47152,0.445,0.9854,0.90533,0.33984,0.58262,0.55305,0.82774,0.39756,0.31318,0.55556,0.79204,0.29535,1.1794,0.56556,0.30681,0.52,0.74303,0.42173,0.7164,0.4575,0.43984,0.59783,0.73931,0.48528,0.67535,0.30613,0.99924,0.56929,0.74207,0.70878,0.47413,0.31537,0.57874,0.81977,0.92133,0.30302,1.4536,0.88038,0.24429,0.64248,1.2736,0.95897,0.54435,1.0804,0.76123,0.43029,0.66051,0.86952,0.78823,0.71195,0.2763,2.1307,0.71545,0.65406,0.33456,0.99492,0.59066,1.7024,0.45031,0.76821,1.0947,0.68173,0.56266,0.21442,0.42778,0.53279,1.2221,0.32702,0.94158,1.2311,0.93206,0.32301,1.2004,0.4619,1.1386,0.28226,0.43436,1.2922,1.0025,0.66994,0.77877,0.62725,0.74883,0.67851,0.41951,0.47488,0.34394,0.47676,0.747,0.37828,0.5172,0.96441,0.94607,0.92036,0.22762,0.61762,0.3111,0.26218,0.45927,0.50906,0.54501,0.39778,0.68092,0.7193,0.95181,0.64374,0.58297,1.1066,0.43644,0.57301,0.36971,0.35185,1.1248,0.49802,0.84066,0.67545,0.45203,0.80299,0.65188,0.46193,0.73812,0.43142,0.45423,0.59896,0.53611,0.62528,0.81959,0.66481,0.51609,0.56631,0.59969,0.34768,0.77621,0.9423,1.2001,0.60036,0.45439,0.76758,0.64269,0.40608,0.79127,2.4276,1.468,0.48356,0.3398,0.47298,0.65669,0.76331,0.69101,0.82339,0.70699,1.1135,1.1407,1.3483,0.33893,0.40471,0.80946,0.54085,0.44962,0.76694,1.8487,1.1108,0.82363,0.59623,0.5213,0.50153,0.51701,0.73544,0.52738,0.31123,0.7951,0.46865,0.70208,0.43819,0.68965,0.47678,0.97082,1.1907,1.0549,1.2583,0.96596,0.31099,0.55348,1.2838,0.73372,0.57796,0.26987,0.61431,0.82322,0.32103,0.35831,0.83274,0.92327,0.991,0.45113,0.46742,0.47298,0.71036,0.64694,0.63577,0.24176,0.33415,0.43752,1.1401,0.47566,0.73651,0.83082,0.90242,0.73455,0.3454,0.79549,0.75616,1.1421,0.43422,0.42113,0.75433,0.67213,0.4547,0.49775,0.54625,0.75161,1.1112,1.1273,0.50535,0.25851,0.65668,0.32622,0.86981,0.69291,0.46529,0.57425,0.59408,0.89241,0.50714,0.5459,0.33003,0.77781,1.0818,0.90861,0.59255,0.33224,0.44199,0.77763,0.50463,0.3511,0.58057,0.38558,0.26716,0.48021,0.7043,0.26519,0.90724,0.43865,0.44496,0.45692,1.2128,1.0892,0.44016,0.50349,0.7199,1.0796,0.28056,0.19315,0.30587,0.53131,0.40949,0.84035,0.78713,0.49092,0.28638,0.66296,0.39108,0.38069,0.3437,0.24511,0.35219,0.5077,0.98253,0.79465,1.2543,0.44481,0.79311,0.57664,0.87635,0.75169,0.1301,0.37916,0.28567,0.5526,0.71823,0.84252,0.35473,0.72156,0.68061,0.3721,1.3433,0.59889,0.47109,0.39998,1.5479,1.2038,0.48664,0.30912,0.45237,0.66407,0.90628,1.0061,1.4695,0.55889,0.29241,0.29289,0.43462,0.25036,0.47699,0.53541,0.36233,0.50233,0.72144,0.57703,0.62083,0.52352,0.4769,0.23818,0.66836,0.56357,0.28489,1.2092,1.1861,1.0732,0.58205,0.31084,1.3709,0.96023,1.2102,0.51758,1.0398,0.63025,0.28544,0.62363,0.8219,0.56629,0.66077,0.58614,0.75077,0.5582,0.49324,0.50605,0.62403,0.29684,0.49059,0.41847,0.66679,0.62877,0.76006,0.3767,0.46273,0.55037,0.28764,0.67691,0.92677,0.45482,1.0274,1.3847,0.37622,0.80503,0.54042,0.95783,0.68397,0.5973,0.48398,0.35312,0.34371,0.2516,0.4908,0.42661,0.42514,0.33066,0.64735,0.28513,0.63816,0.819,0.75749,0.55,0.26941,0.61892,0.27962,0.64317,0.47668,0.48807,0.2562,0.35329,0.56318,1.2474,0.91681,0.58072,0.9307,0.37468,0.76223,0.70622,0.57137,0.33505,1.0363,0.61203,0.23793,0.53194,0.66278,0.78157,0.62952,1.1785,1.3893,0.71907,1.0084,0.65106,0.90165,1.1907,1.048,0.6627,0.53341,0.69017,0.53202,0.50904,0.55233,0.61783,0.56686,0.63369,0.48121,0.54852,0.59874,0.30249,0.47317,0.53327,0.52348,1.0718,0.91166,0,0.16572,0.28404,0.64353,0.83749,0.32418,0.54217,0.82228,2.1079,0.57793,0.50426,0.73842,0.2238,0.53722,0.4862,0.52958,0.38354,1.1265,0.54699,0.55435,0.46304,0.50455,0.83833,1.1876,0.8148,0.30376,0.79824,0.50074,1.4618,0.76214,0.52384,0.83893,1.0059,0.35902,0.55124,1.0652,0.72732,0.93963,0.87479,0.26193,0.57359,0.41587,0.59906,0.53565,0.57954,0.87959,0.95447,0.1535,0.92685,0.56354,0.72814,0.43628,0.84349,0.44707,0.93484,0.28237,0.33634,0.51361,0.56205,0.3227,0.61884,0.81894,0.64504,0.628,0.8742,0.60004,0.51424,1.2984,0.73939,0.7633,0.2619,0.61239,0.66973,0.81054,0.62679,0.56251,0.49515,0.50465,0.81696,0.38943,0.677,0.74396,1.1459,1.0718,0.4518,0.69669,0.86991,0.72623,1.165,0.59047,0.31911,0.35092,0.55044,1.88,0.9757,0.6467,0.58698,0.66599,0.57568,0.89511,0.75415,0.51683,0.62093,0.33978,0.49439,0.88039,0.23397,0.45242,1.6174,0.32233,0.40132,1.0192,1.1267,0.91951,0.38358,0.5017,0.60526,0.59392,0.25338,0.76143,0.88001,1.0611,0.54771,0.72108,0.48475,0.35983,0.34947,0.23076,0.7107,0.68023,0.53724,0.67885,0.90737,0.40577,0.65162,1.2703,0.57389,0.60336,0.91137,0.2004,0.79086,0.77369,0.47319,0.67458,1.1743,0.62558,0.85989,0.43991,0.49275,0.74727,0.56249,0.64913,0.52128,0.50114,0.48217,0.42503,0.69371,0.50025,0.59768,0.3638,0.31646,0.55937,0.74413,0.45453,0.89275,0.70106,0.44603,0.37654,0.45919,0.68607,0.40786,0.43687,0.43642,0.73086,0.85497,0.55543,0.34591,0.4073,1.2,1.3039,0.72268,0.88703,0.8203,0.42345,1.448,0.86529,0.70883,0.76749,0.5047,0.65906,0.88267,0.44944,0.49228,0.35761,0.76154,1.7704,0.45646,0.26316,0.63661,0.51986,0.57633,0.75193,0.87684,1.1529,0.32931,0.76753,0.92724,1.0075,1.2287,0.97804,0.48419,0.88367,0.56905,0.42897,0.44285,0.96864,0.86541,0.66428,0.54284,0.58341,0.92683,0.40311,0.49552,0.45546,0.68751,0.65108,0.79349,1.0463,0.50837,0.78243,0.59645,0.44425,0.74384,1.2942,0.18324,0.32815,0.84185,0.54341,0.25269,0.9719,0.95032,0.33221,0.86565,0.89768,0.65332,0.75662,0.30343,0.64932,0.43557,0.30479,0.45081,0.33318,0.86799,0.71668,0.72189,0.42912,0.40531,0.88071,0.7941,1.3539,0.86981,0.99894,0.69122,0.50293,0.69185,0.52676,0.64251,0.95647,1.1546,0.68807,0.66443,1.1792,0.94147,0.58392,0.91264,0.83192,0.69758,1.0105,0.37052,0.50649,0.45264,0.22465,0.64115,1.7521,0.92716,0.38589,0.3013,0.50263,0.51017,0.40309,0.55126,0.63844,1.0267,1.7953,0.65802,0.63414,0.67637,0.99195,0.45611,0.91051,0.61761,0.65545,0.51932,0.80719,0.75065,0.44445,0.58589,0.87032,0.34805,0.53448,0.75377,0.63092,1.0006,0.47439,0.69255,0.63265,0.49397,0.6176,0.30405,0.33103,0.91539,0.35791,0.87714,0.63271,0.45476,0.64234,0.13807,0.5702,0.41654,0.74789,0.58884,0.52334,0.27869,0.48737,0.72471,0.8408,0.62845,0.61183,0.52116,0.72738,0.33272,0.44654,0.80243,0.62899,0.84486,0.48638,0.63732,0.51009,0.31692,0.77669,1.031,0.54094,0.67585,1.3208,1.0506,0.93007,0.62195,1.7397,0.8676,1.0927,1.4764,0.45192,0.61254,0.37004,0.49571,0.62377,0.56821,0.72102,0.70746,0.86214,0.54834,0.57838,0.74853,0.75171,0.60736,0.28268,0.2851,0.57936,0.35386,0.62917,0.72105,0.40785,0.91748,1.1666,1.2894,0.93724,1.3229,0.45894,1.2447,0.62934,1.196,0.93591,0.63427,1.2228,0.55601,0.63846,0.45498,0.55835,0.91018,0.99766,1.4609,0.43548,0.57525,0.68424,0.29131,0.54225,0.46365,0.6337,0.55396,0.55249,0.3709,0.90912,0.89014,1.1091,0.74297,0.40741,0.38246,0.53449,0.85484,0.31898,0.51663,0.89971,0.97316,0.72717,1.4212,1.0372,0.47882,1.0989,0.28733,0.38374,0.33621,0.29362,1.1061,0.82536,1.352,0.58273,0.49441,0.9276,1.1009,0.92342,0.84802,0.41505,0.76832,1.1127,0.57339,0.35248,0.63627,0.43824,0.77804,0.93505,0.85436,0.83254,0.70937,0.46362,0.3901,0.9036,0.33237,0.28577,0.57778,0.83705,0.70436,0.35641,0.6168,0.71669,0.54286,0.37425,0.22158,0.41285,0.32934,0.89708,1.0613,0.79471,0.81442,0.77107,1.297,0.6018,0.94328,1.0362,0.41851,0.82801,0.36331,0.42192,0.62148,1.1802,0.29569,0.93319,0.70314,0.82648,0.44222,0.72232,0.56699,0.67789,0.56136,0.26792,0.86374,0.62704,0.59537,0.63997,0.62188,0.62658,0.80152,0.92577,0.54782,0.34561,0.52928,0.42514,0.57733,0.94738,0.58202,0.34889,0.19251,0.44884,0.39354,0.3032,0.28583,0.56178,0.61624,0.48265,0.97256,0.54478,0.68008,0.95155,0.86475,0.68737,0.51526,0.20825,0.43801,0.53346,0.91674,1.093,0.5066,0.54595,0.82935,0.82247,2.9318,0.65073,0.56353,0.69919,0.33222,0.78764,0.90998,0.40694,0.79526,0.53986,0.50455,0.78406,0.69558,0.89483,0.69105,0.7207,0.52638,0.37018,0.77067,0.68814,0.48728,0.56745,0.54661,0.24548,0.42299,0.65099,0.43917,0.33737,0.52863,0.56018,0.54296,0.5165,0.95757,0.34197,0.80207,0.83833,0.44149,0.65963,0.53092,0.72867,0.34189,0.6645,1.3898,0.78668,0.45405,1.1234,0.91465,0.77169,0.4283,0.51431,0.80629,0.78895,0.40484,0.63392,0.7913,0.74698,0.54809,0.67656,1.0448,0.35237,0.49212,0.27139,0.42881,0.50247,0.21276,0.51996,0.85091,1.1344,0.39521,0.26895,0.68003,0.83653,0.48145,0.47167,0.39451,1.2269,0.46196,0.81459,1.0218,0.58327,0.32692,0.30368,0.28124,0.45519,0.3643,0.93907,1.1562,1.4869,0.70769,0.53106,0.68425,1.1758,1.0271,0.48995,0.63779,0.33696,0.53659,0.36396,0.47859,0.46869,0.35349,1.0087,0.5112,0.75363,0.80105,0.43755,0.42597,0.24267,0.14122,0.75202,0.41445,0.54779,0.42445,0.36064,0.41171,0.52072,0.80405,1.16,1.2428,0.41001,0.41077,0.78187,0.34092,0.41201,0.74245,1.0209,0.56541,0.76264,0.87173,0.9318,0.41208,0.58959,0.57373,0.8011,0.49269,0.53558,0.57918,0.81237,0.25297,1.0555,0.47942,0.95619,1.1213,0.94158,0.35272,0.3749,1.2393,0.87279,0.69401,0.30277,0.86387,0.75676,0.46174,0.55151,0.65946,0.68578,1.2086,0.73916,0.21566,1.0053,0.68523,0.63647,0.50559,0.48284,0.48329,0.77347,0.71979,0.6077,0.59958,0.49405,0.67188,1.7424,0.66166,0.46699,0.59927,0.51539,0.40151,0.64234,0.75919,0.66402,0.8592,0.60385,0.63187,0.6345,0.72221,0.9629,0.78698,0.51816,0.42263,0.70528,0.43232,0.88419,0.35162,0.99403,0.25986,0.35975,0.426,0.44367,0.59174,0.59455,0.41635,0.63123,0.281,0.74326,0.56236,0.8357,0.39013,0.54163,0.38759,0.847,0.82875,0.61754,0.99555,0.75744,0.96099,0.62372,0.88047,0.68278,0.75332,0.44326,0.26581,0.92446,0.49715,0.49842,0.69515,0.58292,0.59206,0.63787,0.72829,0.65413,0.73624,0.59046,0.61327,0.67042,1.1878,0.53774,0.51459,0.95713,0.43849,0.67728,0.3405,0.58483,0.62893,0.98297,0.53231,0.64805,0.42774,0.61517,0.23523,0.4298,0.40191,0.33126,0.21863,0.41279,0.74033,0.31027,0.88865,0.50024,0.96026,0.49219,0.27791,0.72203,0.80126,0.64666,0.73637,0.53516,0.35741,0.47834,0.99451,0.73699,1.143,0.23359,0.42673,0.8277,0.83532,0.39108,0.6042,0.63934,0.40136,0.35973,0.44033,0.64915,0.53574,0.69515,0.60337,1.3072,0.44703,0.48369,0.9091,0.35416,0.37437,0.73458,0.38637,0.48568,0.66003,0.29438,1.0453,0.86342,0.9695,0.64773,0.57959,0.36957,0.41674,0.57559,0.28727,0.79278,0.30294,0.48145,0.20586,0.27984,0.47107,0.9457,0.31711,0.50937,0.64474,0.52634,0.63829,1.7083,1.3798,1.0036,0.30903,0.35162,0.56938,0.48883,0.70633,0.34935,0.21645,0.67031,0.88783,0.56905,0.57126,0.71949,0.45206,0.56571,0.32464,0.73016,0.33767,0.94395,0.35951,0.55595,1.0573,0.81858,0.51148,1.1916,0.66214,0.67934,0.79637,0.61327,0.77667,1.2938,0.2517,1.0127,0.96322,1.2922,0.69616,0.58898,1.1779,0.63777,0.32348,1.0707,0.57523,0.57193,0.50611,0.40992,0.61668,0.79078,0.93714,0.70938,0.9728,0.5325,0.37918,1.0806,0.53668,0.403,0.90932,0.43456,0.39003,0.41256,0.30756,0.60164,0.38523,0.74277,0.65454,0.48893,0.72711,0.38107,0.53485,1.2913,0.66569,0.59929,0.37918,0.52636,0.29104,0.71459,0.65732,0.60879,0.84125,0.70655,0.50579,0.84035,0.57417,0.92333,0.50626,0.77555,0.64281,0.69203,0.84379,0.69156,0.92604,0.43309,0.66858,0.38068,0.37865,0.30659,0.32534,0.94252,0.6011,0.66716,0.55311,0.89208,0.52627,0.92038,0.42767,0.68999,0.31749,0.9544,0.67778,0.76001,0.52707,0.46994,1.0159,0.67122,0.43782,0.47322,0.70504,0.40919,0.58267,0.67325,0.69269,0.51808,0.75699,0.31147,0.7837,0.51999,0.33834,0.48319,0.44021,0.98072,1.4033,0.75263,0.32225,0.25536,0.55434,0.4418,0.45853,0.78611,0.37269,0.47819,0.27129,0.99025,0.6868,0.39184,0.32903,0.54989,1.7408,0.77543,0.66634,0.55714,0.62661,0.75735,1.0131,0.42269,0.34852,1.004,0.56279,0.80245,1.2149,0.80877,0.25189,0.66592,0.57435,1.3054,0.95041,0.50732,0.53729,0.78222,0.53037,1.2222,0.80673,0.67215,0.3223,0.31349,0.88212,0.59382,0.92269,0.96555,0.4693,0.4804,0.35346,0.24657,0.57586,1.0201,0.40914,0.45354,0.53355,0.89408,0.37515,0.37253,0.28551,0.42452,0.65659,0.71587,0.85298,0.79719,0.99222,0.59308,0.5869,0.52854,0.68339,0.56788,0.65939,0.68393,1.338,0.49101,0.36806,0.60796,0.74218,0.94562,1.1407,1.0738,0.36476,1.2111,0.67912,0.95394,1.4285,1.0653,1.0304,0.88587,0.57328,0.48939,0.56338,0.53508,0.90725,0.73,0.41108,0.52225,0.55702,0.66217,0.28233,0.1696,0.82269,0.40987,0.62282,0.66214,0.5056,0.62805,0.2798,0.47399,0.51106,0.64333,0.43741,1.061,0.82723,0.59275,0.59027,0.68756,0.54374,0.78456,0.77438,0.45032,0.52258,0.79566,0.74873,0.84567,0.68826,0.61417,0.42759,0.54586,0.78278,0.80899,0.6405,1.2174,1.0329,0.66818,0.33211,0.45895,0.96602,0.8393,0.4721,1.5077,0.62244,0.79448,0.66316,0.68387,0.45388,0.51409,0.54274,0.71042,1.1239,0.46068,1.3148,0.54055,0.59536,0.34953,0.28559,0.92382,0.59352,0.57248,0.65557,0.24031,0.74525,0.79658,1.1597,0.44264,0.44902,0.68792,0.32149,0.25306,0.1606,0.52637,0.71471,0.85074,0.66067,0.58175,0.8161,0.73123,0.83157,0.68937,0.53502,0.42814,0.60079,0.76273,1.1094,1.1875,0.55197,0.72379,0.85482,0.89425,0.8585,0.30287,0.60002,0.31383,0.26446,0.72394,0.83243,0.41768,0.25243,0.53833,0.38843,0.55188,0.51423,0.51754,0.26192,0.46891,0.74474,0.4546,0.8515,0.34749,0.90616,0.63589,0.49357,0.69062,0.56364,0.39821,0.90453,0.5901,0.40482,0.37379,0.68592,0.93869,0.46813,0.75155,0.36915,0.73735,0.69106,0.56963,0.38271,0.33086,0.30221,0.30935,0.67401,0.56215,0.69604,0.65417,0.65768,0.40241,0.71948,0.61224,0.64564,1.0175,0.50695,0.38926,0.62416,0.96787,1.1094,0.60498,0.45499,0.45206,0.47696,0.76069,0.88748,0.49545,0.46738,0.39287,0.42426,0.59154,0.61729,0.64372,0.26598,0.63457,0.63249,0.59213,0.30999,0.3518,0.85397,0.65477,0.47823,0.52845,0.2609,0.86591,0.94519,0.3876,0.73343,1.0976,0.52752,0.35623,0.38788,1.6053,0.34061,0.34238,0.46708,0.61851,0.85734,1.3387,1.1477,0.39182,0.56125,0.45655,0.79071,0.88731,0.70437,0.71171,0.55056,0.81539,1.1142,0.75548,0.64352,1.5899,0.27701,0.73749,0.6421,0.38124,0.38721,0.43682,0.35791,0.8788,0.49376,0.93516,2.273,0.29769,0.39298,0.76489,0.35,0.31649,1.2909,0.59132,0.31839,0.47103,0.21067,0.36914,0.84366,0.41016,0.68323,0.70778,0.80085,0.80302,0.48282,0.75087,0.31842,0.70559,0.58173,0.55051,0.80835,0.47524,1.2539,1.1453,0.46781,0.68193,0.89495,0.53965,0.46042,0.43321,0.882,0.46906,0.48439,0.68912,0.27446,0.48975,0.68417,0.36894,0.261,0.77014,0.28068,0.54123,0.74493,0.75094,0.82826,0.78769,0.53328,0.71644,0.55027,0.55326,0.37591,0.45042,0.47636,0.45426,0.70597,0.45119,0.62765,0.6214,0.39372,0.41034,0.58519,0.77142,0.59832,0.62914,0.62509,0.79102,0.52364,1.9424,0.45897,0.40714,0.55982,0.57494,0.53386,0.70295,0.48085,0.56084,0.28381,0.25349,0.57783,0.58917,0.34233,0.27575,0.56968,0.3979,0.45322,0.56136,0.24904,0.44502,0.79561,1.1188,0.49656,0.31898,0.6083,0.50854,0.79689,0.71572,0.69324,0.82755,0.8797,0.61513,0.91952,0.55743,0.72021,0.5553,1.3504,0.55395,0.64486,1.1565,0.54923,0.53622,0.48284,0.54574,0.59055,0.50417,0.689,0.41287,1.0466,0.37666,0.51645,0.36203,0.53238,0.68598,0.98137,0.73282,0.47487,1.1218,0.46125,0.25834,1.2211,1.0979,0.65675,0.48336,0.64414,0.41204,0.70846,0.37231,1.3891,0.42576,0.57664,0.31425,0.71952,1.2232,0.42449,0.17977,1.6305,0.55509,0.30646,0.69593,0.997,0.35564,0.4872,1.5397,0.27736,0.94705,0.71723,0.75719,0.46593,0.33057,0.66886,0.75927,0.39608,0.32139,0.25662,0.36995,0.32804,0.94396,0.80329,0.30765,0.36127,0.44009,0.31994,0.65444,0.69502,0.62274,0.33781,0.70359,0.33064,0.95636,0.18678,0.63686,0.68654,1.0322,0.54578,0.51167,0.97338,0.50114,0.37002,0.58099,0.49207,0.21899,0.20635,0.3373,0.44898,0.70501,0.45956,0.88297,0.56705,0.99158,0.63657,1.0474,0.29077,0.27329,0.39586,0.57519,0.76743,0.44244,0.93258,0.63615,0.70408,0.35255,0.37612,0.53997,0.52339,0.48977,0.96226,0.43946,0.62012,0.3586,0.41832,0.47234,0.54572,0.45189,0.45398,0.5304,0.57174,0.84883,0.55235,0.93827,0.5113,0.70722,0.95003,1.2922,0.41985,0.57273,0.45749,0.41421,0.4278,0.59621,0.391,0.3405,0.38033,0.27837,0.39303,0.56656,0.76818,0.48225,0.82105,0.4594,0.62614,0.484,0.14286,0.35874,1.1434,0.3786,0.45496,0.72709,1.0294,1.3844,0.51606,0.65807,0.46607,0.28922,0.41826,0.4719,0.64676,0.5632,1.0805,0.51862,0.43783,0.70969,0.52527,0.43903,0.7586,0.36506,0.65984,0.61066,0.52107,0.35695,0.53565,0.83484,0.55386,0.67186,0.87741,0.35292,0.29841,1.2257,0.58723,0.28669,0.60301,0.43455,0.4764,0.44465,0.69488,0.55778,0.3753,0.3238,0.22848,0.73933,0.89884,0.53356,0.49777,0.41247,0.87711,0.5594,0.42542,0.76497,0.57244,0.73743,0.48133,0.49644,0.59485,0.22452,0.35279,0.67282,0.33676,0.55092,0.97156,0.49191,0.51601,0.29695,0.61743,0.52953,0.68269,0.85791,0.64089,0.37982,0.48508,1.0068,0.54569,0.90509,1.0971,1.2903,0.39906,0.63141,0.50165,0.60027,0.64184,0.55369,0.7759,0.77409,0.47271,0.50631,0.51755,0.84501,0.73934,0.96744,0.49341,0.35772,0.46294,0.41298,1.002,1.1732,0.50949,0.61991,0.94472,0.43932,0.63342,0.3224,0.39482,0.56789,0.94252,0.32993,0.9386,0.65009,0.49965,0.68183,0.53026,0.56801,0.59655,0.15123,0.3214,0.65282,0.24177,0.68932,0.50086,0.42444,1.2696,0.8496,0.70947,0.98399,0.55696,0.81305,0.67443,0.66331,0.5323,0.50488,0.36072,1.3529,1.0523,1.8933,0.74292,0.26122,0.34698,0.99696,0.52688,0.60685,0.92243
0.32822,0.37711,0.67411,0.57661,0.59435,0.74639,1.3097,0.77714,0,0.34818,1.1767,0.41346,0.30162,1.1384,0.74838,0.24575,1.6114,0.36088,0.23151,0.82051,0.50959,0.3057,0.34334,0.80575,0,0.50699,0.40319,1.3996,0.31942,0.71022,0.35611,0.64838,0.47948,0.51192,1.6206,1.3301,0.44146,0.59294,1.239,0.27586,0.5625,1.3187,0.61199,0.55034,1.5341,1.0659,0.79205,1.265,0.9298,0.52112,0.50949,0.36841,0.56504,0.69473,0.87631,0.45224,0.66374,0.51999,0.81031,0.46984,0.81462,0.61433,0.47873,0.52446,0.745,1.6098,1.0342,0.42907,0.88465,0.86309,0.68612,0.93104,1.0224,0.44754,0.22397,0.31684,0.84835,0.76607,0.47903,0.55064,0.47221,0.55003,0.60748,0.43666,1.3736,0.48046,0.82956,0.96054,0.7834,1.0538,0.39676,1.7764,0.72528,0.57203,0.39299,0.79885,0.4641,0.89948,1.188,0.79855,0.68596,0.67434,0.91804,0.79535,0.67875,0.59462,0.63225,0.47016,0.74379,0.65295,0.80316,0.33088,0.53393,0.49293,1.2577,0.79158,1.004,0.97189,0.57597,0.49311,0.38881,1.0816,0.51224,1.1842,1.9143,0.94685,0.88253,0.62637,0.33071,1.2906,0.66384,0.45704,0.60875,0.77887,0.52056,0.35991,0.96381,0.91147,0.4862,0.30311,0.77972,0.73192,0.52318,0.40906,0.66877,0.68844,0.69283,0.83565,0.79424,0.36559,0.59256,0.70206,0.95593,0.81348,0.38218,0.61929,0.81947,0.62592,0.77374,0.40173,0.73476,0.88104,0.54132,0.49026,0.71371,1.23,0.93978,0.77672,0.33608,0.43099,0.48511,0.86632,0.88123,0.4522,0.5693,0.99381,0.81481,0.45251,0.75317,0.38194,0.42186,0.42405,0.32437,0.56692,0.61202,1.0873,0.81171,0.87269,0.39444,0.67187,0.37418,0.23353,0.26445,0.60077,0.9217,0.29726,0.63343,0.68052,0.39828,0.39692,0.3102,1.1622,0.64718,1.1009,0.72195,0.43109,0.24395,0.61193,1.233,0.54045,0.50733,0.89404,1.3074,0.48514,0.35213,1.0629,0.61167,0.20247,0.38362,0.70016,0.83719,0.75646,0.6131,0.62381,0.8143,0.50476,0.52325,1.0205,0.3616,0.21946,0.45232,0.68403,0.34869,1.2162,0.76325,0.96539,0.32417,0.57916,0.59929,0.43239,0.54076,0.57879,1.3262,0.25379,0.56842,1.2079,0.79007,0.68955,0.4492,0.41326,0.73734,0.61321,0.71525,0.83761,1.1216,0.56412,0.50526,1.1508,1.0889,1.0602,0.6108,0.42178,0.40732,1.0272,0.77105,1.2082,1.1252,0.60068,0.40579,1.0593,0.97187,0.85862,0.7538,0.48414,0.40431,0.42511,0.61357,0.6083,0.54343,0.54235,1.438,0.86116,0.47827,0.33114,0.54805,0.86481,0.34316,0.37565,0.55291,1.0899,0.75386,0.67251,0.69441,1.547,0.78825,0.8537,0.73991,0.38802,1.0962,1.808,0.64334,0.73911,1.6554,0.52166,0.45584,0.75906,0.71937,0.22813,0.28606,0.6707,0.92791,0.34556,0.94585,1.7111,1.4598,0.48346,0.52738,0.43633,0.40949,0.89428,0.94117,0.81813,0.48623,0.68597,0.70368,0.76562,0.96132,0.56058,0.35522,0.47699,0.8906,0.45694,0.22136,0.64318,0.52141,0.51731,0.54602,0.52743,0.25177,0.63938,0.6796,0.40597,0.75449,0.88226,0.38566,0.32183,0.63198,0.62624,0.57196,0.86067,0.64907,0.60804,0.42098,1.0396,0.54928,0.40612,0.53295,0.41869,0.44169,0.26873,0.38781,0.62658,0.82744,0.86918,0.42628,0.54904,0.49167,0.53264,0.87368,0.36927,1.3722,0.93634,0.41714,0.28323,0.5837,0.59326,0.99468,0.5256,0.38493,0.39389,0.50333,1.0185,0.80055,0,0.91172,0.63835,0.75804,0.58253,0.89187,0.81105,0.28548,0.63668,0.81706,0.7926,0.80185,0.86601,0.68178,0.71683,0.8718,0.99237,0.31888,0.62768,0.75852,0.46444,0.84096,0.49535,0.69771,0.37279,0.70119,0.59315,0.44854,0.60353,0.40463,0.57482,0.85909,0.26583,0.75218,0.77392,1.2914,1.0467,0.39259,0.66866,0.4345,0.6497,0.40177,0.97421,0.86259,0.31286,0.46999,0.24326,0.66933,0.76172,0.44663,0.65423,0.50498,0.51544,0.57275,0.4487,1.1885,0.78138,1.1654,1.395,1.2407,0.66947,0.80689,0.96023,0.40504,0.3996,0.74875,0.78937,0.50463,0.49983,0.59801,0.68966,0.48391,0.55093,0.43021,0.63454,0.34196,0.40643,0.35137,0.55459,0.85466,0.51494,0.69837,0.62927,0.70131,0.43687,0.68069,0.61309,0.64248,0.3606,0.85965,0.69021,0.32935,0.59014,0.47916,0.48282,0.45893,0.56688,0.51687,0.69903,0.57865,1.1663,0.62885,0.41671,0.41294,0.55521,0.94594,0.24496,0.64834,0.40029,0.58398,0.555,0.41656,0.51825,0.34875,0.77177,0.8853,0.90481,0.51233,0.42655,0.54681,0.76429,0.60406,0.77194,0.62504,0.60577,0.63534,0.71996,0.82281,0.73107,0.70227,1.1538,2.0907,1.1482,0.54197,0.63993,0.57395,0.56146,0.33596,0.46374,0.84188,0.61767,0.73221,0.39291,0.261,0.82548,0.79075,0.69837,0.82732,0.35207,0.26893,0.92734,0.34515,0.73462,0.49266,0.80841,0.57808,0.24134,0.48664,0.80601,1.1011,0.58591,0.43266,0.49287,0.60691,0.41909,1.1309,0.46595,0.8891,0.62881,0.45721,0.77859,0.32172,0.44167,0.46431,0.60177,0.76819,1.0229,0.89881,0.73176,0.50697,0.62799,0.67887,0.62229,1.0877,0.70761,0.40186,0.48351,1.0323,0.32572,0.66373,0.61711,0.35896,0.62172,0.52753,1.6047,1.2342,0.46505,0.44263,0.41494,0.73923,1.0783,0.53942,0.29787,0.39208,0.79706,0.7628,0.66721,0.29541,0.2511,0.49884,0.57371,0.74088,0.45445,0.47933,0.41155,0.54829,0.40479,0.63245,0.58963,0.67868,0.5542,0.98858,0.31012,0.52247,0.92191,1.0632,0.47812,0.36472,0.36567,0.17519,0.41561,1.2028,0.50778,0.48623,0.29369,0.45833,0.42643,0.48763,0.88773,0.61116,0.45726,0.45484,0.59343,0.39977,0.30432,0.68382,0.87026,0.34031,0.63721,0.50495,0.48508,0.2775,0.53482,0.71285,0.54525,0.67104,1.2335,0.3669,0.99713,0.59326,0.40594,0.47129,0.26512,0.64961,0.58942,0.44046,0.36808,0.8814,0.31584,0.45162,0.81538,0.37031,0.42382,0.55612,0.67694,0.67079,0.47209,0.47624,0.7367,0.77803,0.36425,0.47199,0.43869,0.51668,0.66433,1.1388,0.85199,0.38256,0.50894,0.96225,1.6702,1.2222,0.61991,0.71303,1.4687,0.82859,0.80568,0.64216,1.048,0.46108,0.30948,0.49255,0.41383,0.44333,0.45599,1.0339,0.66932,0.62234,0.68237,0.67309,1.0453,1.1365,0.73224,0.43449,0.54308,0.37975,0.37703,0.68645,0.65439,0.75794,0.44596,0.74304,0.7876,0.78612,0.63391,0.16715,0.38076,0.55356,1.123,0.50802,0.38237,0.67493,0.75987,0.6486,0.67358,0.39921,0.32207,0.41379,0.83355,0.76306,0.71772,0.56823,0.62879,0.80082,0.47739,0.93989,0.68796,0.38997,1.1123,0.72583,0.55785,0.82729,1.0106,0.49156,0.69297,0.97691,0.68013,0.62346,0.49542,1.2133,0.62286,0.6878,0.49812,0.34175,0.91529,0.67618,0.67347,1.0079,0.56757,0.34723,0.65172,0.41966,0.51804,0.6564,0.39853,0.91018,0.52143,0.66747,0.42563,0.53823,0.71445,0.60594,0.51014,0.89155,0.56611,0.68348,0.51195,0.8048,0.92204,0.69441,0.41006,0.51522,0.91591,0.79613,0.68879,0.59393,0.57674,0.76761,0.60617,0.66489,0.45472,0.89791,0.87704,1.3236,1.3291,0.67014,0.57689,0.81979,0.40988,0.92992,0.80332,0.37902,0.96008,0.54332,0.92989,0.62474,0.50725,0.49814,0.77288,1.272,0.24597,0.40607,1.0324,0.5309,0.48367,0.97621,0.79172,0.44728,0.43305,0.11488,0.36543,0.68564,0.47223,0.54047,0.39577,0.67143,0.42934,0.38331,1.0165,0.39063,0.61987,0.77934,0.91932,0.71096,0.59048,1.0435,0.32168,0.58908,0.63088,0.64373,0.37072,0.48684,0.79828,0.55127,0.2635,0.47963,2.9367,0.24094,0.50989,0.57264,1.0319,0.58935,0.42781,0.80354,0.36966,1.1053,0.28461,0.41399,0.50534,0.29173,0.58563,0.5321,0.93931,0.61866,0.36581,0.37778,0.60047,0.4975,0.44207,0.36182,0.47128,0.64874,0.54713,0.38942,0.40189,0.80206,1.3341,0.4133,0.61235,0.35751,1.0028,0.82301,0.15295,0.25723,0.45926,0.56608,0.60008,1.1831,0.65838,0.54762,0.4581,0.36337,0.64392,0.4894,0.33713,0.62609,1.7924,0.63301,0.89952,0.43142,0.38725,1.0498,0.53195,0.33524,0.30554,0.33289,0.82902,0.54306,1.3582,1.3105,0.39319,0.55434,0.65446,0.77499,0.33029,0.34652,0.70945,0.80118,0.78526,0.73258,0.21907,0.55846,0.57851,0.38927,0.33777,0.40151,1.3467,0.49879,0.45529,0.90953,0.71769,0.65446,0.46653,0.29233,0.67164,0.88066,0.91998,0.98804,0.65337,0.63344,0.63526,0.59063,0.72548,0.62336,0.94831,0.56436,1.2353,0.54701,1.3767,0.88001,0.79616,0.95889,0.40044,0.43739,0.77338,0.5023,0.68366,0.985,0.97628,0.40651,0.48279,0.85306,0.78021,0.48656,0.62158,1.0795,0.34853,0.70166,0.76206,0.64568,0.36767,0.59555,0.44926,0.59329,0.97948,0.49505,0.79842,0.50331,0.48333,0.81556,0.47233,0.6342,0.29587,0.7373,0.83139,0.76741,0.62987,0.64412,0.68451,1.1419,0.59157,0.46694,0.32172,0.59296,0.50417,0.7102,0.46871,0.31405,0.79335,0.48783,0.49865,0.88382,0.32179,0.74957,0.69203,0.70914,0.54892,0.40384,0.35401,0.44265,0.42521,0.28638,0.95859,1.5254,0.47072,0.79174,1.1879,0.57298,0.57556,0.67995,1.0526,0.36556,0.89392,0.5514,0.47888,0.64825,0.62452,0.48909,0.82542,0.81521,0.79125,0.63181,0.42867,1.3576,0.63794,0.43386,0.43032,0.52508,0.31161,1.1646,0.83354,0.81406,0.30624,0.3477,0.85276,0.67413,0.46789,0.74224,0.64691,0.35639,0.31112,0.3254,0.20524,0.79669,0.97582,0.5722,0.90015,0.27611,0.26586,0.50371,0.53298,0.50979,0.33575,1.0419,0.45224,0.68124,1.1834,0.43031,1.0579,0.29017,0.77674,0.5683,0.62802,0.57695,0.50875,0.4668,0.49949,0.57047,1.0426,1.651,1.0705,0.49577,0.82359,0.35833,0.61488,0.91596,0.52394,0.61762,0.78675,0.87498,0.67593,0.75085,0.85784,0.25995,0.35833,0.39265,0.51932,0.71277,0.48861,0.31493,0.57199,0.88358,0.45512,0.65047,0.40994,0.85844,0.94752,1.0559,0.65659,0.7962,0.51846,0.65735,0.24838,0.55987,0.95489,0.40092,0.63725,0.46296,0.378,0.4013,0.3258,0.86112,0.39908,0.58332,0.61609,0.76225,0.78474,0.73185,0.85793,0.59438,0.71782,0.80525,0.7992,0.60069,0.79369,0.4031,0.8837,0.71356,0.56263,0.74783,0.49284,0.52442,0.30168,0.67318,0.47298,0.62421,0.4814,0.47657,0.70322,0.45209,0.61699,0.45397,0.64893,1.6985,0.93262,0.71617,0.69557,0.8192,1.3795,0.28121,0.44335,0.32065,0.44453,1.2556,0.84467,0.5466,0.55368,1.0564,1.0619,0.23589,0.56678,0.55306,0.76891,0.87499,0.48368,0.67548,0.60508,0.6561,0.60193,0.52197,0.49257,0.45948,0.70331,0.41976,0.56865,0.24559,0.69301,0.46326,1.0487,0.92568,0.44568,0.52385,0.68678,0.60454,0.83741,0.48201,0.74233,0.61802,0.35659,0.57689,0.88767,0.88766,0.57594,0.81333,0.99928,0.31798,0.6349,0.75587,0.68797,0.95883,0.35622,0.45851,0.9889,0.61046,0.83359,1.2603,0.75681,0.56382,0.32116,0.50418,0.45109,0.82492,0.5585,0.41577,0.88543,0.61875,1.6377,0.61141,0.39246,0.56093,0.36993,0.4496,0.61821,0.71399,1.0916,0.31908,0.95782,1.2546,0.91295,0.28929,0,0.53371,0.92727,0.50743,0.45676,0.6954,0.23336,0.95613,0.70547,0.85419,0.69669,1.3308,0.4014,0.51378,0.48576,0.42094,0.46611,0.43022,0.34483,0.47063,0.72133,0.77865,0.68428,0.71908,0.90049,0.77053,0.63588,0.49005,0.53753,0.26402,0.74939,0.5154,1.4765,1.0702,0,0.53907,0.94681,0.73476,0.94217,0.40824,0.28488,0.42209,0.47181,0.47664,0.49847,0.6084,0.70981,0.48499,0.85588,0.51887,0.71163,0.73113,0.61716,1.1347,0.73678,0.66271,0.66744,0.42253,0.28669,0.5761,0.31566,0.17721,0.49046,0.52601,0.54182,0.7425,0.35027,0.1586,0.32515,0.30366,0.79794,0.61651,0.38733,1.4851,0.60691,0.62493,0.76366,0.57385,0.67378,0.41995,0.57901,0.48941,0.95559,0.72478,0.64232,0.26036,0.57907,0.24386,0.47485,0.72654,0.61868,1.217,0.54495,0.63173,0.42738,0.34301,0.94652,0.62387,0.65681,0.93415,0.38272,0.4394,1.5413,0.96514,0.36695,0.25536,0.55228,0.97225,1.5852,0.94737,0.47201,0.37167,0.56329,0.71222,0.97751,0.47828,0.44183,0.2428,0.57049,0.34635,0.64418,0.77357,0.70975,1.6844,1.4096,0.75209,0.34615,1.112,0.87158,0.36456,0.54665,0.52044,0.43935,0.32295,0.1676,0.46873,0.89976,0.73442,0.71192,0.43138,0.69913,0.70963,0.17198,0.33369,0.48979,0.85359,0.51393,0.39939,0.42234,0.89613,0.67471,1.1723,0.6506,0.43234,0.50524,0.48077,0.50589,1.0792,1.1441,0.64408,0.54025,0.29753,0.3637,0.51395,0.4782,0.5606,0.23541,0.51304,0.34129,0.42217,0.4546,1.2493,0.3534,0.29922,0.69864,1.3337,0.35902,0.77983,0.70059,1.1237,0.6158,0.37093,0.64965,0.40517,0.52784,0.70846,0.46218,0.43552,0.63125,1.0136,0.53234,0.22034,0.56256,0.58195,0.56059,0.88495,0.48241,0.76471,0.99609,0.83376,0.76703,0.36426,0.51261,0.41047,0.51736,0.6564,0.64216,0.25148,0.27653,0.56864,0.30065,0.42957,0.60372,0.51163,0.6104,0.68392,0.79167,0.50339,0.67479,0.96791,0.72537,0.7466,0.5768,0.6176,0.80528,0.65235,0.99906,0.38751,0.67003,0.53535,0.60591,0.37588,0.53458,0.55,0.73301,1.1853,0.90535,0.39676,0.7427,0.66087,0.65536,1.0716,0.7925,0.36145,0.50048,0.37349,0.45933,0.75571,1.0239,0.75228,1.2305,1.2499,0.90899,0.91313,0.74133,0.85144,0.6897,0.93767,0.64066,1.3815,0.78565,0.67038,1.1159,0.78422,1.0597,0.55813,0.64584,0.33154,1.1245,0.60879,0.25677,0.64895,0.56134,0.22258,0.33883,0.44265,0.47971,0.42425,0.58322,1.1957,0.62736,0.65956,0.73805,0.41531,0.79988,0.76455,0.60248,0.91157,0.5944,0.93823,0.44834,0.38949,0.70854,1.1718,0.8955,1.0034,0.2595,0.27917,0.34324,0.66772,0.41537,1.2207,0.91089,0.67979,0.95179,0.47254,0.61584,0.35952,0.62544,0.83305,0.82071,0.45397,0.97217,1.0022,1.2995,1.1401,0.54114,0.61675,0.86786,0.51516,0.71056,0.31687,0.42754,0.81986,0.8099,0.56798,0.28044,0.42491,0.3316,0.37617,0.72349,0.25157,0.54609,0.76043,0.82359,0.77873,0.72603,1.1758,0.87406,0.47007,0.31226,0.78209,0.34528,0.80365,0.33986,1.1671,0.53241,0.42395,0.44073,0.72111,0.86086,0.54117,0.50002,0.72489,0.66218,0.66426,0.77308,0.55366,0.85946,0.79902,0.47032,0.489,0.52694,0.70262,0.58992,0.43355,0.075453,0.4074,0.44652,0.45848,1.0293,0.5797,0.35993,0.58409,0.3799,0.40001,0.90051,1.2043,0.46359,0.31468,0.40766,0.67598,0.54256,0.30368,0.95567,0.96142,0.75096,0.64612,0.80518,0.54831,0.69337,0,0.22111,0.54092,0.57613,0.43188,0.75041,0.44115,0.3546,0.49906,0.45295,0.68636,0.49295,0.52777,0.90035,0.82993,0.87517,0.55226,0.35991,0.33708,0.35664,0.64783,0.34925,0.77488,0.64816,0.4916,0.53026,0.61604,1.0322,0.75375,0.73418,0.49448,0.79931,1.2482,0.71524,0.72593,1.7192,1.9006,0.56416,0.72056,0.62575,0.87026,0.32521,0.93394,0.64956,1.5251,0.37117,0.29775,1.2702,0.83638,0.39272,0.37358,0.92866,0.35803,0.19432,0.70048,0.77278,1.1632,0.94037,0.52406,0.93622,0.49955,0.98515,0.24853,1.1105,0.76936,1.3092,0.74921,0,0.1319,0.35071,0.54757,0.43436,0.7283,0.3713,0.32448,0.47948,0.47591,0.49874,0.42673,0.63842,0.68657,0.63219,0.55565,1.0169,0.95158,0.9472,0.5459,0.50705,1.2754,0.7244,0.63612,0.60701,0.71461,0.57313,0.96267,0.54025,0.61117,1.2639,1.2554,0.84456,0.65875,1.0972,0.8847,0.45674,0.55287,0.76989,0.67249,0.72977,0.4595,0.6671,0.48139,0.60035,1.2748,0.58296,0.90441,0.95007,0.71119,0.61308,0.53856,0.87689,0.72685,1.0515,0.52297,1.0758,0.65212,0.62759,0.85887,0.69267,0.45071,0.58998,0.8994,0.40522,0.74814,0.70017,0.5104,0.63903,0.85694,0.44875,0.43478,0.62849,1.0049,0.65454,0.37339,0.91384,1.0234,0.95574,0.93846,0.84794,0.99981,0.64352,0.8059,0.61706,0.53387,0.72942,0.14021,0.63557,1.544,0.88935,0.37829,1.9576,0.5012,0.22841,1.1607,0.51469,0.65577,0.79254,0.4975,0.44036,0.41498,0.72346,0.85228,1.0249,0.40631,0.65145,0.61959,0.50369,0.51755,0.55693,0.42975,0.56482,0.3564,0.75694,0.90038,0.72599,0.62373,0.52968,0.78942,0.28338,0.41299,0.59993,0.70551,1.0726,1.0518,0.99198,0.65975,0.45305,0.60594,1.3193,1.0129,1.0498,0.7101,0.77756,0.43248,0.54773,0.87262,0.85948,1.0632,0.68258,0.4601,0.41197,0.44076,0.23842,0.89959,0.79875,0.65743,0.71159,0.70347,0.60052,0.72655,0.4395,0.66258,1.3538,0.75194,0.88425,0.63919,0.88343,0.73311,0.73987,0.36085,0.29722,0.40155,0.8508,0.27585,0.90899,0.21321,0.50637,0.6054,0.49246,1.3332,0.70261,0.55184,0.46792,0.80546,0.82245,0.62792,1.4143,0.76956,0.556,0.27378,0.5037,0.42061,0.47076,0.73198,1.0215,0.86539,0.45459,0.74747,0.74263,0.34468,0.88485,0.73589,0.74994,0.63201,0.72988,1.046,0.61905,0.59532,0.81153,0.93256,0.4482,0.45131,0.87976,1.2879,0.65429,0.56019,1.343,0.57286,0.41668,0.49925,0.20594,0.63607,0.73231,0.46754,0.54135,0.49339,0.53144,0.36284,0.66066,0.36315,0.45354,0.85617,0.25203,0.41892,0.49386,1.2938,1.2377,1.0846,0.62639,0.58278,0.8489,0.60839,0.37772,0.36473,0.79768,0.48382,1.1163,1.1059,0.54225,0.22431,0.56112,1.5982,0.58485,0.40807,1.1075,1.0219,0.73175,1.0341,0.61851,0.4284,0.80156,1.1987,0.50395,0.7623,1.1791,0.53062,0.7581,0.9946,0.55651,0.87351,0.75859,0.37722,0.8416,0.87397,0.53894,0.86674,0.59493,0.34266,0.2974,0.73803,0.67059,0.56684,0.27371,0.60532,0.77091,0.49387,0.5207,0.663,0.62413,0.58831,0.81545,0.46768,0.95818,0.895,0.78781,1.0718,0.74976,0.90965,0.88208,0.4099,0.52022,1.1958,0.64249,0.70935,0.74396,0.58414,0.40235,0.43939,0.33764,0.33195,0.27996,0.44364,0.92629,0.72364,0.75672,0.59085,0.60286,0.61429,0.95585,0.89895,1.012,0.44692,0.34435,0.50723,1.1956,0.66864,0.48916,0.80823,0.5145,0.93853,0.46243,0.44737,0.79408,0.69725,1.0616,0.775,0.17235,0.2707,0.32755,1.0171,0.87511,0.59843,1.1883,0.44085,0.37783,0.56909,0.41651,0.61915,0.45946,0.52197,0.71014,0.7362,0.69679,0.7577,1.1155,0.25905,0.55762,0.85164,0.40746,0.90786,0.18992,0.43498,0.66417,0.89773,0.91156,0.8052,0.66454,0,0.51406,0.43635,0.49074,1.0159,0.5323,1.3915,1.6287,0.57855,0.74865,0.69968,0.53153,0.8443,0.52023,0.78276,2.5064,2.0415,0.56124,0.81197,0.9632,0.48915,0.22422,0.29654,0.56515,0.44497,0.64755,0.60299,0.57128,1.2773,0.87508,0.78368,1.3364,0.62799,0,1.0993,0.63055,0.57307,0.42109,0.56618,0.70054,0.48872,0.8556,0.81873,0.68581,0.91966,0.72117,0.39244,0.74109,1.6207,0.94222,0.79771,1.0907,0.63251,0.82819,0.61776,0.77624,0.55539,0.75174,0.447,0.36171,0.30911,1.2028,0.37748,0.36607,0.98952,0.77326,0.46244,0.47802,0.55637,0.47056,0.8665,0.53603,0.52706,0.46615,1.2075,0.61239,0.662,0.4572,1.3692,0.67689,1.1144,0.60412,0.6046,0.94241,0.64406,0.8585,0.20931,0.9236,1.2528,0.84032,1.1077,0.63642,0.9156,0.51182,0.49258,0.38662,0.3075,0.54893,0.79507,0.50718,1.2021,0.76302,0.76327,1.7696,0.74376,0.5845,0.5343,0.38986,0.40766,0.38299,0.44235,0.79283,0.81014,0.62223,0.43025,0.75986,0.92291,0.7323,0.88107,0.40742,1.0796,0.34885,0.89264,0.70021,1.2872,0.6627,1.1354,0.75279,0.69251,0.81256,0.35477,0.29812,0.29431,0.77978,1.2035,0.45812,0.73493,0.90395,0.33179,0.29318,0.37898,0.62944,0.53021,0.41132,0.73781,0.26317,0.88245,0.83193,0.67013,0.46801,0.46265,0.39146,0.63851,0.7374,0.71554,0.8593,0.8123,0.39238,0.92681,0.16468,0.6125,0.46478,0.46506,0.44483,0.47815,0.43463,0.77135,0.3862,0.74705,0.68122,0.2447,0.32881,1.148,0.39762,0.70869,0.53873,0.96523,0.58502,0.57012,0.39539,0.4883,0.56248,0.5766,0.85174,1.0094,0.74057,0.82463,0.6025,0.38713,0.7385,0.78583,0.51584,0.48231,1.0039,0.6728,0.34653,0.47352,0.88693,0.72061,0.65052,0.80369,0.38651,0.40566,0.50696,0.90031,1.0598,0.63795,0.54315,0.83317,0.7226,0.27105,0.35675,0.37113,0.9026,0.54789,0.60913,0.15246,0.47963,0.37305,0.56938,0.74433,0.88345,0.36641,0.41077,0.31641,2.774,1.2741,0.37461,0.33144,0.74342,1.0992,0.59067,0.55933,1.114,0.71128,0.70074,0.52377,1.02,0.33155,0.30343,0.58111,0.94862,0.4277,1.0773,1.39,0.99386,0.39722,0.79663,0.65104,0.9764,0.65648,1.0026,0.49644,0.52744,0.56439,0.67054,0.5677,0.86734,0.5048,0.77549,0.44188,0.39663,0.83992,0.68089,0.58167,0.53551,0.39674,0.46279,0.36948,0.89666,0.99828,0.61427,0.60615,0.4145,0.5188,1.4439,0.58692,0.35036,0.86339,0.62121,0.60393,1.5983,1.3776,0.90813,0.67462,1.0099,0.58438,0.42309,0.95173,0.39371,0.65691,0.16403,0.54812,0.46031,0.61747,0.62355,0.60325,0.6513,0.55418,0.75368,0.9129,0.53198,0.32193,0.37429,0.22522,0.30625,0.45508,0.39765,0.61706,0.59215,0.68386,0.4555,0.46379,0.92622,0.97976,0.73795,0.79421,0.76851,0.60995,0.38542,0.21392,0.62142,0.49103,1.1675,1.0847,0.84595,0.92595,1.0176,0.41883,0.38801,0.44311,0.55111,0.81909,0.94188,1.4176,0.67926,0.28499,0.5127,0.76565,0.94086,0.40738,1.3722,0.47379,0.34945,0.46071,0.88573,0.49418,0.39816,0.38778,0.92001,0.55873,0.43311,0.56174,0.58464,0.79307,0.80828,0.60992,0.49749,0.53679,0.22906,0.35559,0.49298,0.33615,0.96937,0.68357,0.66035,0.55483,0.44863,0.7472,0.59878,0.52236,0.6101,0.42759,0.6521,1.0961,0.20268,0.39668,0.479,0.68367,0.73322,0.59097,0.51437,1.3748,1.0473,1.2194,0.53375,0.60812,0.4772,0.34445,0.57531,0.39264,0.78795,0.76621,0.95523,0.44687,0.88373,0.85236,0.54752,0.69142,0.66394,0.34319,0.88089,0.36007,0.90146,0.89593,1.0376,0.67689,0.5919,0.31031,0.37043,0.51518,0.25503,0.29561,0.5856,0.53636,0.89817,1.042,1.1696,0.61669,0.46345,0.99314,0.70054,0.59229,0.55097,0.50188,1.0688,0.28316,1.3173,0.51598,0.50143,1.1517,0.49854,0.38917,1.2707,1.2066,0.82457,0.96707,0.65837,0.57147,0.11377,0.20462,0.59487,0.32589,0.79883,0.39358,0.93536,0.64121,0.5211,0.97912,0.59863
0.96164,0.51579,0.51547,0.46878,0.56596,1.2081,0.75311,0.61502,0.55185,0.53435,1.24,0.95822,0.59569,0.47697,0.64544,0.55442,1.0513,0.45661,0.56909,0.76958,0.34068,0.53092,0.59415,0.68025,0.39375,0.57586,0.74456,0.84134,0.5821,0.69482,0.79319,0.46932,0.30827,0.74499,1.0157,0.5743,0.58023,0.32604,0.272,0.53342,0.82862,0.57633,0.27787,0.91074,1.3485,0.90291,0.67828,0.55865,1.0223,0.64659,0.54508,0.65233,0.64164,0.723,0.59487,0.48101,0.40184,0.22405,0.6644,0.44246,0.52612,0.46568,0.89076,0.67849,0.87578,0.76214,0.42323,0.51158,0.67447,0.60646,0.60485,0.69277,0.66835,0.58975,0.50603,0.69351,0.46011,0.48814,0.39004,0.46992,0.48925,0.53513,0.39164,0.76043,0.5299,0.52421,0.74484,0.79638,0.52522,0.34892,0.8405,0.42983,0.5579,0.57185,0.64118,0.53558,0.67216,0.59728,0.47223,0.88435,0.5445,0.77761,0.72509,0.83794,0.46339,0.61646,1.1841,0.96825,0.53868,0.90874,0.62542,0.68663,0.61819,0.6429,0.4655,0.61083,0.54685,0.43613,0.30571,0.63122,0.26545,0.88962,0.76307,1.0051,0.59854,0.63944,0.5658,0.41423,0.46314,0.48115,0.57738,0.29328,0.41908,0.76878,0.60077,0.53538,0.63588,0.64973,0.73399,0.57725,0.55102,0.3618,0.55984,0.29487,0.66121,0.70907,0.47509,0.8883,0.56212,0.42174,0.52514,1.3879,0.62029,0.55416,0.44791,0.45857,0.9411,0.58307,0.82866,0.47471,0.79847,0.9348,0.4403,0.34768,0.55395,0.49172,0.73731,0.42188,0.3631,0.60717,0.65359,0.69107,0.63833,0.36675,0.96957,0.62501,0.76837,0.96563,0.73439,0.3899,0.65802,0.39101,0.85309,0.28861,0.50885,0.68359,0.89124,0.76273,0.44656,0.56532,0.40629,0.4895,0.46165,0.49268,0.29722,0.33433,1.1129,0.72723,0.73662,0.44939,0.66384,0.74101,0.4614,0.41131,0.4744,0.37385,0.83693,0.70002,0.36793,0.42011,0.56346,0.46393,0.49695,0.22452,0.67353,0.80523,0.50482,0.62736,0.33053,0.417,0.37036,0.68223,0.64287,0.51191,0.92671,0.65121,0.46219,0.45167,1.0027,0.26643,0.37495,0.30729,1.2937,0.39041,0.5458,0.60749,1.1236,0.372,0.59696,0.51366,1.2226,0.89797,0.51837,0.83603,0.42539,0.53838,0.47348,0.89705,0.81366,0.4289,0.97748,0.76161,1.0906,0.45735,0.56927,1.0547,0.61038,0.85932,0.8294,0.60407,0.75141,0.43557,0.42702,0.57276,0.33303,1.048,0.4399,0.44686,0.52673,0.38928,0.89536,0.94318,0.68805,0.40488,0.21182,0.48111,0.87976,0.42172,0.5278,0.35172,0.63393,0.30261,0.65075,1.0035,0.38217,0.54214,0.43669,0.58268,0.49397,0.56068,0.7037,0.87176,0.79666,0.49976,0.30767,0.26672,0.64554,0.45301,0.9524,1.2008,0.74913,1.2943,0.5796,0.67178,0.86609,0.95476,0.73621,0.74289,0.64279,0.58647,0.53957,0.7265,0.80384,0.84404,0.55045,0.35635,1.2264,0.56723,0.79331,0.95245,0.75337,0.74464,0.75643,0.37205,0.45709,0.9725,0.51279,0.35265,0.40952,0.51522,1.308,1.0573,0.47536,0.81832,1.3918,0.58892,0.4385,0.47276,0.59372,1.3401,0.50392,0.85501,0.48263,0.53692,0.37762,0.62597,0.4433,0.50955,0.37551,0.4817,0.61471,0.59588,0.61871,1.1673,0.62942,0.55202,0.49949,0.61558,0.67276,0.71746,0.48008,0.47874,1.493,1.8242,0.60791,0.61926,0.71094,0.95582,1.4427,1.1763,0.59378,0.55765,0.53967,0.46766,0.56967,1.0317,0.88782,0.86362,0.64334,0.56132,0.4577,0.48801,0.25482,0.83597,0.53939,0.62647,0.53267,1.4888,0.67585,0.4763,0.71641,0.33059,0.52065,0.54174,0.6916,0.69261,0.69824,0.6681,1.0558,0.46415,0.76209,1.037,0.8424,1.2395,0.40273,0.51619,0.6356,0.32659,0.72601,0.50276,0.29577,0.33112,0.45456,0.66595,0.73865,0.8585,0.40305,1.2846,1.1524,0.5452,0.46876,0.34809,0.7597,0.46411,0.70721,0.72187,1.2704,0.52921,0.47712,0.35122,0.35386,0.94961,0.42332,0.40252,0.78006,0.88126,0.63392,0.93004,0.83154,1.0086,0.75728,0.623,0.79807,0.82758,1.569,1.2317,0.50388,0.4774,0.94767,0.51596,0.4505,0.60066,0.6669,0.51297,0.73342,0.98154,0.75587,0.40581,0.47258,0.90085,0.42217,1.2882,0.55684,0.57993,0.94453,0.34019,0.50082,0.66892,0.70774,0.48412,0.47192,0.89164,0.58448,0.60884,0.65358,0.29889,0.48184,0.53206,0.35088,0.38985,0.67855,0.79013,0.59493,0.75862,0.59636,0.44031,0.77019,0.69945,0.43095,0.36673,0.38821,0.73283,0.56748,0.40798,0.45072,0.56858,0.53846,0.37153,0.40284,0.38706,0.63901,0.49293,0.40296,0.57842,0.55304,0.54241,1.0175,0.6733,0.34944,0.35919,1.0827,0.63358,1.001,0.75963,0.94352,0.93424,0.6816,0.42732,0.41933,1.1542,0.73353,0.53219,0.7496,0.58263,0.49204,0.8986,0.66807,0.38289,0.76896,2.2414,0.88467,0.35867,0.71334,0.43169,0.43676,0.65443,0.36148,0.59974,0.63301,0.49525,0.45655,0.8209,0.40191,0.33894,0.60923,0.44359,0.38647,0.29999,0.60004,1.0715,1.1738,0.66068,0.59797,1.0403,0.51923,0.75688,0.75856,0.53321,0.93085,0.59368,0.38349,0.49251,0.44659,0.38315,0.77967,0.5214,0.61541,0.68698,0.65586,1.0683,0.69625,0.67381,1.1546,0.67682,0.95024,0.38444,0.40778,0.40527,0.63126,0.53842,0.38409,0.37838,1.0057,1.0407,0.86304,0.75886,0.33048,0.72358,1.1202,0.40976,0.483,0.62162,0.61694,0.56753,0.66104,0.68755,0.3883,0.75553,0.26129,0.44029,0.77157,0.51752,0.61866,0.82069,0.67037,0.51959,0.54383,0.37642,0.70213,0.43585,0.45031,1.0198,0.25008,0.33523,0.76389,0.6074,0.38654,0.65893,0.39668,0.58598,0.58783,0.59603,0.90238,0.5713,0.70934,0.53145,0.40644,0.62036,0.66941,0.71269,0.48459,0.51535,0.62133,0.33762,0.44661,0.52526,0.46651,0.63252,0.56807,0.56051,0.68371,0.6782,0.94732,0.49177,0.56438,0.56701,0.50489,0.31616,0.32604,0.76232,0.67723,0.67874,1.111,0.61432,0.57885,1.1423,0.61305,0.48134,0.98645,0.41604,0.39576,0.73841,0.47588,0.54954,0.60748,0.57983,0.41235,0.46639,0.53382,0.61084,0.57715,0.50004,0.72342,0.79352,0.64874,0.57886,0.56752,0.78216,0.9173,0.45741,0.81462,0.79118,0.66495,0.4299,0.65157,0.71603,0.62062,0.64592,0.53939,1.3096,0.75734,1.1084,0.52812,0.68958,0.79849,0.29542,0.33091,0.89217,1.0558,0.36148,1.2161,0.69518,0.89487,0.42116,0.53186,0.72708,0.47728,0.40156,0.87963,0.44926,0.54426,0.96067,0.37746,0.58703,0.93023,0.53804,0.56252,0.78439,0.67315,0.24649,0.6584,0.60393,1.4463,0.94924,0.28281,0.41865,0.47318,0.33401,0.45848,0.74872,0.65685,0.37579,0.39343,0.83381,0.67675,0.61857,0.7064,0.66143,0.58925,0.87738,1.26,0.34583,0.57011,1.0254,0.87474,0.94747,0.35923,0.23909,0.45608,0.7092,0.44242,0.87601,0.58988,0.50762,0.44893,0.53089,0.93332,0.77658,0.80918,0.58051,0.61484,0.54494,0.58217,1.0462,0.72584,0.58413,1.0974,0.94085,0.68319,0.35718,0.63659,0.65026,0.86376,0.3712,0.42608,0.45656,0.30377,0.77889,0.81636,0.67615,0.82927,1.4621,0.54576,0.26152,0.76152,0.56446,1.3731,0.96032,0.45036,0.37372,0.58245,0.69659,0.4169,0.59256,0.66091,0.33364,0.68149,0.9487,0.79277,0.90796,0.53553,0.38979,0.9125,0.49428,0.35481,0.70321,0.85455,0.17558,0.46873,0.77956,0.64651,0.53191,0.42681,0.68307,1.2302,0.96482,0.53708,0.81543,0.42637,0.48928,0.68761,0.28115,0.36838,0.80457,0.5355,0.53169,0.57424,0.39976,1.6458,0.97958,0.57295,1.185,0.3449,0.55845,1.5427,1.2166,0.51585,0.23465,0.30234,0.82958,0.86903,0.27174,0.67577,0.51136,0.80223,0.51162,0.60984,1.4423,0.49485,0.41219,1.5039,0.65748,0.43043,0.79049,0.58942,0.60577,0.94195,0.35125,0.31008,0.67523,0.90713,1.0101,0.8826,0.44242,0.48846,0.64156,0.56151,0.41295,0.58506,0.65989,0.7457,0.6749,0.91437,1.5538,2.3686,0.52931,0.70685,0.50247,0.67152,0.43177,0.90214,0.87844,0.32398,0.67505,0.91961,0.63156,0.3574,0.69295,0.33213,0.64525,0.73696,0.39555,0.68932,0.94013,1.0851,1.3446,0.28936,0.68336,0.39818,0.93814,0.58753,0.35833,0.93784,0.92586,0.69975,1.2462,1.0722,0.74711,0.38325,0.30872,0.535,0.65146,1.0908,0.54821,0.88416,0.70751,1.1872,0.39845,0.61689,0.60956,0.33735,0.38572,0.57327,0.36087,0.53812,0.87425,0.7109,0.88378,0.63021,0.59338,0.78225,0.72533,0.35933,0.43438,0.65176,0.46752,0.44271,0.55933,0.57293,0.90153,1.2385,0.48702,0.28892,0.75644,0.55069,0.46638,0.45284,0.56782,0.65894,0.55351,0.93248,0.70872,0.63879,0.5535,0.64752,0.67482,0.32415,0.41336,0.70754,0.72413,0.82614,0.5019,0.8497,0.48351,0.3919,0.3832,1.107,0.88277,0.42226,0.42209,0.98972,0.47653,1.0318,0.73565,0.71785,0.56039,0.51547,1.1133,0.83633,0.5545,0.60585,0.60054,0.45809,0.64121,0.63475,0.51963,0.3894,1.3343,0.75527,0.67395,0.60676,0.9559,0.53044,1.0111,0.99832,0.6596,0.64738,0.43884,0.53148,0.64636,0.51495,0.8733,0.40363,0.24122,0.70218,0.64616,0.49056,0.48801,0.39639,0.56485,0.63794,0.38179,0.52332,0.45654,0.33254,0.69098,0.73893,0.72169,0.47452,0.51948,0.60835,0.82119,0.48642,0.72171,0.90828,0.85003,0.3966,0.46529,0.42344,0.59062,0.28064,0.3937,0.61858,0.74074,0.76897,0.51455,0.60725,0.66182,0.44702,0.91771,0.80496,0.45407,0.50218,0.46681,0.65187,0.56057,1.1082,0.93256,0.47556,0.23261,0.89065,0.5874,0.73167,0.85609,0.68951,0.85641,0.6546,0.47105,0.60953,0.70486,0.68217,0.63916,0.33597,0.42841,0.58303,0.94129,2.1168,1.095,0.83496,0.32978,0.55066,0.60472,1.9007,0.45751,0.73693,0.42712,0.5855,0.35615,0.70635,0.47681,0.69381,0.67608,0.52754,0.55027,0.63082,0.71061,0.63897,0.65273,0.67651,0.58491,0.65927,1.5167,0.61664,0.68439,0.79756,0.9346,0.59889,0.34149,0.42813,0.68324,0.4392,1.2112,0.89853,0.88518,1.1681,0.48181,0.51174,0.52926,0.9013,0.83826,0.3937,0.75461,0.72516,0.5506,0.34274,0.74407,0.78022,0.43622,0.7271,0.98029,0.54904,0.51943,0.54726,0.47501,1.2515,0.79051,0.88208,0.42934,0.39307,0.83835,0.4859,0.66157,0.41645,0.90942,0.67165,0.38766,0.47105,0.83933,0.37667,0.8515,0.701,0.5779,0.90539,0.52708,0.42123,0.78882,0.76729,0.56179,0.53744,1.1954,0.88748,0.96919,0.47125,0.36233,0.38341,0.47156,0.7831,0.46878,0.63641,0.5883,0.63436,0.8016,0.35444,0.42116,0.7466,0.98742,0.62647,0.65522,0.96177,0.67168,0.59009,1.2855,0.8303,0.80151,0.53818,0.54899,0.90184,0.4827,0.41314,0.38144,0.33682,0.90328,0.58816,0.48686,0.49105,0.60101,0.95962,0.36237,0.57399,0.69781,0.42589,0.48906,0.49787,1.3676,1.0383,0.86863,1.1664,0.71742,0.75395,0.78161,0.54948,0.52708,0.86854,0.67317,0.4425,0.60184,0.45074,0.55087,1.068,0.39156,0.67645,0.66088,0.38604,0.5511,0.35346,1.1769,0.36105,0.80954,0.79867,1.6927,1.0165,0.72418,0.59259,0.52867,0.67735,0.87479,0.57525,0.62547,0.34269,0.47184,0.44212,0.84123,0.47783,2.1076,0.80784,0.47499,0.7755,1.1061,0.52279,0.66308,0.36089,0.73831,0.77266,1.0243,0.58962,1.1748,1.0353,0.55021,0.70952,0.73638,0.27612,0.49385,0.67776,0.81989,0.76237,0.75834,0.95023,0.33462,0.83772,1.2814,0.6777,0.72247,0.50235,0.65677,0.75134,0.80243,0.46562,0.53722,0.39431,0.3805,0.6546,1.021,0.58874,1.6578,0.4381,0.74531,0.54918,0.30205,0.51622,0.36963,0.36878,1.1858,0.28206,0.38258,0.5675,0.58644,0.69246,0.53587,0.47876,0.27073,0.51438,0.82746,0.80621,0.41876,0.6342,0.72634,0.86144,0.94008,0.5374,0.83661,0.31763,0.37479,0.31275,0.41746,0.57085,0.42875,0.73097,0.34501,0.38115,0.47778,0.44616,0.87766,0.9255,0.86167,0.76017,0.91233,1.0933,0.61286,0.41525,0.39077,0.70058,0.63649,0.82995,0.78809,0.90103,0.33303,0.36361,0.67888,0.91063,0.69928,0.72365,0.60163,0.55823,0.6752,0.85755,1.0672,1.0037,0.86611,0.30924,0.59882,0.62579,1.0685,0.52735,0.36262,0.50049,0.90187,1.078,0.44257,0.9246,0.56889,0.45282,0.57846,0.47381,0.41479,0.52165,0.51046,0.49309,0.74604,0.51855,0.65032,0.61483,0.61559,0.78914,0.40181,0.69164,0.79105,0.86631,0.49515,0.49739,0.58199,0.67496,0.68815,0.94352,0.54554,0.7179,0.30872,0.39307,1.0708,1.1081,0.48252,0.67984,0.60475,0.74766,0.67583,0.69124,0.99981,0.5242,0.373,0.96287,1.0543,0.51422,0.8455,0.30911,0.75419,0.62244,1.0662,0.39234,0.32507,0.92048,0.93939,0.68369,0.43547,0.72841,0.55063,0.58909,0.52642,0.61786,0.83351,0.51235,0.64301,0.43528,0.47042,0.79176,0.84985,0.30765,0.75793,1.3978,0.49907,0.54405,0.44869,0.5861,0.62212,0.77213,1.2946,0.59157,0.40442,0.62171,0.98535,1.1179,1.4329,0.41926,0.69073,0.39546,0.46405,0.4055,0.8459,0.52643,0.46668,0.41896,0.68954,0.43527,0.70583,0.65657,0.81422,0.69328,0.44006,0.69567,0.45456,0.65105,0.84054,0.87252,0.91274,0.84903,0.99106,0.83645,0.5093,0.55424,0.35554,0.62994,0.40635,0.27441,0.48122,1.4988,0.70947,0.52823,0.7295,0.38331,0.51264,0.67124,0.72728,0.49872,0.45674,0.53433,0.90934,0.51404,0.69268,0.39773,0.58157,1.0786,1.185,0.68693,0.94792,0.9398,0.7204,0.81628,0.56557,0.80501,1.1558,1.214,0.52113,0.32567,0.54146,0.78591,0.61447,0.74485,0.85551,1.2995,0.9631,0.92089,0.52613,0.47392,0.84156,0.57995,0.60268,0.81572,0.54895,0.37085,0.61485,0.66902,0.32035,0.29631,0.49681,0.59653,0.62492,0.31574,0.80047,0.78245,0.59472,0.39725,0.65134,0.90867,0.71357,0.67568,0.38267,1.4473,1.128,0.79629,1.1736,1.5263,0.72183,0.7329,0.81342,0.84959,0.74631,0.67818,1.0659,0.56136,0.83561,0.78711,0.54107,0.59161,0.72005,1.4903,0.76885,0.65233,0.55944,0.73774,1.2371,0.68844,0.25839,0.63615,0.43534,0.25427,0.96593,0.49015,0.74556,0.66053,0.67918,1.3838,0.80515,0.40234,0.67005,0.61745,0.49163,0.43156,0.61637,1.0348,1.0389,0.50206,0.77996,0.96815,0.70662,0.44065,0.33546,0.35717,0.40871,0.68908,0.82986,0.41895,0.63002,0.66428,1.0297,0.46689,0.56214,1.1175,0.60755,0.92533,0.9007,0.82286,0.80209,0.62389,0.28986,0.62024,0.67153,0.44383,0.42162,0.54224,0.94047,1.1859,0.64809,1.2693,0.68398,0.36314,0.69311,0.51211,0.51548,0.63789,0.63598,0.6825,0.76446,1.0416,0.48788,0.87,0.59333,0.56689,0.5321,0.54569,0.26019,1.0899,0.65326,0.6446,0.39612,0.65075,0.46265,0.42863,0.21018,0.58567,1.0374,1.1665,0.62962,0.43715,0.31908,0.71142,0.7024,0.58596,0.51558,0.59808,0.45366,0.71816,0.8766,0.50899,0.85526,0.47796,0.95604,0.33969,0.42372,0.89751,0.90169,0.39813,0.54567,0.48781,0.30983,0.88377,0.52235,0.37399,0.22658,0.86849,1.5467,1.2419,1.7557,1.0439,0.43346,0.83012,0.58481,0.66691,0.52028,0.35822,0.61168,0.55877,0.34076,0.73084,0.97519,0.94866,0.48725,0.59347,0.46896,0.26259,0.28978,0.53966,1.2319,0.90271,0.47544,0.2404,0.63941,0.91906,0.32963,0.46813,0.64995,0.46259,0.77651,0.79233,0.72844,0.28277,0.53924,0.62999,0.5793,0.52162,0.39679,0.5106,0.33882,0.43357,0.58759,0.44868,0.59147,1.076,0.72684,0.9416,0.6489,0.82171,0.77249,0.80043,0.65852,1.1413,0.83905,0.86537,0.39034,0.83293,0.47127,0.97687,0.66942,0.53241,0.82363,0.56619,0.67434,0.50948,0.89222,1.3013,0.60885,0.24343,0.49685,0.49319,0.36647,0.76869,0.6497,0.43757,0.69867,1.0866,0.5779,0.4874,0.4766,0.40142,0.30752,0.6297,0.46533,0.78081,0.67037,0.29953,0.41989,0.73306,0.69093,0.44034,0.44424,0.62784,0.5509,0.61543,0.43246,0.60085,0.51076,0.46692,1.1199,0.79902,0.66754,0.64738,0.9057,0.91079,0.42407,0.58438,0.70558,0.72117,0.6838,0.81197,0.67412,0.4812,0.6523,0.81057,0.35103,0.78827,0.74286,0.1631,0.20967,0.64844,0.57813,0.71058,0.66557,1.0954,0.98136,0.82472,0.50242,0.72776,0.99427,1.0898,0.88165,0.8636,1.2317,1.3415,0.96375,0.24979,0.79325,0.50397,0.49721,0.56261,1.0884,0.71043,0.51064,0.83251,0.43537,0.81517,0.35338,0.70597,0.76163,0.7102,0.45838,0.73035,0.87363,0.8124,0.51213,0.54737,0.4006,0.74441,0.57551,0.42929,0.75809,0.34647,0.54609,0.52914,0.52645,0.64375,0.69542,0.32945,0.4244,0.83944,1.2392,0.45492,0.32495,0.73668,0.7543,0.52819,0.81286,0.34911,0.62702,0.38707,0.51755,0.74193,0.63427,2.0829,0.89598,0.91575,0.76595,0.46088,0.37967,0.37505,0.65111,0.62752,0.45266,0.44412,0.68983,0.72304,0.61556,0.5004,0.76164,0.69587,0.97276,0.70321,0.24918,0.79276,0.66229,0.33815,0.8079,0.45634,0.44687,0.56767,0.60737,0.55424,0.50718,0.51772,0.58013,0.83625,0.65638,0.86549,0.44739,0.79826,0.6719,0.22724,0.68745,0.64131,0.65561,0.61545,0.73548,0.4322,0.64718,1.1517,1.151,0.60979,1.1915,1.074,0.82776,0.45995,0.33835,0.42105,0.35184,0.93591,0.51883,0.88468,0.54894,0.41681,0.61599,0.52259,0.33455,0.24503,0.28397,0.60014,0.51816,0.64582,0.81106,0.45655,0.79492,0.51062,0.60624,1.2528,0.97111,1.123,0.67009,0.55095,0.42627,0.8753,1.0932,1.1094,0.55062,0.73522,0.97943,0.89704,0.55197,0.44314,1.1353,0.8875,0.62288,0.79209,0.54442,0.57804,0.65039,0.84576,0.89186,0.74108,0.56661,0.41075,0.89065,0.65483,0.81189,0.6814,0.83863,1.0371,0.23841,0.71818,0.78935,0.38551,0.54397,0.68153,0.26455,0.61303,0.45776,0.51167,0.43459,0.48064,0.69537,0.66512,0.63587,0.98075,0.69763,1.0937,0.73358,0.5411,0.70619,0.88287,0.85818,0.50896,0.41356,0.93764,0.44815,0.56794,0.53205,0.76752,0.63858,0.52418,0.42011,0.70617,0.42055,0.69193,0.69136,0.28733,0.42927,0.53835,0.93553,0.57292,0.62558,0.32874,0.84384,0.71465,1.0678,0.33077,1.0528,0.36383,0.4127,0.77746,1.0135,0.79777,0.46658,0.5669,0.66757,0.44171,0.55514,0.65484,0.41067,0.47396,0.5469,0.33721,0.53058,0.89508,0.64908,0.47853,0.78261,0.50968,0.33627,0.33902,0.79137,0.47197,0.92472,0.72456,0.5055,0.33748,0.723,1.0903,0.71475,0.8143,0.37375,0.53447,0.99152,0.48214,0.80519,0.68693,0.46499,0.61823,1.3065,0.55883,0.62667,0.42436,0.42928,1.0623,0.59341,0.39594,0.24497,0.45355,0.85789,1.116,0.58798,0.86324,0.63239,0.73615,0.95525,0.79278,1.4104,0.56811,0.90717,0.60756,0.28007,0.33551,1.0611,2.942,0.93061,0.54827,0.33689,0.46525,0.5313,0.30135,0.75136,0.66514,0.44816,0.44598,0.30618,0.76909,1.0886,1.1639,0.94372,0.90953,0.95249,0.95262,0.50444,0.94297,0.56259,0.70677,0.43073,0.58201,1.5722,0.91861,0.54646,0.79739,0.64396,0.61831,1.0078,0.36741,0.39512,0.99213,1.0935,0.81494,0.55401,0.80666,0.67492,0.52655,0.70918,0.99155,0.69134,0.53641,1.0375,0.78903,0.46219,0.42948,0.57821,0.67035,0.56894,0.40124,0.42193,1.0143,0.84772,0.46868,0.41916,0.22313,0.94264,0.75489,0.50833,1.3909,1.3627,0.8145,0.74997,0.57154,0.5473,0.50017,1.2658,1.0167,3.7756,0.97209,0.68882,0.61542,0.42323,0.96376,0.53821,0.87945,0.44727,0.25569,0.563,0.49928,0.51284,0.54831,0.50517,0.48294,0.90143,0.44596,1.2487,1.2072,0.92472,0.57966,0.28832,0.80804,1.0202,0.55748,0.79714,0.76635,1.007,1.6112,0.57357,0.79405,0.60281,1.038,1.0347,0.48188,0.48357,0.34527,1.2849,0.6872,0.33329,0.67075,0.60636,0.55621,0.53113,0.41934,0.24918,0.84675,0.67293,0.70809,0.88702,0.89124,0.69544,0.61132,0.58485,0.72582,0.53175,0.55838,0.69034,0.67527,0.6226,0.71042,0.73344,0.48362,0.39355,0.44096,0.35412,0.52752,0.66501,0.85112,0.47556,0.37392,0.55782,0.64282,0.71004,0.75475,0.98818,0.683,0.37328,0.8699,0.54325,1.0373,0.54027,0.64298,0.77573,0.54639,0.48675,0.45027,0.81694,0.87296,0.64185,0.30997,0.51667,0.30084,0.22249,0.59179,0.47414,1.0402,0.49862,0.67662,1.0055,0.88256,0.39598,0.60037,0.65045,0.57364,0.7745,0.80277,0.51219,0.55779,0.83555,0.8239,0.88099,0.50748,0.64007,0.56117,0.94512,0.64254,1.173,0.55703,0.7534,0.6047,0.38011,0.77203,0.6133,0.27577,0.68927,0.29999,0.82785,0.94825,0.53566,0.39669,0.41529,0.6811,0.71263,0.56158,0.71052,0.68477,1.2428,0.65979,0.37871,0.37459,0.47791,0.69455,0.51956,0.84954,1.1264,0.51973,0.89784,1.0163,0.43503,0.61321,0.58563,0.55124,0.82525,0.46302,0.65534,0.93927,0.86315,0.81981,0.64485,0.48301,0.38196,0.87848,0.77316,0.48909,0.86224,0.48615,0.6433,0.60157,0.61821,0.7263,0.37854,0.88167,0.71751,0.40372,0.69131,0.50319,0.4192,0.89797,0.47759,0.44677,0.59834,0.77344,0.69558,0.35058,0.56296,0.60729,0.93277,0.7156,0.41302,0.44683,0.70729,0.54118,1.2291,1.0431,0.69178,0.31302,0.44718,0.97952,0.41155,1.0122,0.49182,0.60061,0.86734,0.69999,0.54119,0.68193,0.79978,0.91469,0.77428,0.68828,0.44351,0.56585,0.33793,0.43509,0.63544,0.46309,0.60996,0.47353,0.45334,0.63692,0.29024,0.53714,0.60886,0.36072,0.75723,1.3459,0.54484,0.3957,0.7806,0.68989,0.49972,0.66658,0.68509,0.62975,0.68864,0.27723,0.67489,0.90495,0.55146,0.49419,0.91748,0.42271,0.99329,0.87619,0.7807,0.67293,0.42685,0.66288,0.42569,0.573,0.8318,1.065,0.34606,0.69183,0.46435,0.53159,0.72346,0.6661,0.96559,0.6151,1.0058,0.36827,0.62667,0.41935,0.6619,0.79617,0.63414,0.57695,0.64651,0.27505,0.38334,0.46249,0.40589,0.56845,0.73439,0.91658,0.64715,1.1369,0.91818,0.32062,0.58681,0.43872,0.4207,0.55712,0.26081,0.70338,0.86422,0.7244,0.72325,0.85842,0.54221,0.50436,0.74849,0.61497,0.73632,0.73581,0.64255,1.2336,0.46089,0.45592,0.2971,0.75456,0.52319,1.0524,0.77308,0.83933,0.57883,0.54772,0.88217,0.66189,0.50392,0.48789,0.47537,0.54396,0.4034,0.65762,0.54133,0.48521,0.72362,0.60433,0.057665,0.7378,0.91426,0.44203,0.37308,0.64895,0.97575,1.534,0.7801,1.1143,0.42897,0.87621,0.39159,0.24284,0.70393,0.93999,0.32284,0.68348,0.78939,0.55756,0.46186,0.92065,0.41709,1.3784,0.63698,0.68323,0.81506,0.60649,0.31774,0.45423,0.49908,0.51787,0.33313,0.55852,1.2676,1.3411,1.4713,1.7556,0.40491,0.75684,0.37285
0.48228,0.32228,0.35219,1.0207,0.62209,0.57721,0.63511,0.67898,0.3459,0.83699,0.60963,0.64319,0.96991,0.35633,0.41066,0.94355,1.3075,0.77394,0.36001,0.84158,0.64722,0.87004,0.66462,0.691,0.36132,0.78699,0.52755,0.70202,0.43,0.59215,0.80239,0.90566,0.40161,0.9651,1.2024,0.82509,0.9978,1.3354,0.64753,0.69037,0.65698,0.2796,0.63153,0.44676,0.34968,0.39379,0.61593,0.47315,0.51932,0.42197,0.3672,0.66121,0.46672,0.46424,0.49347,0.5291,0.67431,0.63469,0.71556,0.52918,0.46912,0.69231,0.63267,0.55305,0.71421,0.80033,0.55597,0.75763,0.84148,0.45349,0.61408,0.5593,0.55055,0.35821,0.97306,1.1396,0.5189,0.32357,1.0251,0.90676,0.7375,0.76088,0.61476,0.16152,0.48313,0.9577,0.67109,0.62374,0.59969,0.55299,0.35818,0.33317,0.30504,0.49052,0.37292,0.44862,0.33129,0.639,0.52646,1.2668,0.88364,0.4062,0.45333,0.4772,0.49879,0.49558,0.83088,0.52066,0.78611,0.64289,0.67109,0.65733,0.39374,0.85049,0.65654,0.62251,0.75759,0.23799,1.0132,0.64196,0.66205,0.66323,0.71247,1.0276,0.72828,1.2447,0.83301,0.75806,1.1278,0.95713,0.91023,0.75967,0.24518,0.35487,0.38443,0.46925,0.36306,0.52169,0.3238,0.70816,0.44927,0.24649,0.63475,0.28196,0.53569,0.48833,0.51873,0.60479,0.61243,0.34891,0.40823,0.58076,0.39958,0.557,0.49694,0.54039,0.53074,0.67311,0.43208,0.63412,1.0493,0.95515,0.65064,0.86572,0.84797,0.60309,0.52323,0.37434,0.61011,0.6067,0.81859,0.5143,0.63205,0.53611,0.58489,0.84881,0.75654,0.62071,1.2354,1.1184,0.48855,0.44638,0.46946,0.37599,0.50904,0.62204,0.52874,0.44472,0.48776,0.82712,0.53998,0.36362,0.68751,0.57327,0.555,0.75236,0.55583,0.49979,0.29412,0.44047,0.66557,0.57632,0.43096,0.56285,0.27639,0.59151,0.36404,0.44543,0.98956,0.37096,0.34098,0.62443,0.49319,0.59536,0.49971,0.79414,0.95208,0.27714,0.87828,0.83937,0.44938,1.1618,0.82073,0.54503,0.29249,0.2764,0.28302,0.78067,0.63526,0.47329,0.45875,0.55182,0.47536,0.80326,1.1636,0.48391,0.53992,0.25624,0.778,0.55276,0.90805,0.43637,0.44288,0.43877,0.46935,0.53361,0.88331,0.76992,0.74935,0.9392,0.84516,0.47024,0.96379,0.94793,0.81779,0.30236,0.56824,0.79444,0.59231,0.43882,0.52772,0.51343,0.43927,0.29897,0.49714,0.61951,1.0455,0.54358,0.34864,0.49254,0.53971,0.58267,0.81136,0.60823,0.78728,0.52951,0.7759,0.37942,0.47664,0.83416,0.42964,0.44203,0.5331,0.52339,0.73899,0.55797,1.272,0.40836,0.52075,0.50201,0.48063,0.53792,0.87868,0.36387,0.85867,0.36102,0.32099,0.57149,0.27248,0.53779,0.99469,0.48254,0.65989,0.33516,0.79203,0.59986,0.68424,0.2919,0.39986,0.49772,0.468,0.44986,0.51667,0.77198,0.39375,0.42878,0.41211,0.82727,0.82799,0.57365,0.69426,0.4701,1.1483,1.0061,1.1003,0.44944,0.85401,1.066,0.7258,0.61968,0.46436,0.55441,0.40789,0.38951,0.80992,0.32387,0.79479,0.54132,1.351,0.41225,0.44673,0.60496,2.0204,0.81953,0.62596,0.90869,0.61082,0.85357,0.61857,0.4136,0.1949,0.60448,0.64701,0.74404,0.70316,0.50639,0.67336,0.88105,0.41007,0.48158,0.6424,0.34743,0.79421,0.60697,0.8066,0.68543,0.80228,0.54568,1.0808,0.80505,0.43068,0.93909,0.55732,0.72412,1.0669,0.25013,0.58224,0.29431,0.46431,0.46554,0.23763,0.52968,0.21335,0.44682,0.69601,0.64003,0.99533,0.77418,0.61023,0.31884,0.43336,0.77476,1.4877,0.55438,0.72501,0.6901,0.72849,1.1496,0.53998,0.40729,0.52243,0.87685,0.81961,0.68188,0.54551,0.57622,0.52217,0.30979,0.58371,1.5402,0.51617,0.51267,0.44967,1.1649,0.58912,0.87558,0.95886,0.3722,0.82677,0.59401,0.65418,0.31032,0.49353,0.90705,0.32885,0.62117,1.4299,0.3138,0.60562,1.0502,0.45065,0.77244,0.63751,0.46603,0.58053,0.41616,0.6546,0.2894,0.97267,0.38948,0.97348,0.34987,0.79704,0.8508,0.65805,0.79451,1,1.0142,0.93807,0.22786,0.32033,0.58153,0.36318,0.38049,0.37753,0.28077,0.51551,1.1661,0.42266,0.46456,0.53064,0.44188,0.42176,0.77969,0.5803,0.62749,0.36321,0.54777,0.50139,0.4231,0.47211,0.55578,0.53017,0.46846,0.59981,0.35857,0.49272,0.65084,0.97074,0.81369,0.8391,0.3761,1.5135,1.4935,0.53768,0.45554,0.79865,0.91201,0.90496,0.633,0.32995,0.55795,0.27184,0.39194,0.72215,0.30312,0.87607,0.94314,0.41433,0.70083,0.71528,0.5497,0.39247,0.51483,0.48617,0.46286,0.67547,0.50117,0.73131,0.45851,0.6391,0.51271,0.66417,0.83271,1.2708,0.92776,0.34797,0.82033,0.48514,0.46147,0.56394,0.87882,0.73158,0.44951,0.39317,0.80203,0.34861,0.54954,0.88221,0.98303,0.52166,0.64822,1.1137,0.50927,0.56196,0.48362,0.56264,0.4783,0.46495,0.54734,0.60663,0.50172,0.80933,0.26558,0.41545,1.0337,0.87746,0.58048,0.52086,0.2735,0.39699,0.66213,0.79647,0.91214,0.88194,0.48843,0.26767,0.4619,0.35125,0.48446,0.41581,0.71361,0.37651,0.54748,0.7581,0.6703,0.77664,0.69702,0.47016,0.39331,0.5747,1.16,0.38481,0.54926,0.69309,0.44243,0.56945,0.26049,0.54407,0.58215,1.0067,0.54336,0.57094,0.36463,0.62233,0.54529,0.52298,0.93383,0.57495,0.43933,0.35574,0.74423,0.80851,0.80907,0.46311,0.63301,1.2265,0.66304,0.60375,0.57604,0.53843,0.68761,0.60312,1.0925,0.64914,0.43903,0.47436,0.35835,0.73716,0.4428,0.71135,0.50968,0.45791,0.84942,0.70545,0.6076,0.21978,0.45707,0.55814,0.29195,0.28385,0.67589,0.72262,0.50456,0.98135,0.74841,0.62982,0.50024,0.82705,0.48027,0.58075,0.48522,0.81722,0.73411,0.38482,0.62266,0.55862,0.57764,0.47208,0.57461,0.51386,1.3557,0.59844,0.44151,0.59455,0.25451,0.69401,0.52844,0.38615,0.40519,0.76868,0.59209,0.98474,0.6956,0.67175,0.93335,0.99919,1.281,0.82913,1.2271,0.63891,0.58279,0.77108,0.59285,0.86137,0.49687,0.75277,0.47646,0.41412,0.53082,0.39543,0.34696,0.70863,0.64685,0.96315,0.83141,1.0937,0.76168,0.47328,0.3848,0.38926,0.77822,0.39924,0.55275,0.60884,0.50721,0.24681,0.47317,0.32384,0.53346,0.3954,0.861,0.46809,0.69195,0.48912,0.46222,0.74456,0.72071,0.57886,0.50756,0.47818,0.29524,0.9296,0.52208,0.72017,0.98209,0.51636,0.4714,0.46537,0.7716,0.51084,0.51284,0.51435,0.45561,0.69262,1.0001,1.2768,0.57888,0.57265,0.38591,0.6379,1.0504,0.45871,0.57081,0.60486,0.47561,1.0413,0.20895,0.23284,0.48456,0.91523,0.57035,0.41917,0.87659,0.43979,0.61454,0.3947,0.36313,0.28166,1.0791,1.2207,0.62794,0.30484,0.9768,0.73239,0.75968,0.60372,0.57298,0.65247,0.66505,0.55107,1.0636,0.52575,0.69053,0.27588,0.51737,0.51105,0.49409,0.88078,0.57195,0.64679,0.27806,0.87288,0.52533,0.89984,0.81585,1.1378,0.68063,0.37635,0.52704,1.1778,0.49738,0.66918,0.78267,0.56947,0.45201,0.43707,0.75479,0.49852,0.55415,0.83206,0.87013,0.895,0.82017,0.72007,0.59182,0.73147,0.45733,0.5371,0.36547,0.99878,0.65064,0.24307,0.39895,0.25554,0.46736,0.46359,0.71792,0.36887,0.52128,0.4173,1.2578,0.86639,0.8573,0.52268,0.62308,0.71881,1.122,0.61515,0.99297,0.62618,0.73046,1.1599,0.66659,0.44257,0.59304,0.6744,0.36644,0.55035,0.69739,0.75178,0.42642,0.41249,0.80428,0.22683,1.0263,0.5779,0.51215,0.54817,1.1977,0.82956,0.60649,0.46622,0.51448,0.43151,0.61961,1.0476,0.62535,0.37303,1.1336,1.1701,0.30709,0.43111,0.75656,0.39402,0.36645,0.71634,0.58592,1.3481,1.0465,0.63231,0.45458,0.86807,0.73526,0.9029,0.7244,1.1979,0.79953,0.673,0.75875,0.32288,0.47296,0.57011,0.64925,0.53515,0.37605,0.76027,0.37559,0.63931,0.55427,0.43449,0.514,0.70007,0.66471,0.3371,0.42846,0.63645,0.76539,0.49848,0.2831,0.48287,0.76861,0.34834,0.38695,0.60055,0.52227,0.95999,0.40614,0.83904,0.59025,1.2577,0.38718,0.68014,0.44974,0.54774,0.50542,0.77644,0.50371,1.0107,1.2561,0.9032,0.46146,1.147,0.95955,0.72863,0.52657,0.93135,0.69573,0.58447,0.61371,0.94383,0.3001,0.34952,1.1753,0.58784,0.33646,0.4055,0.52145,0.59487,0.8899,0.92304,0.97591,0.78509,0.43181,0.20786,0.29869,0.53976,0.82157,0.5823,0.53752,0.78229,0.88362,0.43789,0.80633,0.60081,1.1674,0.68019,0.51103,0.40423,0.58995,0.59669,0.46966,0.28464,0.53231,0.38988,0.88255,0.8346,0.89494,1.1059,0.48524,0.71113,0.81869,0.70132,0.68685,1.0141,0.75195,0.86734,0.60865,0.80476,0.84312,0.61376,0.698,0.69117,0.51479,0.5326,0.68604,0.36444,0.46907,1.7755,2.6122,1.0233,0.52269,1.0422,1.2013,0.91666,0.44904,0.33914,0.66396,0.92761,0.76424,0.84883,0.57513,0.82457,0.57713,0.42972,0.40525,0.49711,0.96982,0.5237,0.70583,0.79836,0.27907,0.34727,0.4487,0.84389,0.64155,1.0572,0.43703,0.50433,0.69546,0.62839,0.67926,0.29689,0.27076,1.0141,0.69981,1.0501,0.6702,0.7606,0.46594,0.41932,1.5502,0.84823,0.53884,0.64572,0.76137,0.74635,0.8284,0.44775,1.8878,0.59153,0.31746,0.83072,0.83916,0.96233,0.75808,0.68386,0.75778,0.61333,0.50458,0.39976,0.44509,0.43567,0.92152,0.53533,0.91435,0.68304,0.55461,0.55652,0.84786,0.7246,0.67532,0.78662,0.82926,0.79881,1.7272,1.5739,0.44182,0.38632,0.54905,0.47253,0.48811,0.55423,0.57486,0.56628,0.31496,0.71767,0.9248,0.77604,0.59302,1.0361,0.65035,0.67506,0.90746,0.63539,0.76851,0.69461,0.83492,0.68065,0.80732,0.50992,0.38385,0.48384,0.65617,0.81467,0.45189,0.52804,0.57848,0.45353,0.44247,0.53385,0.51001,0.23887,0.61839,0.4692,0.58765,0.72288,0.8483,0.70896,0.63669,1.7422,0.50069,0.59525,1.0494,0.72858,0.87006,0.62918,0.7712,0.80217,0.68885,0.41345,0.49039,0.39218,0.66457,0.45128,0.7883,1.518,0.79282,0.30533,0.25822,0.42359,0.45701,0.80492,0.51816,0.74595,0.47366,1.0755,0.53433,0.69798,0.49826,0.36979,0.4954,0.55422,0.37281,0.96447,0.43815,0.34392,0.58347,0.97294,0.50216,0.52636,0.64146,0.37389,0.62759,1.2044,0.79646,0.7471,0.41175,0.75221,0.58385,0.82356,1.0376,1.0292,0.44597,0.7455,0.58811,0.76098,1.683,0.55208,0.8946,0.37444,0.40843,0.4308,0.40566,0.26868,0.55911,0.77355,2.3058,0.67245,0.46116,0.26042,0.26322,0.5366,0.71043,0.91275,0.47934,0.71862,1.1184,0.80031,0.53362,0.62976,0.51887,0.4889,0.46779,0.9399,0.63901,0.80864,0.43441,0.91524,0.52842,0.34292,0.38951,0.45223,0.26167,0.6074,0.59282,0.43704,0.38786,0.58974,0.66259,0.40898,0.50056,1.0977,0.72027,0.62405,0.86206,0.7548,0.74518,0.61189,0.57646,0.6603,0.7482,0.78571,0.78178,0.31786,0.42955,0.862,0.80309,0.546,0.78625,0.55197,0.25488,0.82342,0.39456,0.49437,0.41367,0.84931,0.81466,1.3586,0.67864,0.90783,1.0585,0.60219,0.36204,0.46726,0.48789,0.54113,0.85535,1.31,0.54235,0.84404,0.71751,1.0174,0.45888,0.9247,0.40018,0.50164,0.58035,0.29677,0.42886,0.64844,0.54783,0.61495,0.63545,1.3789,0.61274,0.32917,0.64404,0.98397,0.35862,0.94088,0.67479,0.66673,0.2475,0.51713,0.6867,0.27029,0.41625,0.37018,0.76518,0.82809,0.38676,0.35921,0.39273,0.28982,0.29658,0.34653,0.7883,0.49381,0.34663,1.0775,1.0228,1.39,0.42804,0.67067,0.4006,0.66696,0.51681,0.94585,0.64664,0.68548,0.72669,0.39038,0.40748,0.31025,0.44696,0.7687,0.45603,0.46654,0.23164,1.1079,1.1383,1.0834,0.27143,0.8628,0.55625,0.83757,0.64981,0.43336,0.71395,0.86747,0.44082,0.40134,0.44782,0.57304,0.40347,0.62562,0.64684,0.51386,0.72469,1.0107,0.8315,0.67268,0.5832,0.74929,0.64592,0.58919,0.35669,0.53601,0.26192,0.38465,0.79931,0.80156,0.87336,1.2319,1.0373,0.40269,0.57861,0.73345,0.67444,0.74531,0.5309,0.62547,0.48277,0.41206,0.32499,0.51499,0.76096,1.4255,0.96482,0.96787,0.94107,0.6782,0.80255,0.82741,1.133,0.3949,0.60991,0.80466,0.90869,1.0925,1.0612,1.1481,0.63681,0.62265,0.69151,0.73207,0.46772,0.35384,0.32307,0.53527,0.63645,0.76171,0.87477,1.0111,0.67967,0.70992,0.28027,1.0037,0.48424,0.32781,0.69783,0.45869,0.48952,0.55816,0.95254,0.96061,0.60563,1.146,0.38025,0.45245,0.64219,0.74032,0.29144,0.77621,0.50738,0.60165,0.50344,1.0015,0.47312,0.41991,0.60528,0.28561,0.39549,0.94669,0.89262,0.58283,0.89674,0.77768,0.57143,0.56233,0.48554,0.57376,0.43197,0.5694,0.6702,0.68099,0.46013,0.82478,0.62036,0.45547,0.65636,0.65544,0.96485,0.45983,0.59945,0.95401,1.1363,0.37104,0.43329,0.53169,0.35388,0.39504,0.38742,0.65921,0.67075,0.62977,0.81108,1.1198,1.062,0.86542,0.65968,0.59045,0.54834,0.71933,0.96197,1.0002,0.67053,0.52466,0.64526,0.3467,0.49575,0.66491,0.8956,0.65483,0.95411,0.46003,0.33236,0.57045,0.84233,0.57652,0.40051,0.57583,0.69871,0.6213,0.57333,0.44293,0.64625,0.30015,0.46095,0.42839,0.72954,0.53626,0.461,0.62663,0.73319,0.5841,0.57592,0.37467,0.63889,0.34663,0.34152,0.46096,0.65147,0.41081,0.4096,0.5656,0.82121,1.186,0.69629,0.72431,0.43083,0.81458,0.8101,1.0901,0.55641,1.1713,0.72343,0.80464,0.7739,0.58097,0.68027,0.94789,0.29111,0.95871,0.80927,0.44195,0.51955,0.64318,0.67403,0.82611,0.72584,0.45935,0.93316,0.41751,0.42695,0.59806,0.6704,0.35851,0.64394,0.37994,0.46701,0.43558,0.58089,0.95058,0.49639,0.66223,0.37259,0.5892,0.85879,0.44068,0.70052,0.8045,0.45952,0.35472,0.66166,1.3578,0.77596,1.2447,0.48251,0.52269,0.37581,0.2782,0.6363,0.53703,1.267,0.79709,0.36156,0.38538,0.9011,0.65954,0.82561,0.46277,0.50543,0.42125,0.64331,0.44313,0.56325,0.73353,0.71595,0.77118,1.0301,0.49987,0.24607,0.69229,0.36384,0.56711,0.80059,0.84721,0.39538,0.48267,0.66651,0.47419,0.39609,0.93553,0.84844,1.2421,0.71977,0.88309,0.63084,1.2739,0.82857,0.61171,0.45727,0.35134,0.4403,0.57835,0.55689,0.3389,0.51854,0.64751,0.35429,0.58611,0.90238,0.61467,0.81006,0.56411,0.3036,0.76294,0.67452,0.52246,0.81079,0.23989,0.36831,0.56634,0.61056,0.82636,0.60843,0.44034,0.72954,0.63781,0.47885,0.36854,0.49136,0.63759,0.81341,0.8794,0.6221,0.53104,0.58701,0.60513,0.87205,0.43476,0.42757,0.77051,0.57078,0.59586,0.42434,0.50054,0.71613,0.57746,0.57096,0.6803,0.37871,0.74382,0.5066,0.3208,0.76239,0.63371,0.64461,0.39935,0.57441,0.81866,0.91006,0.63063,0.44739,0.38779,0.48003,0.57061,0.67267,0.71293,0.72486,0.39366,0.48211,0.63003,0.33841,0.50484,0.68572,0.32327,0.43632,0.88354,0.84045,0.48028,0.83248,0.92944,0.80651,0.8536,0.53093,1.2767,0.77205,0.80165,0.70211,0.67883,0.92322,0.55073,0.56931,0.57491,0.51688,0.58486,0.4053,0.56429,1.1083,0.54229,0.79569,0.41009,0.62111,0.46369,0.32257,1.1918,0.45853,1.5025,0.41628,0.6158,0.4378,1.142,0.64741,0.28273,0.49824,0.58658,1.0204,0.70301,0.69533,0.83559,0.74029,1.0511,0.8195,0.32361,0.38531,0.30975,0.22684,0.76989,0.45253,0.53366,0.77356,0.44226,0.77779,0.69338,0.6374,0.53934,0.71006,0.71153,0.69138,0.8466,0.6291,0.88867,1.7981,1.0356,0.55095,0.74467,0.36001,0.49741,0.44919,0.6134,0.70042,0.42226,0.69122,0.56405,0.50204,0.59837,0.6364,0.41715,0.47539,1.0345,0.52076,0.70543,0.60298,0.60508,0.68793,0.43568,0.78865,0.40909,0.25618,0.47511,0.54574,0.32358,0.51155,0.33034,0.44172,0.22656,0.45976,0.98579,0.37855,0.34881,0.57968,0.37708,0.35827,0.484,0.543,0.33008,0.76072,0.93357,0.79183,0.54892,0.47907,0.45314,0.78289,0.65195,0.63063,0.80103,0.40986,0.57257,0.81861,0.74729,0.19533,0.36867,0.37494,0.65609,0.6043,0.54776,0.72269,0.64967,0.60628,0.40901,0.65729,0.91869,0.56783,1.1907,0.31998,0.58762,1.0229,0.80534,0.7463,0.87078,0.63589,0.69616,0.55423,0.29152,0.67534,0.55097,1.095,0.95488,0.28505,0.38402,0.77232,1.1051,0.52517,0.29281,0.51728,1.1586,0.75718,0.88078,0.4871,0.63202,0.70774,0.81311,0.90074,0.60494,0.22091,0.52479,0.44262,0.70383,0.89829,0.68474,0.23563,0.59858,0.39013,1.1809,0.89239,0.60967,0.29502,0.49627,1.2222,0.49133,0.18139,0.76209,0.81322,0.66813,0.51663,0.48864,0.48493,0.52296,0.82192,0.69804,0.41988,1.0295,0.94203,0.56913,0.38146,0.44857,0.43151,0.67751,0.49708,0.58236,0.3762,0.67055,0.78642,0.6513,0.42966,1.2921,0.90075,0.7274,0.88885,0.61467,0.32836,0.60092,0.44823,0.93663,0.81795,0.29829,0.49238,0.59604,1.2602,1.3225,0.49656,0.84254,0.57003,0.72393,0.93385,0.78162,0.44431,0.61828,0.48374,0.47366,0.44924,0.5959,0.807,1.0015,0.6552,0.40535,0.89066,0.2701,1.1762,0.71442,1.2235,1.2495,0.67839,0.6025,0.49495,0.57367,0.45403,0.70602,0.67298,0.59649,0.34118,0.6137,0.72163,0.58927,0.45187,0.48507,0.86897,0.71468,0.47277,0.66554,0.34477,0.53785,1.1976,1.6265,0.46887,0.3024,0.87603,1.3943,1.1309,0.85221,1.231,0.38094,0.92528,0.6173,0.59199,0.34567,0.61277,0.54161,0.55483,0.42832,0.32924,0.61149,0.96903,0.61725,0.59231,0.75418,0.82887,0.34385,0.54295,0.6665,0.597,0.56728,0.7996,0.44553,0.50623,0.57944,0.74248,0.83558,0.47753,0.41898,0.81833,0.67524,0.53498,0.4675,0.67775,1.1061,1.0494,0.85638,0.58597,0.61015,0.46993,0.95073,0.45152,1.4397,0.69659,0.46675,0.60453,0.7014,0.41862,0.36657,0.8604,0.29146,0.60547,0.4207,0.64198,0.49208,0.46674,0.90512,0.6996,1.5632,1.5077,0.69327,0.35373,0.79872,0.5585,0.52582,0.54411,0.43284,0.36238,0.44108,0.34563,0.50499,0.95512,0.84424,0.83545,0.92031,1.0263,0.53526,0.80881,0.90622,0.37696,0.82187,0.43859,0.45191,0.52898,1.0137,0.90596,0.63652,1.0838,0.86439,0.521,0.56089,0.53208,0.4367,0.55216,0.66214,0.45758,0.45813,0.37921,0.52627,0.76318,0.65582,0.74802,0.69253,0.57623,0.5763,0.70912,0.79198,1.1689,0.66518,0.65878,0.47446,0.53508,0.56337,0.80334,0.40322,0.55286,0.4148,0.48068,0.95962,0.95625,0.70452,0.34707,0.51194,0.67158,0.63407,0.73882,0.62503,1.0807,0.75064,1.144,2.0206,0.97151,0.90159,0.7087,0.57636,1.3679,0.53231,0.34152,0.59335,0.33552,0.73888,0.51155,0.96036,0.7437,0.54074,0.51647,0.45094,0.33361,0.48841,0.80187,0.78304,0.57267,0.74233,0.50437,0.79684,0.5036,0.76588,0.45059,0.84275,1.0321,0.57564,0.85039,0.97474,0.92179,0.5746,0.44367,0.64294,0.26011,0.50378,1.011,1.1795,1.1871,1.1109,0.4144,0.45163,0.75209,0.58712,0.64155,0.76597,1.5052,0.88701,0.90311,0.54031,0.84177,0.37592,0.62739,0.50291,0.57956,0.52765,0.63156,0.4923,0.54443,1.6912,0.70005,0.69465,0.64992,1.2754,0.43903,0.54997,0.7769,0.67134,0.6241,0.57802,0.82494,0.586,1.3041,0.50954,0.59165,0.33408,0.30628,0.50037,0.85848,3.5493,1.6822,0.99092,0.61286,0.68521,0.68644,0.76377,0.74683,0.73201,0.55601,0.58834,0.46878,0.57724,0.32152,0.66708,0.796,1.4945,0.80762,0.44091,0.75899,0.81584,1.2952,0.6168,0.82212,0.26384,1.0319,0.88171,0.75258,0.76328,1.0154,0.56198,0.50819,0.49701,0.92551,0.73037,0.73117,0.37027,0.92752,0.97424,0.95218,0.49583,0.63335,1.0315,0.4354,0.568,0.29495,0.55231,0.31042,0.61672,0.98208,1.022,1.3989,1.2079,1.1706,0.63501,0.35939,1.2322,0.7157,0.66889,0.65807,0.83599,0.62468,1.0833,0.58205,0.32352,0.32412,0.73443,0.41934,0.40122,0.56116,0.62635,0.4464,0.38789,0.75861,0.66525,0.39667,0.68614,0.65673,0.54822,0.70423,0.37183,0.69497,0.71477,0.9179,0.73793,1.1026,1.026,0.57343,0.81347,1.4819,0.89849,0.46935,0.36968,0.55715,0.52433,0.49932,0.84609,0.69117,0.53149,0.67532,0.38208,0.9541,0.45836,0.65531,0.9615,0.64112,0.557,0.73828,0.40783,0.51039,0.38141,0.51793,0.61663,0.47592,0.56452,0.51513,0.93414,0.80755,1.1494,0.74087,0.44135,0.38295,1.0538,0.88047,0.95265,0.60027,0.61001,0.3699,0.74398,0.7446,0.87929,0.62909,0.4111,0.97419,0.49639,0.67799,0.52762,0.6056,0.76371,1.0924,0.84239,0.56132,0.57582,0.51625,0.4907,0.84057,0.62772,1.0248,0.92966,0.46272,0.85335,0.86381,0.57313,0.30673,0.48664,0.25559,0.37445,0.41458,1.2373,0.47225,0.6642,0.60521,0.77789,1.3685,0.8078,0.52703,0.21043,0.75141,0.7119,0.56265,0.76151,0.60884,0.38978,0.54579,0.83942,0.92839,0.37344,0.64352,0.81535,0.26276,0.26204,0.41537,0.42696,0.60743,0.44317,0.3154,0.64636,0.6254,0.70644,0.87055,1.2534,0.48612,0.83273,0.81644,0.62454,0.5872,0.51148,0.37993,1.3975,0.66065,0.99317,0.50039,0.52853,0.66034,0.66176,0.44358,0.59695,0.56381,0.66378,0.70933,0.48896,0.45273,0.30568,0.53886,0.6498,0.76181,0.47022,0.5528,0.75769,0.60201,0.28518,0.64076,0.99841,0.65006,0.52831,0.55186,0.51007,0.7328,0.57353,0.44701,0.45838,0.79972,0.64443,0.5859,1.0546,0.84252,0.42299,0.62894,0.67819,0.78852,0.65843,0.76,0.52896,0.66765,0.70156,0.45639,0.40485,0.6843,1.6188,0.86847,0.44821,0.4257,0.76237,0.85963,0.521,0.60132,0.61343,0.54648,0.97008,0.77421,0.67701,0.74823,0.52129,0.48492,0.6394,0.51926,0.49063,0.61528,0.43783,0.44698,0.38386,0.53812,0.49452,0.66213,0.36594,0.84372,0.54113,0.61284,0.69065,0.4042,0.27078,0.47206,0.44289,0.46193,0.64119,0.89265,0.40125,0.45942,0.98917,0.9931,0.51752,1.1912,0.75446,1.304,0.68674,0.53583,0.42177,0.71862,0.55127,0.58499,0.72796,1.0008,0.76936,0.73914,0.59858,0.57355,0.89537,0.93764,0.43902,0.71319,0.60591,1.1028,0.65346,0.58724,1.2415,0.26413,0.49623,0.57773,1.0123,0.33445,0.40302,0.95078,0.56159,0.59069,0.85571,1.1476,0.44898,0.46728,0.48907,0.55209,0.71817,0.91837,0.29939,0.30637,0.28414,0.53592,0.84678,0.60474,0.5311,0.80874,0.71602,0.859,0.81143,0.9694,0.59138,0.61518,0.4695,0.39058,0.5562,0.7303,1.6124,0.74266,0.47838,0.45761,0.92404,0.58057,0.78174,0.38839,0.52975,0.34978,0.33986,0.47622,0.57467,0.34922
0.75199,0.40178,0.39241,0.55518,0.63689,0.78142,0.70452,0.43271,0.99427,0.41686,0.53612,1.0646,0.47992,1.1406,0.63258,0.44609,0.54565,0.685,0.54011,0.54754,0.2061,0.81489,0.62792,0.39037,0.55386,0.34662,1.3065,0.93798,0.63019,0.45978,0.64057,0.39447,0.47399,0.86382,0.39972,0.56734,0.48302,0.48063,0.66095,0.94736,0.49397,0.50244,0.68542,0.41448,0.5407,1.1401,0.36783,0.96811,0.43669,0.77091,1.0515,0.29751,0.63998,0.708,1.0142,0.82226,0.90956,0.43242,0.59576,0.85969,0.40956,0.5454,0.69046,0.82889,0.75943,1.1017,0.61681,0.6522,1.1314,0.32536,0.37636,0.34186,1.5336,0.43011,0.67263,0.45,0.77741,0.61516,0.76207,0.58955,0.5394,0.70952,0.36665,0.20254,0.42285,0.31769,0.6274,0.75747,0.61563,0.88436,0.63622,1.0214,0.36301,0.38991,0.74939,0.4444,0.55114,0.84519,1.0169,0.41366,0.46935,0.49266,0.30679,0.32264,1.023,1.0062,0.83859,0.60526,0.44932,0.7047,0.92685,0.50632,0.71959,0.53755,0.64269,0.32491,0.34389,0.72811,0.91014,0.47669,0.72434,0.46328,0.71796,0.70428,1.9247,2.4121,0.59763,0.59174,0.69796,1.0074,0.54791,0.97608,0.47235,0.95851,0.41327,0.27775,0.59006,0.51967,0.49737,0.57315,0.79318,0.89451,0.61883,0.30987,0.72135,0.65832,0.94635,0.47768,0.48375,0.87452,0.67753,0.56786,0.24694,0.22921,0.44193,0.77496,0.60541,1.0933,1.1818,0.98333,1.0192,0.67178,0.44339,0.72252,1.039,0.7377,1.0369,0.83683,0.7944,0.72156,0.62883,0.48868,0.90653,0.72489,0.83836,0.99398,0.62225,0.51923,0.43506,0.48732,0.68076,0.78018,1.1828,0.38242,0.29927,0.63098,0.45813,0.77478,0.83192,0.84297,0.5699,0.5643,0.32181,0.26594,0.57828,0.49915,0.74152,0.46796,0.54254,0.83969,0.47207,0.54631,0.43624,0.38864,1.2784,1.0436,0.70156,0.71064,0.43324,0.48032,0.81817,0.62646,0.53883,1.0231,0.82036,0.73855,0.65645,0.60258,0.74655,0.44831,0.41754,0.77757,0.95838,0.56963,1.1955,0.38313,0.42258,0.51934,0.82176,0.4983,0.8701,1.0183,1.172,0.38425,0.87145,0.62861,0.73664,0.45042,0.59044,0.42528,0.53693,0.61758,0.50345,0.43237,0.51678,0.74259,0.44517,0.44232,0.62898,0.88111,0.7663,0.75916,0.45721,0.35614,0.40168,0.62964,0.58803,0.61336,0.63181,0.72101,0.66719,0.67224,0.67324,0.51211,0.40433,0.66951,0.42468,0.73167,0.61485,0.98477,0.60566,0.71018,0.98772,1.29,0.94893,0.49807,0.25167,0.3656,0.39846,0.41701,0.6184,0.79444,0.86492,0.98286,0.90821,0.66578,0.89334,0.38488,0.71532,0.86906,0.56696,0.99999,1.776,0.76528,0.6425,0.57311,0.50049,0.55649,0.66413,0.4447,0.4179,0.63737,0.5485,0.42016,0.58063,0.82829,0.75438,0.76097,0.49398,0.38417,0.96689,0.55857,0.60478,0.43341,1.0354,0.61552,0.57444,0.42151,1.0187,0.59276,1,0.56227,0.85441,0.55835,1.1622,1.003,0.71981,0.65559,0.48195,0.52086,0.66014,0.76832,0.38856,0.39411,0.41491,0.81227,0.53833,0.46554,0.70639,0.39224,0.63033,0.4087,0.67628,0.57648,0.43096,0.6473,0.5079,0.80709,0.72794,1.0094,0.60671,0.4098,0.37696,0.38877,0.78369,0.53249,0.69596,0.77047,0.73222,0.50063,0.20082,0.5604,0.57749,0.52475,0.82698,0.70887,0.5937,0.51238,0.87933,1.1724,0.85546,0.71665,1.0133,1.4143,0.53909,0.37674,0.62355,0.41896,0.59894,0.5484,0.39408,0.91033,0.47919,0.47317,0.57635,0.73724,0.66388,0.63893,0.88487,0.84957,0.49394,1.056,0.30354,0.78856,1.0222,0.86584,0.55262,0.52737,0.49024,0.63987,0.80869,0.56015,0.47705,0.89464,0.56271,0.25845,1.2154,0.67048,1.0869,0.44906,0.52526,0.94804,0.63502,0.52844,0.40293,1.2965,1.3747,0.50062,0.51931,0.81953,0.8364,0.7791,0.48295,1.1002,0.269,0.88037,0.31209,0.47771,0.60827,0.36152,0.42862,1.0772,1.0337,0.91444,0.81224,0.45676,0.67909,1.1193,0.44992,0.31848,0.82012,0.85624,0.81346,0.52502,0.51575,1.0356,1.0812,0.79321,0.619,1.2171,0.74381,0.82318,0.51837,0.37131,0.67009,0.49916,0.3977,0.47746,0.48645,0.73004,0.89078,0.58718,0.65871,0.69369,0.69543,1.0194,1.1864,0.7905,0.7982,0.81667,0.59719,0.95934,1.1651,0.72678,0.28517,0.41111,0.42387,0.7861,1.0765,0.54907,0.37376,0.8357,3.0114,0.36088,0.49486,0.61454,0.43502,0.61356,0.74604,0.82348,0.71589,0.59139,0.44855,0.55748,0.662,0.55832,0.46407,0.5044,0.56128,0.81815,0.4788,0.71774,0.38673,0.51917,0.46925,0.59413,0.66892,0.96885,0.72157,0.53557,0.66554,0.37016,0.56679,1.2852,1.7004,1.056,0.96512,0.39057,0.46705,0.54866,0.36729,0.27662,0.3541,0.45022,0.60371,0.50459,0.79219,1.0574,0.36646,0.58586,0.5524,0.49481,0.48228,0.7683,0.9415,0.4719,0.85736,0.7839,0.78992,0.55943,0.52663,0.87552,0.61308,0.45573,0.54174,0.65826,0.59659,0.55629,0.43225,0.5009,0.54055,0.72151,0.36588,0.87731,0.69245,0.61977,0.5742,0.96944,0.5235,0.70423,0.42938,0.48063,0.40857,0.26398,0.24823,0.81972,0.60102,0.56082,0.77861,0.41992,0.37487,0.41151,0.17597,0.67382,1.1322,0.72512,1.1897,0.81506,0.60514,0.48901,1.416,0.63953,0.74237,0.69577,0.91475,0.30803,0.62418,0.67576,0.26274,0.91017,0.57344,0.28167,0.64862,0.37572,0.59833,0.82648,0.9024,0.36611,0.52287,0.38354,1.5382,0.9019,0.65591,0.66985,0.71007,0.63652,0.48583,0.48069,0.34122,0.70469,0.93999,0.30968,0.81002,0.57311,1.2922,0.28928,0.40624,1.2939,1.0213,0.5811,0.53672,0.62328,0.95844,0.9105,0.41128,0.58804,1.1235,0.55975,0.34113,0.40856,0.42158,0.30222,1.03,1.0363,0.82269,0.46484,1.0013,0.54191,0.63515,0.31137,0.51381,0.69265,0.57647,0.72135,0.56616,0.54073,0.71521,0.45499,0.21006,0.24026,0.62075,0.80451,0.84166,0.79637,1.0964,0.78152,0.57861,1.3984,0.58719,0.57726,0.41538,0.58149,0.95375,0.85654,0.86257,1.2087,0.72232,0.38788,0.51135,0.37049,0.52564,1.2653,0.98928,0.57854,0.49928,0.85992,0.78774,0.77728,0.35214,0.43179,0.44454,0.7199,0.34695,0.84728,0.55253,0.46264,0.39582,0.52968,0.61782,0.34851,0.50656,0.53962,0.86886,0.61172,0.5272,0.43849,1.1486,0.82619,0.38566,0.72871,0.4356,0.74895,1.4494,0.27483,0.65706,0.633,0.9864,0.40952,0.43923,0.41492,0.52757,0.45309,0.52497,1.0603,1.4518,0.56595,0.85667,0.54577,0.64691,0.66784,0.23235,0.28342,0.55031,0.2865,0.81976,0.7434,1.3331,0.62611,0.59524,0.99679,0.80097,0.77065,0.53434,0.90202,0.98628,0.42212,0.46528,0.73212,0.579,0.50815,0.75402,0.31873,0.69501,0.7152,0.62044,0.5523,0.5222,0.4589,1.2235,0.37402,0.82321,0.37198,1.7211,0.40848,0.20945,0.43367,0.55329,0.6949,0.7348,0.57023,0.52803,1.2199,0.5927,0.60035,0.50754,0.79189,1.1082,0.53905,0.65762,0.7964,0.84653,0.53896,0.59471,0.5539,0.38797,0.54618,0.5458,0.82275,0.93999,0.81217,0.33556,0.67835,0.57328,0.66511,1.1214,1.2309,0.67924,0.72193,0.6543,0.5494,0.92933,0.93946,0.86207,0.41651,0.59741,0.43013,0.59856,0.48968,0.71877,0.88862,0.66774,0.32691,0.50683,0.37202,0.3793,0.4495,0.52757,1.2911,0.4106,0.69703,0.72511,1.1421,0.56154,1.0062,0.85254,0.81241,0.64938,0.87033,0.42435,0.84888,1.0048,0.88938,0.5917,0.71133,0.11172,0.62422,0.79562,1.5833,0.52519,0.55775,0.78131,0.93343,0.4266,0.40057,1.1938,0.56111,0.7901,1.716,0.36517,0.45458,0.70888,0.65663,1.3492,0.31079,0.64418,0.67281,0.94024,0.53321,0.47787,0.78351,1.0944,0.45934,0.29217,0.64481,0.68101,0.46259,0.69821,0.96664,0.53589,0.69102,0.5786,0.35127,0.63744,0.46535,1.076,0.84421,0.46029,0.67555,0.43126,0.40925,0.53826,0.53268,0.50401,0.2736,0.34806,0.59532,0.6661,0.71845,1.0755,0.64236,0.56754,0.5993,0.42814,0.36618,0.38043,0.62406,0.43176,0.59428,0.69088,0.61756,0.6749,1.0854,0.90747,0.42453,0.45495,0.6578,0.72757,0.79558,0.64878,0.71186,0.56518,1.3502,0.82413,0.53935,0.68139,0.27779,1.109,0.4594,0.36802,1.2193,0.55306,0.83582,0.7535,0.36127,0.57382,0.63198,1.0748,0.3705,0.5738,0.46579,0.59056,0.89896,1.0558,0.44121,0.32082,0.61629,0.4709,0.56662,0.45489,0.4066,1.2187,0.56089,0.62332,0.74651,0.43149,0.53611,0.37894,0.27959,0.77046,0.78189,0.55415,0.53354,0.87467,0.47852,0.81577,0.67339,1.0065,0.54024,0.88799,1.1229,0.53031,0.39833,0.95112,0.81027,0.9135,0.77845,0.91608,0.28469,0.29998,0.6061,0.63312,1.558,0.55712,0.61896,0.60106,0.65744,0.20077,0.36715,2.9788,4.9405,0.41233,0.76531,0.55778,0.66532,0.50718,0.86907,0.51138,0.58753,0.59644,0.52272,0.9631,0.78476,0.67205,0.42344,0.45501,0.36788,0.49804,0.455,0.38004,0.49013,0.60406,0.6417,0.51778,0.96993,0.93747,1.0992,1.2641,0.3518,0.29324,0.4041,0.63838,0.63049,0.7852,0.59694,0.4325,0.28064,0.59211,0.43213,0.75938,1.2359,0.76595,0.50538,0.26498,0.66606,0.76134,0.77772,0.85595,0.87983,1.6012,2.8873,0.63469,0.93134,0.52838,0.57422,0.36679,0.26462,0.8422,0.92421,0.46857,0.65614,0.59101,0.60411,0.18689,0.87509,0.54393,1.0255,1.1337,0.45285,0.58646,0.76107,0.52529,0.9434,0.40704,0.41402,0.65708,0.96932,0.89767,0.52106,0.41723,0.53311,0.76058,0.88793,0.74426,1.098,0.52955,0.422,0.80362,1.0846,1.2441,0.52497,0.84083,0.45242,0.66705,1.1847,0.91003,0.36327,0.53764,0.86798,0.66862,0.48454,0.60242,0.38236,0.42186,0.56161,0.46429,0.45326,0.43315,0.88398,0.60578,0.54202,0.62925,0.92271,0.8221,0.56532,0.48001,0.83338,0.5189,0.40252,0.83675,0.67998,0.70488,0.8712,0.48106,0.92137,1.2195,0.72231,0.44018,0.3105,0.49246,1.2074,0.62913,0.59036,0.30005,0.65038,0.44224,0.37101,0.61512,0.57179,0.50627,0.88526,1.0914,0.35939,1.4155,0.43375,0.35333,1.1065,0.6113,0.67528,0.37399,0.69013,1.2035,0.51832,0.89159,0.52538,0.41349,0.39508,0.47167,0.44075,0.28375,0.35954,1.3646,0.68597,0.36909,0.47212,0.72411,1.1373,0.58792,0.8243,0.50532,0.78258,0.5293,1.1563,0.48621,0.50344,0.72815,0.41263,0.72648,0.7774,0.51711,0.66784,0.37074,0.38602,0.559,0.55526,0.35228,0.71422,0.55634,0.92466,0.37362,0.65445,0.44374,0.53743,0.65161,0.39667,0.80955,0.4978,0.84421,0.93613,0.97185,0.69461,0.81467,0.74479,0.40932,0.75207,1.1459,0.62871,0.52346,1.2603,0.84373,0.32024,0.57734,0.54234,0.78797,0.5369,0.61966,0.7534,0.84073,0.6155,0.67958,0.45434,0.42522,0.43944,0.84954,1.0365,0.50581,0.73875,0.73648,1.1152,0.63428,0.93945,1.0693,0.79617,0.91969,0.79871,0.85518,0.4848,0.35027,0.73763,0.1291,0.50885,0.35124,0.89157,0.36916,0.7967,0.65619,0.76382,0.32983,0.60323,1.0804,0.64866,0.69979,0.60096,0.3441,0.67164,0.77588,1.2391,0.80254,0.58458,0.39758,0.2928,0.49674,0.58256,1.3541,1.1775,0.61412,0.72735,0.54582,0.31222,0.39199,0.45636,0.56716,1.1605,0.47128,0.44369,0.5051,0.46622,0.38254,0.90059,0.64287,0.95879,0.53609,0.41453,0.67719,0.89608,0.46992,0.84518,0.43528,0.63862,0.35753,0.44239,1.0566,0.5751,1.0351,0.66926,0.61152,0.51204,0.83946,0.38435,0.75421,0.86838,0.37998,0.75012,0.57462,0.86895,0.39047,0.48615,0.44388,0.65383,0.90937,0.67249,0.38014,0.61487,0.87993,0.72951,0.44056,0.3617,1.0605,0.6392,0.38277,0.36,1.4549,0.64586,0.70468,0.88137,0.53033,0.34512,0.42767,0.42743,0.60042,1.0947,0.3442,0.46981,0.71381,0.48533,0.57506,0.42441,0.64588,0.77769,0.43424,0.83898,0.93612,0.41836,0.6867,0.82601,0.48757,0.37126,1.1389,0.98395,0.76559,0.75998,0.66035,0.49793,1.1587,0.55846,0.89085,0.87315,0.47275,0.58059,0.55143,0.65233,0.26483,0.93261,0.29661,0.35733,0.56479,0.73931,0.45658,0.42593,0.564,1.1939,1.1058,1.1372,1.3326,0.90815,0.95673,0.38269,0.52126,0.66329,0.90942,0.69891,0.61211,0.50743,0.79608,1.2012,0.70717,0.57613,0.61407,0.59565,0.67874,0.79,0.50476,0.37523,0.59906,0.85041,1.0937,0.55031,0.54732,1.1641,0.66628,1.039,0.64081,0.65626,0.40918,0.62425,0.32568,0.71848,1.276,0.91709,0.52214,0.67103,0.49737,0.39223,0.45166,0.56719,0.98963,0.73027,0.66491,0.58184,0.95745,0.45495,0.513,0.69063,0.54,0.83961,0.42932,0.46639,1.1646,0.79965,0.51487,0.49643,0.62158,0.58377,0.60275,0.61416,0.84535,0.81474,1.1182,0.74685,0.54191,0.98562,0.77562,0.70622,0.82971,1.1195,0.60829,0.7627,0.87787,0.59421,0.66854,0.6065,0.54575,0.32081,1.2769,0.77209,0.80434,0.89581,0.84983,1.0357,0.4789,0.79979,0.85743,0.4716,0.47413,1.13,0.6104,0.77122,0.77021,0.52205,0.32644,0.33663,0.50669,1.0169,0.4974,0.89968,0.3763,0.91769,0.62097,0.57889,0.6254,0.83432,0.20481,0.36005,0.64635,0.4563,0.40043,0.93722,1.0445,0.56187,0.7658,0.74628,0.63608,0.39214,0.45544,0.56639,1.117,0.56731,0.66221,0.94093,0.55025,0.46822,0.73348,0.58007,0.88053,0.5076,0.79159,0.98324,1.0646,0.44989,0.49438,0.99618,0.77268,0.46507,0.46033,0.66681,0.25619,0.35387,0.62225,0.65237,1.0157,0.40058,0.58359,1.4068,0.43145,0.7311,0.86421,0.92749,0.62015,0.68614,0.68098,0.34655,0.99538,0.68047,0.63299,0.59961,0.60752,0.29094,0.56834,0.69785,1.9519,1.0445,0.92544,0.50208,0.42115,0.46225,0.50482,0.69398,0.47747,0.73777,0.59993,0.68052,0.5508,0.48056,0.53158,0.33673,0.33288,0.64652,0.6804,0.48532,0.64859,0.52172,1.0148,0.26604,0.38939,0.81532,0.47576,0.72913,0.82508,1.1132,0.35449,0.64743,0.65224,0.51828,0.72363,0.50734,0.65878,0.4364,0.45116,0.78457,0.52054,0.78777,0.54273,0.36599,0.81808,0.54701,0.87654,0.81427,0.34205,0.60783,0.5237,0.47876,0.52477,0.50415,0.46238,0.40698,0.72473,0.29407,1.271,0.79955,1.0821,0.79219,0.52895,0.39621,0.72826,0.49208,0.69888,0.47016,0.54296,0.51372,0.72012,0.49456,0.46909,0.75941,1.001,0.84795,0.52526,0.50745,0.3912,0.51488,0.35354,0.60532,0.41733,0.58309,0.75019,0.491,0.39681,0.55235,0.53102,0.73367,0.77992,0.48992,0.34387,0.28906,0.57591,0.68159,0.61979,0.871,0.28695,0.4593,0.40155,0.29696,0.88931,0.79007,0.55022,0.62248,0.56111,0.58734,0.61577,1.5096,0.51148,0.60723,0.69608,0.354,0.43689,0.49981,0.41222,1.2188,0.57372,0.35698,0.55107,0.61037,0.38134,0.68025,0.64745,1.0985,0.64982,0.49788,0.47488,0.43641,1.1001,0.88005,0.52709,0.72547,0.53695,0.61003,0.51015,0.43818,0.40739,0.60078,0.83137,0.60812,0.47232,0.77768,0.90498,0.64053,1.0003,0.70408,1.0312,0.26648,0.29171,0.53395,0.63891,0.5015,0.74764,0.79378,0.79052,0.43095,0.78813,0.55907,0.39741,0.93162,0.42795,0.79479,0.61739,1.3358,0.88159,1.0369,0.43751,1.3445,0.60256,0.41186,1.1621,0.66518,0.24792,0.54132,0.51375,0.62465,0.57789,0.80846,0.66396,0.37388,0.92023,2.4217,0.50651,0.5316,1.0687,0.47949,0.83405,0.44067,0.17921,0.62563,0.89532,0.76138,0.64273,0.60316,0.99675,0.6592,0.56417,0.59145,0.68579,0.80694,0.68542,0.52669,0.92624,1.0586,0.56227,0.50581,0.8929,0.48052,0.63003,0.5034,0.55351,0.55511,0.47229,0.7822,0.91277,0.63559,0.93875,0.97291,0.58957,0.83636,0.52395,0.54766,0.70702,1.0223,0.53275,0.5659,0.48968,0.5775,0.29476,0.57914,0.40327,0.5079,0.57457,0.35604,0.52655,0.98086,0.65154,0.57861,0.17908,0.88568,0.92521,0.33068,0.44212,0.41202,0.55951,0.55472,0.48282,0.45303,0.29117,0.30842,0.54365,0.33116,0.44993,0.35821,0.46285,0.52594,1.3845,0.58581,0.44049,0.66948,1.1411,0.26057,0.58864,0.60576,0.70882,0.82364,0.55244,0.89713,0.76936,0.49471,0.44121,0.93577,0.45697,0.48472,0.83347,0.78873,0.44125,0.43037,1.0995,0.81271,1.1401,0.92993,0.71792,0.8943,0.68786,0.78525,0.89235,0.87451,0.49591,0.49802,0.3141,0.18504,0.42586,0.48217,0.35677,0.73356,0.77133,0.47517,0.32539,0.62314,0.56488,0.77882,0.42857,0.6448,0.85063,0.89503,0.31088,0.47698,0.44325,0.45147,0.45766,0.36721,0.48696,0.8167,0.47082,0.35967,0.72066,0.63278,0.93855,0.30959,0.38725,0.61213,0.79106,0.59075,0.363,0.34129,0.52538,0.60316,0.63196,0.9882,0.33857,0.24609,0.61368,0.72112,1.3404,0.46166,0.38759,0.63307,0.90126,0.87516,0.61517,0.37075,0.7179,0.87532,0.46615,0.95571,0.96145,0.4643,1.2468,2.0918,0.63146,0.57546,0.50614,0.60632,0.77882,0.34106,0.65161,0.62362,0.83952,0.57277,0.63747,0.73997,1.3402,0.75007,0.81391,0.47363,0.86661,0.71824,0.8201,0.4607,0.69218,0.34895,0.33707,0.42218,0.59179,0.26461,0.84107,0.54685,0.82673,0.50489,0.44555,0.56997,0.90706,0.3912,0.79935,0.50064,0.52951,0.42048,0.75015,0.68367,0.93408,0.49601,0.43783,0.52911,0.60676,0.67818,0.56305,0.58255,0.48639,0.58365,0.54275,0.70078,0.36898,0.42381,0.87902,1.1554,0.50314,0.6208,0.72862,0.47367,0.63189,0.62548,1.0182,0.58426,1.089,0.90567,0.67114,0.73885,0.56328,0.40198,0.70399,0.95278,1.0249,0.4868,0.78781,0.50624,0.63297,0.62054,0.4566,0.4988,0.43335,0.36614,0.36396,0.6115,0.77727,0.39073,0.47339,0.73345,0.33905,1.2023,0.56723,0.52207,0.43306,0.58842,0.71264,0.47132,0.73039,1.2626,0.91266,0.60598,0.46309,0.58634,0.85772,0.48075,0.77182,0.46386,0.70663,0.81917,0.4949,0.59469,0.53248,0.52911,0.58137,0.62072,0.29005,0.68099,0.7816,0.64456,0.39127,0.55227,0.52591,0.61838,0.99422,0.56521,0.57812,0.41996,0.41818,0.46104,0.36365,0.38138,0.48841,1.0926,0.69282,0.5212,0.94845,0.52929,0.68735,1.4586,0.77818,0.67486,0.49139,0.5319,0.74286,1.0158,0.60528,0.58292,0.35956,0.6544,0.68805,0.41856,0.58041,0.51642,0.45208,0.46911,0.51433,0.67387,0.57411,0.70495,0.61943,0.68692,0.50856,0.56976,0.49702,0.80436,1.2089,1.0574,1.3724,0.8278,0.71262,0.72601,0.89003,0.68469,0.74161,0.26291,0.2708,0.5456,0.6517,0.59487,0.3253,0.43326,0.95106,0.64527,0.63409,0.42491,0.39477,0.65469,0.75547,0.61109,0.63428,0.32414,0.33907,0.93153,1.1754,1.3415,0.83463,1.1737,0.85789,0.3394,0.78797,0.5324,0.53622,0.52695,1.4308,0.92731,0.25506,0.54449,1.2451,0.56979,0.45552,0.74188,0.84768,0.52256,0.59342,0.78349,2.2018,1.0574,0.98362,0.60504,0.21083,0.4989,0.76378,0.75531,0.45953,0.39581,0.64316,1.028,0.73777,0.9308,0.78408,0.48315,0.29927,0.59484,0.73033,1.1399,0.61371,0.46887,0.69376,0.50366,0.60129,0.46698,0.59987,0.66892,0.86527,0.75122,0.50248,0.6809,0.51482,0.74126,0.48816,0.4329,0.64741,0.89171,0.59301,0.38945,0.32368,0.37866,0.45375,0.81919,0.75941,1.0971,0.38559,0.55104,0.60557,0.68366,0.37085,0.50631,0.44349,0.50635,0.35023,0.38678,0.46189,0.46979,0.32126,0.9244,1.3842,1.4709,1.9606,0.52417,0.38376,0.68631,0.33956,0.23225,0.49321,0.51653,0.52998,0.66403,0.55463,0.57098,0.92102,0.73568,0.43477,0.55785,0.7486,1.7966,0.98712,0.79351,0.47045,0.46298,0.5526,0.4404,0.40776,0.37174,0.66481,0.34332,0.93199,0.76854,0.56805,0.69976,0.41046,0.72956,0.54746,0.76915,0.70551,1.1788,1.1861,0.54707,0.56969,0.55724,0.31793,0.47682,0.48315,0.57033,0.26406,0.58538,0.31816,0.63512,1.8224,1.1297,0.56196,0.64112,0.58134,0.52067,1.7101,0.60921,0.53699,0.3404,0.69312,0.72861,1.0632,0.56061,0.58733,0.81593,0.78308,0.52803,0.76846,0.69946,0.66187,0.30121,0.5097,0.37853,0.88244,0.92359,0.56213,0.72747,0.69039,0.66151,1.1037,0.43568,0.47672,0.54973,0.46079,0.67159,0.52336,0.82999,0.38926,0.45443,0.70504,0.87734,0.36561,0.25132,0.37096,0.42838,0.54523,0.83086,0.52413,0.66853,0.78235,1.0961,1.2715,1.0838,0.48889,0.79597,0.5101,0.98907,0.63865,0.63658,0.81976,0.6959,0.91263,0.70987,0.44837,0.28724,0.41977,0.68159,0.5794,0.40076,0.54033,0.3889,0.56979,0.3264,0.90368,0.91134,0.73638,0.57072,0.6781,0.39734,0.48502,0.65513,0.44367,0.77011,0.7875,0.90079,0.42807,0.73717,0.70952,0.68088,1.0196,0.30517,0.71298,0.70076,0.30839,0.73145,0.5507,1.0114,0.31745,0.47095,0.47419,1.0285,0.69178,0.41459,0.47461,0.47468,0.46212,1.1279,0.81744,0.56012,0.64798,0.60469,0.50855,0.98348,0.49838,0.33298,0.47225,0.46797,0.50801,0.62722,1.2123,0.56395,0.25824,0.44761,0.44917,1.0218,0.40873,0.60034,0.4577,0.52045,0.83657,0.28966,0.5903,0.70608,0.57524,0.26862,0.67307,0.87111,0.89068,0.44003,1.033,0.45467,0.49222,0.50528,0.6735,0.78065,0.63619,0.89733,1.4529,0.71147,0.53245,0.89944,0.76847,1.1139,0.83273,0.35605,0.65493,1.2047,0.67623,0.4309,0.43405,0.72762,0.6183,0.52137,0.48534,0.43652,0.28736,0.29834,0.81257,0.58917,0.70193,0.41434,0.32203,0.43924,0.83036,0.40556,0.30243,0.63268,0.90463,0.99214,0.4794,0.36791,0.65141,0.3926,1.0688,0.70103,0.65668,0.72538,1.0191,1.469,0.59162,0.51202,0.63713,0.50548,0.89802,0.526,0.23705,0.81704,1.4391,1.1052,0.52247,0.38568,0.61699,0.57224,0.47259,0.80248,0.94102,0.37778,0.66793,0.86857,0.71826,0.39926,0.41118,0.45964,1.0203,0.5022,0.41324,0.77429,0.86538,0.46867,0.6092,0.38102,1.1787,1.0849,0.7541,0.82177,0.74527,0.59638,0.8905,0.74974,0.38863,0.64472,0.53681,0.85525,0.91009,0.32615,0.64923,0.70285,0.95582,1.0363,0.82203,0.60071,0.72421,0.73099,0.43101,0.72776,0.37075,0.28989,0.23833,0.42076,0.87195,0.47944,0.83068,0.6986,1.4752,0.6565,0.78462,0.56046,0.65157,0.59517,0.68283,0.71248,0.54276,1.0156,1.4058,0.79789,0.44716,0.65065,0.8372,0.96096,0.94024,0.34194,0.33309,0.43802,0.79248,0.47356,0.79578,0.35671,0.4545,0.66843,0.6716,0.78941,0.59568,0.4344,0.69334,0.82816,0.37749,0.43286,0.54374,0.75666,0.63611,0.70938,0.60761,0.63058,0.39799,0.61828,0.63093,0.26654,0.50543,0.3212,0.94805,0.62027,0.38984,0.54491,0.44252,0.33001,0.50416,0.71526,0.53753,0.54334,1.0327,0.58846,0.36296,0.65825
0.45329,1.1419,0.55615,0.7854,1.0375,0.56547,1.0531,0.48589,0.24333,0.5689,0.54798,0.6412,0.61119,0.46708,0.96476,0.72097,0.53972,0.75336,0.54345,0.63716,0.46465,0.66475,0.39671,0.59251,0.48626,0.47212,0.28022,0.93954,0.28731,0.48096,1.0252,0.45285,0.19383,0.79936,0.51625,0.31817,0.43903,0.38345,0.52905,0.46844,0.56976,0.92577,0.79646,0.43008,0.54411,0.50214,0.49362,0.53006,0.79399,0.26141,0.59907,0.45597,0.6924,0.70609,0.43944,0.26215,0.87254,0.75488,0.2602,0.54313,0.90956,0.6139,0.43691,0.83023,0.74913,0.75693,0.64782,0.49793,0.47064,0.45357,0.37457,0.69215,0.99292,0.55995,0.41135,1.3136,0.58016,0.66218,0.31147,0.49795,0.6375,0.99752,0.3842,0.76727,0.65751,0.76031,0.42021,0.45081,0.79797,0.52066,0.43289,0.51941,0.69463,1.3857,0.75613,0.483,0.74513,0.86045,1.0981,0.9708,0.44034,0.64864,0.74969,0.53903,1.0089,0.68792,0.57629,0.61996,0.88922,0.43747,0.39762,1.0879,1.205,0.74843,0.4314,0.30421,0.95157,0.56092,0.74641,0.63642,0.51632,0.46042,0.44897,0.70509,1.1852,0.49878,1.0646,0.78076,1.0361,0.6128,0.45919,0.95098,0.75153,0.3605,0.4554,0.49301,0.508,0.45997,0.44748,0.89475,0.8021,0.39208,0.47877,0.79603,0.77472,0.5057,0.68086,0.63211,0.46378,0.48844,0.79439,1.0507,1.0245,0.4336,0.47861,0.41629,0.63556,0.64687,0.37429,0.63605,0.72421,0.7764,0.56259,0.64152,0.59657,0.89422,0.56925,0.93381,0.24363,0.46674,0.53666,0.6937,0.77493,0.44413,0.51683,0.46169,1.0172,0.70343,0.5112,0.97215,0.43214,0.58954,0.63157,0.5184,0.76696,0.52421,0.44936,0.49507,0.91564,0.76667,0.50597,0.57908,0.53477,0.51095,0.22051,0.50999,0.45095,0.52517,0.60173,0.97605,0.39581,0.35714,1.0508,0.39223,0.68779,0.83712,0.48228,0.80745,0.77185,0.91817,0.84189,0.39875,0.48605,0.93745,0.92863,0.63444,0.63725,0.87279,0.50761,0.68061,0.64549,1.1204,0.5965,0.56364,0.49801,0.60587,0.81432,0.35051,0.63222,0.67148,0.69494,0.46115,0.75714,0.66636,0.40196,0.53537,0.62547,0.37171,0.39042,0.38158,0.99982,0.55822,1.0762,0.40157,0.73402,0.66597,1.078,0.6816,0.60146,0.80651,2.9001,1.1689,0.7632,0.63189,0.60996,0.4599,0.46593,0.4951,1.3356,0.55614,0.71495,0.33183,0.75445,0.30195,0.65411,0.92979,0.64471,0.96884,0.97725,0.39804,1.024,0.93993,0.6653,0.79886,0.75991,0.67711,0.47724,0.245,0.31377,0.45177,1.1252,0.67081,0.57625,0.25176,0.2749,0.74716,0.81759,0.6646,0.50978,0.32303,0.57386,0.67962,0.55369,0.42368,0.66198,0.84257,0.58197,0.72545,0.93662,2.898,0.21548,0.55167,0.55054,0.87495,0.83733,0.77252,1.0981,0.36929,0.21606,0.59786,0.3708,0.63024,0.43135,0.46821,0.86935,0.70279,0.39318,0.53881,0.54317,1.5538,0.81067,0.51197,0.32411,0.43655,0.8641,0.97982,0.95612,0.61545,0.52077,0.41756,0.56337,1.1874,0.43542,0.51064,0.71877,1.117,0.89809,0.48388,0.8378,0.55854,0.38935,0.67405,0.61792,0.50932,0.54514,1.11,0.88118,0.71031,0.40192,1.9313,0.32208,0.46695,0.48253,0.75162,0.44059,0.64263,0.70487,0.31383,0.97048,0.4298,0.43079,1.0459,1.0073,0.62141,0.31363,0.47464,0.62083,1.1247,0.97176,1.3415,0.56889,0.75108,0.49896,0.68559,0.74387,0.59803,0.67718,1.0618,0.76283,0.62692,1.3418,0.56855,0.54113,0.84056,1.0163,0.47736,0.73543,0.90947,0.51737,0.76005,1.3202,0.58124,0.39595,0.46197,0.96868,0.74333,1.3238,0.89227,0.61882,0.82555,0.73296,0.38725,0.43024,0.45183,0.45633,0.97969,0.41306,0.55186,0.90216,0.35679,0.55515,0.38575,0.86647,0.64906,0.61735,0.40504,0.29648,0.8343,0.42867,0.40912,0.62542,0.55452,1.0225,0.7458,0.25904,0.69901,0.47315,0.41912,0.61367,0.46247,0.51373,0.65486,0.99908,1.6028,0.57381,0.42139,0.88061,0.29311,0.45408,0.78033,0.50071,0.47026,0.53219,0.7788,0.54026,0.78474,0.94819,1.0511,0.68387,0.92969,0.35922,0.58322,0.34325,0.42322,0.48333,0.99979,0.45073,0.65759,1.3028,1.3794,2.5384,0.9689,0.78581,0.59589,0.92523,0.31455,0.97416,0.64248,0.61605,0.47275,0.53426,0.90385,1.0934,0.4098,0.26331,0.36694,0.81316,0.73809,0.55214,0.60308,0.39703,0.67172,1.0928,0.41532,0.72838,0.92767,0.78671,0.64764,0.57933,0.95937,0.3818,0.60609,1.3437,0.44869,0.32878,0.42463,0.58636,0.35722,0.78838,0.78649,0.69056,0.90734,0.35626,0.6357,1.0104,0.64585,0.55599,0.60173,0.84425,0.50299,0.35985,0.32694,0.67596,0.53267,0.86488,0.52026,0.56098,0.67917,0.60577,0.63229,0.61828,0.47523,0.62073,0.86959,0.46854,0.4865,0.73095,0.93532,0.76063,0.50981,0.32852,0.57019,0.44556,1.3101,0.91139,0.46362,0.46632,0.65687,0.51781,0.7701,0.51509,0.77674,0.80415,0.39482,0.39359,1.1607,0.74787,1.0435,0.81872,0.35666,1.2568,0.78653,0.61459,0.31531,0.70422,0.44729,0.49253,0.59128,0.71283,0.49135,0.47377,0.28372,1.3488,0.4982,0.272,0.29122,0.74311,0.71093,0.84236,0.55135,0.57552,0.55461,0.23216,0.81411,0.93427,0.51064,0.32496,0.94379,0.56354,0.95862,0.68128,0.31539,0.63022,0.84417,0.74253,0.7556,0.95932,1.3754,0.99895,0.69821,0.55173,0.37327,0.6929,0.58887,0.71461,0.96423,0.80497,0.51043,0.69383,0.49855,1.6901,0.74067,0.48469,0.43138,0.88621,1.0276,0.72139,0.45899,0.52732,0.53659,0.40348,0.55803,1.3773,1.0625,1.5101,0.80958,0.51579,0.31987,0.4433,0.565,0.42117,0.66761,0.62319,0.65285,0.63401,0.47988,0.81472,0.66528,0.69889,0.47173,0.42422,0.8466,0.56664,0.92313,0.55872,0.60876,0.75191,0.44871,0.68915,0.48281,0.7425,1.212,1.0582,0.98463,0.62238,0.61071,0.52494,0.71846,0.85686,0.75048,0.6153,0.49235,0.75962,0.76978,0.68047,0.73773,0.88933,0.45216,0.6219,0.56199,0.4647,0.7289,0.94247,0.53005,0.63852,0.55345,0.59803,0.24787,0.3481,0.43946,0.4672,0.72518,0.4955,0.5707,0.80185,0.87918,0.41423,0.34906,0.31964,0.44616,0.60758,1.4322,0.66405,0.36489,0.63665,0.30009,0.58525,0.52921,0.54839,0.66964,0.56244,0.59712,0.44909,0.74651,1.0406,0.46842,0.49281,0.83501,0.38725,0.66309,0.40146,0.80155,1.3777,0.60303,0.61741,1.0643,0.94517,0.51416,1.031,0.61182,1.2069,0.73561,1.0105,0.43209,1.1366,0.89183,0.70667,0.90482,0.49494,0.39798,0.6384,0.48433,0.51481,0.66971,0.63927,0.48303,0.9478,0.78206,0.60416,0.56492,0.49079,0.74363,0.95293,0.54698,0.74383,0.90815,0.88149,0.33901,0.42633,0.47285,0.37481,0.24001,0.48461,0.54666,0.45503,0.72861,0.7074,0.67415,0.83298,0.52761,0.73833,0.74116,1.4814,0.39619,0.57412,0.52864,0.52427,0.46359,1.132,1.1544,1.8566,0.8361,0.58635,0.58207,0.48231,0.81552,0.70259,0.37753,0.72984,0.51025,0.49167,0.35491,0.76584,0.36358,0.44729,0.34899,0.65747,0.79856,1.2129,0.76777,0.53858,0.74729,0.79467,1.0644,0.83474,0.68853,0.63316,0.41138,0.66473,0.51234,0.75809,0.43383,0.39451,0.47016,0.70675,0.83667,0.66488,0.36821,0.51195,0.95021,1.2034,0.52937,1.192,0.76407,0.78093,0.81634,0.40273,0.36258,0.47971,0.70259,0.8735,0.73463,0.68215,0.47603,0.64023,1.0919,1.0713,1.1296,0.4686,0.71491,0.85578,0.95299,0.5321,1.0426,0.53952,0.85731,0.72821,0.79659,0.56129,0.96604,0.57356,0.40436,0.70327,0.55171,0.50296,0.63255,1.5803,0.8852,1.1795,0.61868,0.84906,0.68166,0.34466,0.8677,0.73698,0.8414,0.47882,0.49992,0.89751,0.36406,0.48289,0.73633,0.41598,0.59144,0.66136,0.5011,0.36093,0.58077,0.55725,1.054,0.95653,0.66681,0.25187,0.28842,0.348,1.0157,1.0481,0.6756,0.63355,0.51563,0.71973,0.54727,0.83761,0.44574,0.14661,0.33853,0.54682,0.70279,0.47229,0.89499,0.75789,0.42349,0.43426,0.73087,0.25785,0.65002,0.98591,0.97654,0.71222,0.54793,1.0901,0.67439,0.38516,0.86179,0.6351,0.85842,0.43978,0.71865,0.59398,0.75705,2.4332,0.98107,0.69879,0.49175,0.63671,0.48526,0.39254,0.52732,1.0122,1.0094,0.82096,0.83254,1.142,0.60356,0.95944,0.97244,0.58777,0.68272,0.82002,0.36145,0.42429,0.84286,0.96875,1.183,0.45729,0.41016,0.52451,0.35884,0.56332,0.46908,0.5585,0.49298,0.8414,0.92299,0.45492,0.48607,1.1558,0.33766,0.71703,0.74208,0.42402,0.37457,0.32255,0.55414,0.6302,1.0712,0.58284,0.7505,0.44952,0.50386,0.57487,0.70404,0.98403,0.94365,0.71191,0.50283,0.8295,0.78366,0.532,0.34483,0.55991,0.86213,0.54907,0.91269,0.62563,0.44046,0.71056,0.83158,0.64113,0.93038,0.61068,1.1953,0.4965,0.77788,0.4248,0.54194,0.51323,0.94229,0.5242,0.65543,0.91033,1.1672,0.74208,0.41772,0.26783,0.90429,0.84868,0.54291,0.7774,0.47324,0.80415,0.42288,0.81897,0.65311,0.88188,1.0673,0.50012,0.42491,0.35825,0.78911,1.1599,0.72473,0.32369,0.48704,0.28571,0.34886,1.1793,0.46122,0.87145,0.7503,0.94731,0.81267,0.3755,0.44801,0.71893,0.5397,0.63168,1.4513,1.3454,0.62664,0.63157,0.93491,1.2375,0.52452,0.62163,0.58945,0.73131,0.90773,0.96139,0.73509,0.37324,1.006,0.40675,0.6181,1.1223,0.82733,0.4598,0.6663,0.89777,0.4895,0.47778,0.75454,0.60887,0.68938,0.67933,0.43902,0.48044,0.70238,0.75731,0.6915,0.79746,0.78213,0.71662,0.70475,0.37565,0.24621,0.66281,0.60426,1.181,0.66933,0.64713,0.73467,0.63087,0.71514,1.1646,0.83101,1.0037,0.82274,0.70956,0.47126,0.44526,0.35946,0.39854,0.34892,0.27741,0.51951,0.47352,0.58462,0.94738,0.43981,0.59317,1.2832,1.0308,0.59709,0.50537,0.53695,0.43177,0.42621,0.65442,0.60576,0.61547,1.0765,0.97253,0.77567,0.3723,0.47728,0.46656,0.45714,0.58381,0.28193,0.40888,0.32097,0.26536,0.50489,0.42569,0.51095,0.62653,0.61036,0.51759,0.74628,0.74256,0.37238,0.32429,0.46549,0.7239,0.59888,0.84051,0.26134,0.65704,0.66197,0.63848,0.49595,0.65067,0.94791,1.4715,0.40463,0.28574,0.45915,0.39454,0.39887,0.47935,0.43637,0.44537,0.39093,0.88324,0.61053,0.91602,0.61099,0.89066,0.7336,0.68677,0.26807,0.51703,0.50744,0.67896,0.48318,0.70227,0.45923,0.28564,0.5134,0.41965,0.54676,0.30447,0.26221,0.52939,0.3967,0.96366,0.53188,0.45853,0.79316,1.155,1.0518,0.63414,0.83304,0.90943,0.36634,0.54446,0.92674,0.536,0.39546,0.88779,0.2951,0.60862,0.69076,0.79439,0.44441,0.69572,0.72711,0.81713,0.61628,0.46543,0.56802,0.83581,0.93113,0.44495,0.87566,0.82541,0.80115,0.36691,0.69839,0.46076,0.63194,0.54779,0.26876,0.48741,0.85149,0.37465,0.59741,0.52438,1.0065,0.82473,0.57286,0.62225,0.84069,0.84171,0.448,0.64265,0.90593,0.40602,0.46547,0.76139,0.66468,0.23821,1.044,0.63589,0.78626,0.48823,0.55679,0.34986,0.46876,0.91494,1.5534,0.81398,0.34903,0.5856,0.31802,0.65008,0.50917,0.52012,0.3756,0.74392,1.1498,0.49914,0.61878,0.52119,1.1462,0.48287,0.3193,0.3133,0.57816,0.45341,0.57985,0.39428,0.34018,0.45125,0.36459,0.4452,0.43667,0.55982,0.95194,0.66366,0.28804,0.52001,0.88313,0.44337,0.65462,0.40955,0.45157,0.51625,0.54534,0.64029,0.56352,0.42298,1.0593,0.61518,0.61521,0.64808,0.52669,0.73415,0.50477,1.0471,0.52593,0.33829,0.46463,0.81835,0.38698,0.49771,0.35378,1.0458,0.94382,0.63346,0.69476,1.0758,1.2084,0.78513,0.6185,0.88801,0.45677,0.47373,0.51731,0.76418,0.44476,0.65069,0.53597,0.41969,0.71813,0.63842,0.62702,0.76477,0.67551,0.77874,0.68523,0.60469,0.8939,0.91311,0.45956,0.37589,0.54405,0.41027,0.90772,0.6061,0.39096,0.38973,0.66347,0.46753,0.39119,0.48109,0.72115,0.56029,0.63145,0.73475,0.85469,0.8949,0.52526,0.41074,0.56692,0.79386,0.35277,0.60142,0.54891,0.66466,0.52179,0.58629,0.58011,0.49525,0.49904,0.91824,0.80347,0.56666,0.56937,1.3311,0.74642,0.46829,0.75568,0.34212,0.3834,0.48367,0.48903,0.62241,0.37326,0.72672,0.42219,0.70934,0.54458,0.43314,0.33914,0.49537,0.23174,0.42569,0.44951,0.47049,0.98074,0.79598,0.96197,0.46135,0.87993,0.4833,0.65879,0.83841,0.61323,0.98643,0.80056,0.59646,0.44437,0.63462,0.72094,0.41977,0.60793,0.31344,0.45709,0.53118,0.69875,0.68964,0.64708,0.66902,0.84872,0.94162,0.61532,0.76113,0.47379,0.34684,0.83574,0.54813,0.66901,0.5734,0.58358,0.43941,0.4028,0.47657,0.91851,0.25946,0.28505,0.64081,0.51079,0.73791,1.0066,0.46358,0.36766,0.30802,0.58496,0.76659,0.76208,0.97078,1.2227,0.50518,0.63049,0.5058,0.85436,0.46113,0.38265,0.56881,0.52559,0.60335,1.0948,0.62222,0.37975,0.46026,0.62721,0.66781,0.23341,0.4964,0.78051,0.91288,0.31007,0.45282,0.42326,0.68225,0.78812,0.47773,1.0501,0.68735,0.66417,1.0981,0.6456,0.60992,0.61038,0.89797,0.35786,0.56943,0.90735,0.35706,0.4871,0.40491,0.38314,0.4694,0.82733,0.75295,0.87229,0.72918,0.71275,1.0682,0.39565,0.3594,0.98257,0.61761,0.35804,0.56695,0.67685,0.45034,0.64094,0.37101,0.65471,1.1187,1.078,0.72549,1.6973,1.1422,1.024,0.7484,0.70552,0.54658,0.46531,0.66307,0.37069,0.26608,0.46944,0.86465,0.75066,0.58852,0.83877,0.74118,1.3071,0.68762,0.29015,0.56438,0.67104,0.62489,0.37576,0.61469,0.92054,0.6746,0.9486,0.6666,0.51848,0.32067,0.88338,1.0784,0.54976,0.67465,0.94353,0.49512,0.55733,0.69077,0.7218,0.50659,0.57374,0.85258,0.83192,0.67858,0.48814,0.89602,0.53446,0.84778,0.49147,0.51679,0.95941,0.73048,0.7053,0.65044,0.73302,1.2492,0.73741,0.29327,0.41332,0.7868,0.76244,1.1152,0.87381,0.44612,0.63352,0.88999,0.8614,0.51885,0.33146,0.36072,0.59616,0.28892,0.49894,0.76067,1.2056,0.46445,0.66337,0.70995,0.55619,0.94836,0.78175,0.34272,0.38582,0.48084,0.58137,0.70624,0.70194,0.83027,0.5675,0.54519,0.49605,0.84391,0.97475,0.66883,0.87071,0.82379,0.85379,0.93719,0.59115,1.0428,0.84731,0.40233,0.58692,0.74324,0.24949,0.70997,0.90104,0.38383,0.29556,0.52754,0.66282,0.65643,0.51853,1.1175,0.78625,0.45742,0.66397,0.56474,0.63608,0.32387,0.52081,0.33807,0.45361,0.43219,0.8354,0.57208,0.35957,0.68855,0.44266,0.90292,0.65553,0.62901,0.68493,0.42028,0.46857,0.45375,1.2221,0.97709,0.41613,1.2183,0.91478,1.2824,0.52047,0.34944,0.63262,1.3827,0.33451,0.73697,1.0826,0.57612,0.63253,0.41624,0.38964,0.40974,0.77071,0.68034,1.0135,0.47692,0.94601,0.73958,0.55917,0.56147,0.93989,0.35888,0.76188,0.46069,0.88647,0.7373,0.54155,0.64088,0.40238,0.38046,0.84675,0.50852,0.77292,1.1742,0.41735,0.70256,0.96799,1.2646,1.7035,0.34281,0.61138,0.53208,0.8442,0.93902,0.64073,0.58964,1.3476,0.51585,0.68393,0.4621,0.31081,0.35963,0.34379,0.26937,0.5279,0.16005,0.6156,1.479,0.88167,0.90093,0.76138,0.82034,1.0596,0.89213,0.92099,0.45727,1.1193,0.52508,1.0808,0.62698,0.52894,0.95864,0.72211,0.45309,0.32232,0.45532,0.50812,0.44874,0.98542,0.3897,0.63645,0.70643,1.9523,0.91481,1.0093,0.93034,0.73895,0.90058,0.63607,0.58991,0.32349,0.71352,0.81129,1.0782,0.50696,0.94527,0.63276,0.53081,0.82043,0.91244,0.56814,0.48866,0.45262,0.56843,0.48451,0.76179,0.49419,0.65478,0.59494,0.52977,0.83261,0.72401,0.59192,0.78011,0.77884,0.42414,0.75175,0.34555,0.69731,0.5596,0.4751,0.64963,0.54144,0.35449,0.47217,0.6858,1.1415,0.69364,0.95928,0.6412,0.89189,0.52362,1.3649,0.24487,0.58035,0.43343,0.48069,0.37809,0.4177,0.68818,0.42999,0.5448,0.93182,0.39763,0.82757,0.45754,0.97008,0.6464,1.0294,0.48617,0.73241,0.77596,1.0636,0.58303,0.54928,1.2138,0.822,0.35713,0.61141,0.93622,0.62512,0.58601,0.56586,0.44545,0.74205,0.37107,0.40129,0.61144,0.30012,0.2642,0.41737,0.37061,0.89093,0.44427,0.39823,0.49064,0.6853,0.63661,1.0421,1.3118,0.74937,0.91197,0.39235,0.3632,0.63587,0.44522,0.9026,1.3518,0.52458,0.38015,0.46474,0.75399,0.71537,0.40531,0.71643,0.77542,0.24252,0.43247,0.98301,0.74448,0.52405,0.66047,0.36988,1.0098,1.0074,0.39471,1.4078,0.98925,0.74587,0.73737,0.72974,0.39897,0.60652,0.39199,0.54624,0.35837,0.44797,0.62275,0.57074,0.30862,0.42851,0.50883,0.69573,0.76783,0.37919,0.47724,0.37958,0.96605,0.6283,0.683,0.4702,0.32018,0.25546,0.50493,0.46447,0.56315,0.68602,0.73913,0.32164,0.68853,0.58541,0.60114,1.1969,0.66803,0.83646,0.81511,0.75597,0.57544,0.44795,0.59632,0.54361,0.65935,0.36795,0.67531,0.54796,0.93138,0.39803,0.58844,1.0705,1.4547,0.89629,1.0298,0.81499,0.5565,0.88339,1.1043,0.70781,0.65031,0.83891,0.40347,0.87413,0.54713,0.68126,0.44334,0.38235,0.66459,0.77529,0.71219,0.55228,0.9906,0.50566,0.32178,0.47972,0.97105,0.53434,0.60698,0.66363,0.50658,0.48564,0.35566,0.48941,0.75504,0.6986,0.54961,0.48057,0.45898,0.39486,0.52994,0.75035,0.50266,0.48452,0.4573,0.71539,0.46133,0.64387,0.83491,0.71975,0.55638,0.80256,0.82467,0.45597,0.93035,1.2265,0.67045,0.66632,0.45638,0.72826,0.22893,0.61531,0.61438,0.69706,0.71071,0.50068,0.49817,0.81392,1.0677,0.47098,0.52581,1.0315,0.28764,0.30354,0.6365,0.6702,0.98509,0.30238,0.4133,0.42628,0.44662,0.6311,0.82938,1.1774,1.365,0.59605,0.83812,0.61395,0.30276,0.36747,0.60913,0.59243,0.37209,0.55965,0.4512,0.66413,0.56575,0.51273,0.65634,0.85922,0.37017,0.85679,1.2766,0.97947,1.1089,1.0311,0.94739,0.93415,0.41648,0.98915,0.59077,0.85848,0.56202,0.30507,0.63917,0.79261,0.66335,0.80455,0.3558,0.29112,0.49676,0.65153,0.66256,0.72736,0.55767,0.87667,0.81391,0.53956,0.38861,0.58273,0.69537,0.38169,0.38088,0.80043,0.44824,0.51955,0.51172,0.33201,0.48138,0.4798,0.9247,0.72912,0.65328,0.40621,0.59519,0.65314,0.51844,0.60176,0.56135,0.82187,0.65596,1.135,0.7994,0.44455,0.61302,0.67598,0.68355,0.77652,0.9297,0.88781,0.43748,0.68936,0.36476,0.58153,0.45394,0.77276,0.37742,0.48385,0.62304,0.56216,0.89904,1.2165,1.2611,0.52611,0.66793,0.67056,0.31208,0.84578,0.82487,0.89832,0.62171,0.40535,0.39781,0.59265,0.92361,0.53684,0.6662,0.74721,0.26744,1.4563,0.73739,0.22579,0.17749,0.72416,0.52069,0.87448,0.40341,1.0764,0.96657,0.57106,0.47761,0.73977,0.64581,0.72073,0.65029,0.42077,1.0079,0.69858,0.44434,0.58626,1.2034,0.86915,0.8218,2.1312,0.97761,0.71586,1.0397,0.35892,0.43665,0.2795,0.82998,0.90344,0.90113,1.0204,0.68636,0.51107,0.68878,0.50711,0.35555,0.52827,0.80597,0.46181,0.94969,0.74185,0.87691,0.44672,0.42792,0.45707,0.55552,0.56125,0.82297,0.38237,1.217,0.55854,0.61352,0.64575,0.80141,0.6772,0.53211,0.73152,0.78049,0.84633,0.61779,0.50792,0.67256,0.52062,1.0588,0.80059,0.55325,0.88278,1.1618,1.0517,0.43583,0.87327,0.68898,0.7993,0.8124,0.44752,0.4161,0.25791,0.48455,0.66123,1.0685,0.83431,1.3305,0.28574,0.41148,0.42023,0.59404,1.0748,0.95274,1.0275,1.1542,0.55726,0.68271,0.74746,0.47266,0.78149,0.85261,0.73059,0.6271,0.6378,1.125,0.46166,0.44453,0.37465,0.42469,0.59241,0.65061,0.75838,0.8219,0.97609,0.88534,0.54864,0.65153,0.28805,0.32757,0.47466,0.37585,0.81273,0.53772,1.1555,0.83408,0.66237,0.90657,1.0126,0.80123,1.1577,3.0628,0.88058,0.58625,0.37587,0.9094,0.66142,0.35463,0.48758,0.27489,0.77103,0.5278,0.54397,1.0079,0.78691,0.4418,0.40337,0.3746,0.6308,0.64205,0.47026,0.39197,1.012,0.68881,0.47398,0.91894,0.7929,0.80518,0.71794,0.7294,0.72211,0.52611,0.3528,0.28054,0.25252,0.55542,0.48739,0.64378,0.55012,0.36334,0.31167,0.5393,0.33519,0.53183,1.3407,0.89129,0.37498,0.23887,0.94644,0.5534,0.86364,1.0936,0.61942,0.52217,0.50327,0.49689,0.32327,0.56643,0.46082,0.59822,0.54352,0.48545,0.59549,0.44524,0.4334,0.57134,0.48689,0.445,0.36978,0.57244,0.37643,0.90741,0.49848,0.31488,0.65447,0.65748,0.39549,1.3773,0.84397,0.5082,0.4758,0.52495,0.37264,0.58539,0.54961,0.53552,0.36032,0.53179,0.51421,0.6037,0.75641,0.56231,1.1512,1.1886,0.74421,0.5082,0.65747,0.3931,0.8876,0.61992,0.89826,1.6491,0.85327,0.94584,0.60466,0.80713,0.7629,0.44428,0.35913,1.1346,0.64254,0.39884,0.50734,0.23648,1.1674,0.83264,0.73552,0.47388,0.53626,0.73711,0.34673,0.67347,0.66906,0.33638,0.66042,0.46375,0.6068,0.72973,0.69912,0.65162,0.66828,0.79103,0.63112,0.549,0.56731,0.7869,0.47835,0.56536,0.48648,0.84236,0.7001,0.41248,0.71734,0.96134,0.52574,0.78472,0.87104,0.5485,0.70259,0.44665,0.52962,0.68712,0.44697,1.4021,0.57551,0.70764,0.83694,0.90407,1.2199,0.31409,0.35389,0.3298,0.42274,0.74085,0.68646,0.38191,0.64088,0.51299,0.39563,0.8686,1.1128,0.93576,0.66387,1.2152,0.50974,0.50895,0.86249,0.92011,0.6859,0.92409,0.63297,0.76488,0.70286,0.86847,1.2689,1.1949,0.55684,0.99764,1.0476,0.9759,0.58073,0.34148,0.55076,1.1657,0.41184,0.56736,0.46635,0.41577,0.74678,0.75081,0.40994,0.39906,0.60959,0.98371,0.25719,0.67213,0.74726,1.0359,0.89747,1.0382,0.57509,0.50921,0.99809,0.96251,1.1654,0.37805,0.58125,0.92554,0.75845,0.40019,0.99043,1.0411,0.81509,0.99547,0.75382,0.68305,0.6964,0.60756,0.66554,0.50456,0.4588,0.67224,0.81302,0.75897,0.41267,1.1281,0.92107,0.79278,0.66313,0.50617,0.45114,0.5484,0.58898,0.34558,0.7612,0.3999,0.65335,0.60623,0.52469,0.52286,0.73821,0.7423,0.41849,0.50929,0.46373,0.3393,0.77773,0.33802,0.7152,0.4585,0.77156,0.72075,1.1708,0.55688,1.4353,1.7967,0.38944,0.23745,0.52513,1.0023,1.1026,0.77911,0.68939,0.76995,0.36794,0.28569,0.81108,1.3839,0.43701,0.36118,0.56773,0.5012,0.5191,0.26619,0.8876,0.58764,0.88633,0.55218,0.52336,0.43832,0.77192,0.80061,0.39471,0.38599,0.30232,0.66914,0.24264,0.29707,0.60977,0.42905,0.72644,0.3012,0.60616,0.38562,0.53776,1.1806,0.78686,0.44333,0.49042
1.1247,0.51575,0.86611,0.58036,0.78776,1.1031,0.8692,0.36802,0.4187,0.97098,0.99328,0.8838,0.42787,0.92464,0.66921,0.77521,0.14339,0.73846,0.39277,0.56338,0.58905,0.8542,0.57324,0.82572,0.40003,0.42878,0.6067,0.45988,0.80257,0.66501,0.70035,0.59846,0.88229,0.32541,0.36709,0.56561,0.48745,0.67828,0.54183,0.60893,0.46077,0.56156,0.2627,0.52701,0.50085,0.41609,0.21757,0.79489,0.65761,0.61334,0.8843,0.45318,0.45128,0.53829,0.40911,0.5177,0.62717,0.62693,0.47805,0.61304,0.78937,0.67038,1.2582,0.37559,0.46273,0.76816,0.15961,0.40982,0.84328,0.48475,1.3011,0.96665,0.96126,0.58435,0.29315,0.43946,0.5995,0.44316,0.52312,0.42112,0.27474,0.89981,0.46162,0.25547,0.67837,0.60666,0.54253,0.64315,0.62294,0.41162,1.0945,0.38126,0.3467,0.72385,0.55884,0.6108,0.45108,0.41794,0.43432,0.55223,0.85684,0.52526,0.30519,0.3164,0.64994,0.29443,0.56143,0.65367,0.31741,0.55648,0.7491,0.95124,1.071,0.5755,0.31411,0.55957,0.99791,0.25776,0.63253,0.46461,0.32035,0.39925,0.60682,1.3328,0.51013,1.087,0.57667,0.78167,0.57362,0.5145,0.41883,0.85818,0.80979,0.64287,0.37506,0.71833,0.65936,0.78697,0.83904,0.52808,0.77408,1.0925,0.60014,0.44908,0.86421,0.75721,0.69816,0.36941,0.47878,1.0222,0.83363,0.49387,0.41078,0.54546,0.4507,0.27704,0.63128,0.5578,0.81015,0.8884,0.77799,0.63715,1.2374,0.55432,0.44205,0.86743,0.64693,0.39355,0.62071,0.35212,0.34588,0.72955,0.69827,0.62048,0.49224,1.2676,0.50742,0.87742,0.61197,0.43326,0.30587,0.71127,0.66943,0.58833,0.521,0.3743,0.82141,0.72287,0.50506,0.68734,0.84001,0.79235,0.96674,0.51673,0.30004,0.40858,0.54483,1.0289,1.0346,1.0344,1.1086,0.64635,0.5867,0.5022,0.83868,0.65011,0.39999,0.95555,0.81937,0.74722,1.4874,0.496,0.40651,0.45013,0.55211,0.95346,0.66681,0.39277,0.74748,0.51096,1.3297,0.64751,0.52026,0.22125,0.45901,0.7167,0.73392,0.38694,0.50315,0.50357,0.49918,0.70348,0.36343,0.72429,0.41114,0.46384,0.81591,0.67703,0.49959,0.92774,0.51916,0.53774,0.79333,1.2718,0.71893,0.42528,1.1553,0.69149,1.0222,0.80298,4.9928,0.9412,1.136,0.90707,0.74083,0.60075,0.69752,0.60336,0.72853,1.0004,0.62594,0.56123,0.33127,0.51914,0.5107,0.42237,0.68277,0.63299,0.66373,0.72043,0.75491,0.7359,0.53095,1.0455,0.74876,1.0094,0.4095,0.32774,0.56323,0.51444,0.68913,0.61399,0.63444,0.70704,0.68919,0.92764,1.0801,1.2117,0.56,0.69457,0.68407,0.84488,0.83669,0.4158,0.64938,0.4948,0.53849,1.0756,0.71694,4.8964,1.8852,0.39893,0.5099,0.53376,1.1536,0.72417,1.3014,0.44463,0.49557,0.71927,0.53816,0.50335,0.41725,0.65521,0.41187,0.65713,0.75042,0.64192,0.78933,0.74109,0.80929,0.89567,0.42169,0.39745,0.73765,0.51292,0.83408,1.001,0.35802,0.21886,0.56236,0.5856,0.41216,0.78043,1.0034,0.74993,0.47882,0.59509,0.45864,0.51277,0.52941,0.5711,0.7058,0.559,0.54453,0.58281,0.57093,0.49543,0.4644,3.4762,0.55315,0.59294,1.0252,0.6876,0.39621,0.72989,1.0011,0.25172,0.88786,0.269,0.42217,0.80914,0.54958,0.47525,0.59198,0.66572,0.96224,0.53514,0.91742,1.0239,0.52707,0.60498,0.52051,0.42035,0.87492,1.0916,0.7444,0.53591,1.0917,0.94669,1.0711,0.46363,0.4531,0.45985,0.53541,0.30348,0.53326,0.73802,0.36809,0.42385,0.23287,0.6085,0.51642,0.39082,0.4945,0.62738,0.6141,0.96679,0.82175,0.68492,0.36645,0.67895,0.72096,0.44221,0.8173,0.44134,0.4632,0.74443,1.5668,0.98318,0.83486,1.0683,0.36087,0.80741,0.69628,1.1829,0.61046,0.48229,0.94529,1.6184,0.39778,0.23143,0.51458,0.95268,0.3074,0.67453,0.70457,0.98635,0.94615,0.87056,0.14349,0.29397,1.3867,0.44151,0.26104,0.39953,1.2179,0.69227,0.60355,0.24601,1.4866,0.27485,0.45384,0.32592,0.5959,0.52419,1.2867,0.56711,0.30506,0.61619,0.74542,0.45441,0.58099,0.32451,0.29726,0.31906,0.64345,1.5191,1.1477,1.5505,0.92921,0.49101,1.0646,0.76695,0.53681,0.57707,0.73465,0.42604,0.65249,0.49391,0.50494,1.0747,0.53133,0.49051,0.30652,0.19452,0.54256,0.345,0.72131,0.65075,0.7679,0.70113,0.6116,0.572,0.683,1.4688,1.1726,0.66253,0.7665,0.6578,0.45196,0.61349,0.74447,0.51793,0.84763,0.97137,0.7134,0.58672,0.68138,0.45889,0.37818,0.39075,0.34368,0.57168,0.46391,0.81294,0.81397,0.58642,0.4567,0.44722,0.57297,0.74185,0.6021,0.75821,0.42693,1.0385,0.84571,0.50441,0.65031,1.3483,0.68855,0.41081,0.67797,0.56445,0.67467,0.97379,0.69882,0.90835,0.88439,1.2732,0.30865,0.32289,0.85614,1.0364,0.46616,0.36207,0.48247,0.67806,0.61534,0.37716,0.51575,0.42299,0.52998,0.74964,0.9667,0.49203,0.49115,0.61091,1.0202,0.73414,0.74832,0.52642,0.6813,0.59669,0.47314,0.40218,0.28492,0.61094,1.0591,0.70252,0.86484,0.89005,1.0323,0.71849,0.53347,0.40075,0.58044,0.49514,0.63025,0.4831,0.50799,0.80109,0.58011,0.65844,0.83354,0.41839,0.6009,0.5961,0.50368,0.59846,0.7762,0.2501,0.90408,0.62132,0.49249,0.65484,0.54176,0.79664,0.84201,0.96523,0.46478,0.76112,1.1377,0.82035,1.3704,0.94302,0.71223,0.67141,1.4707,1.2399,0.68132,0.67893,0.60522,0.90426,0.68501,0.7037,0.56332,0.22187,0.53946,0.53255,0.29037,0.45811,0.97105,1.6597,1.5038,0.84755,0.53923,0.38864,0.74619,0.84852,0.3923,0.61612,0.83214,0.55082,0.8604,0.38827,0.83628,0.75253,0.48824,0.52022,0.65374,0.76291,0.56227,0.81217,0.55078,0.46933,0.47064,0.79256,0.40475,0.59003,0.80477,1.1702,0.87495,0.95163,0.80059,0.67252,0.87633,1.2938,1.2958,0.93066,0.41077,0.52655,0.54896,0.65514,0.71982,0.73491,0.47972,0.54172,0.48722,0.45462,0.34508,0.80714,0.91322,0.4703,0.46964,0.53233,0.57153,0.68747,0.50781,0.34995,0.62387,0.63218,0.69109,0.75484,0.62687,0.45,0.2452,0.33209,0.85797,0.56215,0.4926,0.73862,0.7339,1.1911,1.2294,0.56387,1.173,1.0044,0.64658,0.35431,0.57059,0.63167,0.39555,0.55774,0.70831,0.97642,0.54789,0.92805,0.37903,0.53184,0.48311,0.53152,0.66695,1.1551,0.51607,0.83895,0.65192,0.46341,0.83724,0.73676,0.38264,0.80636,0.56088,0.43654,0.73469,0.61552,0.71897,0.54509,0.71273,0.63566,0.70452,0.74157,0.49667,0.37556,0.43945,0.57459,0.64496,0.56343,0.50446,0.78334,0.61852,0.80506,0.58181,1.0607,0.53761,0.95183,1.256,0.58271,0.9047,0.95856,0.64208,0.57703,1.1089,0.50001,1.2498,0.66728,0.67346,0.71644,0.68959,1.167,0.80959,0.65558,1.4802,1.0256,0.3141,0.68034,0.59931,0.62311,0.79234,0.54057,0.6276,0.82245,0.76537,0.34764,0.5111,0.54987,0.90208,0.7891,0.6972,0.67819,0.74725,0.33203,0.85101,0.37998,0.29849,0.85745,0.61391,0.74583,0.85017,0.50769,0.63028,0.70418,0.429,0.90264,0.48815,0.85547,0.32226,0.2704,0.35047,0.40255,0.44125,0.81479,0.81154,0.45331,0.44713,1.0972,0.54564,0.69762,0.53387,0.81283,1.0481,0.38909,0.84955,0.78943,0.72213,1.1494,0.46484,0.37684,0.48721,0.52616,0.53008,0.39755,0.53393,0.59105,0.68903,0.68862,0.70201,0.80508,0.69313,0.53774,0.70349,0.86936,0.56021,0.78425,0.5821,0.422,0.65824,0.78688,0.13598,0.40983,0.35673,1.0167,0.32243,0.35661,0.74399,0.65405,0.41833,1.2053,0.57545,0.25664,1.3198,0.5484,1.3314,0.23046,0.5985,0.47472,0.31984,0.42701,0.49426,0.88884,0.79366,0.59559,0.6869,0.42225,0.71817,1.0437,0.75409,0.40383,0.83768,0.67538,0.47307,0.46999,0.32902,0.27074,0.51582,0.64732,0.5843,0.83894,0.95789,0.93649,0.71761,0.69342,0.82128,0.46241,0.64144,0.75071,0.56429,0.48419,0.63231,0.48186,0.5365,0.68774,0.64604,0.61971,0.45695,0.77173,0.37143,0.9187,0.51983,0.93856,1.2241,0.84706,0.50775,0.31507,0.54743,0.53937,0.68644,0.62671,0.58775,0.61573,0.55881,0.46029,0.53853,0.4824,0.37014,0.52623,0.44899,0.7409,1.0218,0.74236,0.38966,0.64484,0.89514,0.67461,0.39678,0.77638,0.60551,0.54919,0.5299,0.95195,0.9104,0.7982,1.0394,0.46521,0.30725,0.54768,0.70043,0.63925,0.70281,0.6417,0.58957,0.66409,0.93259,0.70905,0.22292,0.31685,0.45417,0.42471,0.75258,0.42216,0.51151,0.64376,0.68343,0.34415,0.80577,0.75118,1.0084,1.0696,0.75798,0.36857,0.61618,0.5816,0.57912,0.78486,0.33857,0.32308,0.38255,0.9551,0.30634,0.40195,0.33695,0.73236,0.71765,0.56098,0.43633,0.47001,0.33071,0.47411,0.75335,0.78325,0.3283,0.62023,0.4924,0.71898,0.5946,1.0913,0.84941,0.63968,0.67492,0.78801,0.31671,0.87195,0.8151,0.69593,0.5322,0.53513,1.1439,0.69589,1.4434,0.91329,0.21637,1.0092,0.20447,0.70427,0.92258,0.44446,0.75016,0.60286,0.47332,0.37995,0.59521,0.99631,1.132,0.59593,0.31467,0.33408,0.49049,0.88781,0.36333,0.416,0.58989,0.3626,0.37369,0.63961,0.5974,0.83101,0.96732,0.55996,0.59011,0.75035,0.71355,0.67195,0.34301,0.87102,0.89879,0.67533,0.36349,0.68109,0.886,0.69069,0.81202,0.58377,0.70275,0.74151,0.81307,0.47494,0.95819,0.64096,1.1034,0.61715,0.69962,0.39353,0.50753,0.45471,0.48951,0.61592,0.47031,0.96424,1.2119,0.27797,0.34186,0.38039,0.67618,0.81714,0.5943,0.33036,0.5049,0.71583,1.0667,0.81731,0.61233,0.47429,0.91126,0.62177,0.78202,0.68722,1.2446,0.94506,0.50804,0.34537,0.80066,0.9303,0.53934,0.35952,0.35673,0.43019,0.75863,0.64735,0.58721,0.41074,1.1084,0.97115,0.58169,0.72826,0.36973,0.57418,0.59995,0.79131,0.5734,0.73038,0.42045,0.91838,0.61846,0.30259,0.72311,0.86125,0.59093,0.67973,0.78086,0.78489,0.41075,0.7215,0.74995,0.65341,0.78527,0.38737,1.0253,0.55617,0.58038,0.58463,0.57377,0.38297,0.37671,0.43579,0.46913,0.65405,0.94792,0.929,0.47444,0.85453,0.89036,0.30969,0.94644,0.84036,0.64989,0.4481,0.50735,0.50221,0.60974,0.59022,0.699,0.45782,0.38515,0.18623,0.79968,0.66134,0.75286,0.75857,0.94117,0.94636,0.77493,0.61989,0.65506,0.56559,0.66301,0.66061,0.57113,1.0918,0.48695,0.55544,0.7493,0.6365,0.4347,0.31033,0.42456,0.70929,0.49439,1.0108,0.80569,0.72523,0.64464,1.0267,0.32741,0.71534,0.39582,0.54043,0.7679,0.48866,0.69212,0.69323,0.5389,0.85871,1.667,0.39919,0.51448,0.41601,0.66991,0.61721,0.43474,0.68781,0.73205,0.60325,1.0436,0.74348,1.1292,0.57203,0.46131,0.37696,1.0658,0.75969,0.96244,1.0783,0.75571,0.40908,0.51358,0.7665,0.64881,0.67879,0.94809,1.1392,0.46848,0.66058,0.56945,0.47444,0.59383,0.78979,0.53477,1.4941,0.47208,0.4911,0.32602,0.68289,0.98948,0.5138,0.91969,0.6396,0.81753,0.2871,0.38163,0.6156,0.64165,0.52007,1.2575,0.56599,0.19319,0.49926,0.70856,0.95921,0.75395,1.1599,0.90466,0.8447,0.57412,0.96352,0.61151,0.66576,0.29752,0.63148,0.89163,0.74347,0.55357,1.0991,0.72386,0.43155,0.82373,1.0245,1.1218,0.59766,0.61239,0.38349,0.78489,0.44115,0.46659,0.44896,0.64546,0.48007,0.76932,0.64831,1.2132,0.48506,0.53888,0.62121,0.42894,0.84499,0.56151,0.82816,0.43246,0.45774,0.62517,1.125,0.9489,0.6081,0.69868,0.94464,0.33398,0.32639,0.90996,0.77642,0.45181,0.51782,1.3098,0.7702,1.0499,1.2731,0.73614,0.89486,0.98388,0.50439,0.47311,0.73861,1.0624,0.52762,0.6561,0.5431,0.57917,0.64971,0.6303,0.53591,0.71585,0.63558,0.85713,0.51795,0.55995,0.46902,0.59898,0.68168,0.65414,0.36419,0.40319,0.95718,0.57592,0.65026,0.45344,0.66927,0.53437,0.73626,0.85033,1.3278,0.74028,0.7029,0.92106,1.0337,0.67373,0.78629,0.97894,0.86854,0.55848,0.64678,0.50027,0.48764,0.63881,0.54829,0.72027,1.5326,0.61652,0.47872,0.67807,0.78282,0.50596,0.57308,0.58543,1.0407,0.69683,0.71873,0.39764,0.46811,0.38491,0.66496,0.56498,1.2043,0.53974,0.6465,0.26549,0.76797,0.39373,0.71927,0.77324,0.61184,0.34505,0.697,0.55159,0.44433,0.78482,0.41607,0.45576,0.40413,0.77251,0.55647,1.408,1.2419,0.46057,0.75195,0.87618,1.3585,1.2647,0.64482,0.33224,0.5672,0.64077,0.62102,0.27655,0.83318,0.76116,0.85205,0.94773,0.4017,0.4183,0.51444,0.93469,0.59249,0.42648,0.34343,0.85541,0.59503,0.54304,0.46634,0.65969,1.2533,0.67693,0.52434,0.6976,0.38769,0.40625,0.35228,0.40729,0.4779,0.41704,0.26362,1.1167,0.56707,0.67659,0.55846,0.59501,0.37395,0.50183,0.7012,0.60801,0.93233,0.53386,0.42595,0.83714,0.56654,0.75365,0.73163,0.75661,0.25299,0.31434,0.91993,1.4647,0.82992,0.89073,0.64531,0.79486,0.46174,0.43363,0.42103,0.59024,0.66664,0.78874,1.3625,0.69775,1.0146,0.7672,0.53043,0.62675,0.45495,0.54782,0.29536,0.8464,0.54288,0.59722,0.48146,0.59842,0.91363,0.71642,0.83523,0.70646,0.6138,0.64992,0.9468,0.5499,0.71186,0.4509,0.50579,1.0553,0.78372,1.0518,0.33227,0.47972,0.65445,1.0747,0.78156,0.74173,0.52732,0.43013,0.70684,0.99137,0.5226,0.78082,0.70885,0.86332,0.47608,0.44143,0.16015,0.44098,0.76324,0.78666,0.901,0.55523,0.671,0.79932,1.1464,0.52269,0.33302,0.64577,1.0601,0.45167,0.67122,0.33621,0.51279,0.37854,0.76532,0.54572,0.59686,0.45955,0.90986,0.6222,0.50226,0.64892,0.59986,0.81502,0.58349,0.67342,0.39424,0.65573,1.0327,0.70125,0.86967,0.77222,0.54719,0.78122,0.77881,0.70666,0.37928,0.97301,0.4891,0.78016,0.4426,0.52966,0.51442,0.90396,0.45052,0.65943,0.39196,0.70743,0.3373,0.43163,0.4892,0.33686,0.42483,0.50145,0.74638,0.84739,1.4106,0.54109,0.18888,0.27814,0.44661,0.99831,0.84123,0.56255,1.0333,0.59302,1.2657,0.74699,0.54965,0.41967,0.7036,1.0117,0.68331,0.45887,0.3772,0.87303,0.37367,0.56011,0.47644,0.66762,0.58875,0.71521,0.86145,1.0121,0.96467,0.58191,0.62628,0.4783,0.67954,0.41551,0.37855,0.66568,0.43931,0.83052,0.64968,0.4059,0.37749,0.35487,0.42023,0.39843,0.75093,0.37,0.57396,0.75079,0.93973,0.37958,0.75696,0.48468,0.86301,0.4939,0.59318,0.67749,0.34003,0.74611,0.43017,0.65045,0.8912,0.92046,0.37902,0.71603,0.80885,0.65157,0.99247,0.5449,0.83002,0.89657,0.41204,0.68459,1.1262,0.61867,0.49596,0.67222,0.66611,0.59769,0.46643,0.58563,0.3691,0.22333,0.46252,0.85294,0.50283,0.83891,0.40527,0.43558,0.33499,0.65894,0.38483,0.42152,0.7544,0.54142,0.63199,0.70721,0.27162,0.63543,0.51172,0.75553,0.34176,0.53406,0.80719,0.83903,0.5001,1.3238,0.68249,0.26365,0.38472,1.0404,0.79513,0.68374,0.61456,1.2776,0.33221,0.25532,0.5806,0.90433,1.4741,0.98937,0.52234,0.72142,0.49454,1.1149,0.25818,0.91577,0.51881,0.61009,1.0762,0.27058,0.53746,0.5923,0.44784,0.48784,1.0357,0.55657,0.53972,0.63779,0.42505,0.68533,0.47779,0.54527,0.63995,0.79207,0.26097,0.42115,0.51826,0.71639,0.71018,0.70604,0.53153,0.32506,0.90378,0.51456,1.2445,0.55793,0.83686,0.59241,0.79936,0.77492,1.1898,1.2066,1.1321,1.3302,0.53567,0.49298,0.64379,0.94482,0.64869,0.63051,0.50411,0.46047,0.34249,0.84304,0.47078,0.67412,1.2134,0.50769,0.83352,1.0286,0.39245,0.53721,0.39392,0.39393,0.65689,0.75773,0.79302,0.75326,0.70902,0.47827,0.31338,1.1453,0.50953,0.66916,0.43396,0.72805,0.54115,0.36109,0.2921,0.42037,0.77649,0.35167,0.63275,1.4251,0.74989,0.83191,0.93391,0.39175,0.55982,0.49037,0.5691,0.3996,1.1402,0.80441,0.62717,0.37345,0.70752,0.70566,0.721,0.47469,1.1273,1.0767,0.96815,0.90079,0.75894,0.74559,0.51918,0.43411,0.70712,1.5865,0.6282,0.56249,0.39094,0.85071,1.3832,1.162,0.75685,0.95977,0.59919,0.61557,0.33366,0.42431,0.38529,0.91518,0.61918,0.53488,0.60275,0.46749,1.2074,1.0637,0.31934,0.43728,0.61347,0.6616,0.52269,0.59932,1.0701,0.81406,0.88626,1.189,0.64849,0.36125,0.51483,0.65603,0.6765,0.84868,0.23995,0.71171,0.75588,0.61834,0.67771,0.91713,0.65953,0.5836,0.43126,0.59229,0.67381,0.5457,0.50753,1.2759,0.60339,1.1514,1.4365,0.50707,0.81593,0.68521,0.57099,0.45238,0.31832,0.46706,0.67893,0.6628,0.49416,0.39589,0.60985,0.8176,0.78,0.43424,0.19966,0.90339,0.44096,0.35156,0.50952,0.38997,0.31949,0.28085,0.49081,0.74231,0.83115,0.51969,0.44241,0.42749,0.65443,0.82336,0.4202,0.67183,0.50638,0.41454,0.89554,1.3393,0.42923,0.35367,0.44393,0.43021,0.54991,0.80133,0.53245,0.38011,0.97707,0.7527,0.65143,0.95837,0.94746,0.75647,0.57786,0.55465,0.81616,0.49892,0.49983,0.62218,0.5999,0.54101,0.71724,0.93485,0.56882,1.3121,1.312,0.51056,0.47766,0.41848,0.91268,0.76286,0.65444,0.61533,0.97588,0.60347,0.50801,1.4121,0.50367,0.59434,0.36733,0.60204,0.73375,0.57243,0.44433,0.75065,0.38453,0.61182,0.704,1.162,0.69197,0.44879,0.47091,0.65656,0.54178,0.72232,0.86379,0.64084,0.65883,0.70125,0.57917,1.2334,1.1571,0.55498,0.65668,0.45796,1.0153,0.75025,1.0877,0.41815,0.55249,0.57718,0.31534,0.45654,0.71153,0.83581,0.32901,0.30442,0.47288,0.97134,0.47167,0.78851,0.50527,0.38297,0.66668,0.61989,0.72768,1.195,0.70769,0.44707,0.66376,0.49666,0.41518,0.6257,1.564,0.56258,0.72841,0.49302,0.92593,0.65926,0.3013,0.35265,0.81334,1.2672,1.2385,0.52547,0.92983,0.68705,0.62063,0.46219,0.29653,0.4687,0.74444,0.8396,0.83053,0.57143,0.69371,0.47757,0.7099,0.45234,0.35244,0.88175,0.91746,0.56783,0.65596,0.33344,0.38826,0.56288,0.40994,0.14292,0.72899,0.94141,0.7221,0.71929,1.3799,0.53503,0.75174,0.7893,0.30283,0.49026,0.5462,0.6983,0.26118,0.68746,0.37233,0.40991,0.42156,1.3173,0.44063,0.51047,0.2322,1.0944,0.87459,1.6237,1.0976,0.73696,0.87845,0.50009,0.9008,0.50061,0.65722,1.1576,0.63447,0.88352,0.87432,0.45214,0.63155,0.80656,0.66242,0.76538,0.69501,0.87006,0.49081,0.40048,0.60654,0.37835,0.42481,0.47774,0.41066,0.47123,0.57181,1.016,0.33734,0.61699,0.40177,0.67021,0.71934,0.38553,0.90599,1.0204,0.76276,0.95293,0.49749,0.25323,0.25689,1.039,0.94257,0.54417,0.81473,0.65368,0.2404,1.3122,1.0786,1.1451,1.0247,0.23933,0.71352,0.43698,0.84478,0.95645,0.89521,0.48821,0.8572,0.63482,0.93721,1.172,0.6715,0.37983,0.39119,0.28931,0.57349,0.48154,0.59774,0.45714,0.45833,0.21232,0.42633,0.82594,1.0093,0.28144,1.0858,1.1127,0.48639,0.50628,1.1614,0.47131,0.28885,0.49978,0.61255,0.39519,0.52206,0.62124,0.9025,0.84134,0.53128,0.89652,0.8499,0.81499,0.78487,0.78652,0.45976,0.50241,1.2012,0.82677,2.3258,0.86635,0.53884,0.53183,0.46115,0.58541,1.1393,0.56599,0.66118,0.61205,0.39752,0.49543,1.36,0.64622,0.4216,0.7839,0.71899,0.57719,0.7702,0.70097,0.72766,0.37094,0.27469,0.50862,0.51432,0.3016,0.38853,0.58687,0.47952,0.87117,1.3018,0.77633,0.23151,0.4927,0.4183,0.63777,0.85509,0.42409,0.64225,0.98344,0.79865,1.0796,1.0578,0.46988,0.41876,0.4611,0.55703,0.72449,0.49475,0.86119,0.66157,0.71483,0.24457,0.39767,0.58582,0.53773,0.61464,0.60172,1.6953,0.79562,0.81112,0.58416,0.43053,0.59454,0.92548,0.62953,0.4433,0.76612,0.39332,0.48092,0.68285,0.61733,0.7031,0.6166,1.1506,1.2392,0.88216,0.86856,0.7738,0.8289,0.34268,0.78003,0.9448,0.41349,0.82156,0.62036,0.89257,0.82269,0.56589,0.50661,0.6316,1.1763,0.56998,0.92897,0.6095,0.37663,0.71347,0.51012,0.82466,0.52163,0.39755,0.57607,0.6146,0.91684,0.53341,0.42248,0.36562,0.63937,1.5057,0.94872,0.46534,0.55074,0.67345,0.74092,0.68837,0.92206,0.51123,0.54452,0.71437,0.69296,0.7273,0.54673,0.35621,0.60839,0.98391,1.0303,0.87969,0.46116,0.51017,0.36788,0.47434,0.63951,0.68961,0.62918,0.34667,0.60917,0.51675,0.61197,0.65925,1.2447,0.66352,0.73678,0.80145,0.42172,0.30019,0.51039,1.0079,0.56614,0.68655,0.69395,0.96598,1.0363,0.59627,0.60794,0.86492,0.52845,0.53318,0.54915,0.50146,0.71943,1.3701,0.61047,0.42492,0.80292,0.45424,0.45876,0.7408,1.2367,0.84679,1.0168,0.57706,0.58716,0.65702,0.75814,0.47124,0.42332,0.85272,1.062,0.42953,1.1093,0.92666,0.56875,0.67236,0.90124,0.61163,0.74433,0.44235,0.23308,0.98117,0.66333,0.61092,0.29028,0.88743,0.96291,0.67228,0.87022,0.69113,0.74824,0.62079,0.92978,0.41013,0.96111,0.40891,0.5742,0.90509,0.90373,0.49112,0.55927,0.60122,0.77759,0.77577,0.7746,0.4599,0.78158,0.6106,0.7123,0.6189,0.95797,0.56795,1.2126,1.0336,0.76371,0.43521,0.5046,0.9312,0.59659,0.72602,0.42197,0.99692,0.95859,1.2258,0.44701,1.269,1.2496,0.72728,0.41595,1.2,0.44775,0.50468,0.4143,0.98048,0.35926,0.64319,0.62275,0.58048,0.80394,0.83199,0.66089,1.2232,0.57577,0.86779,0.95109,0.39839,0.6745,0.76948,0.54978,0.66845,1.0232,0.60824,0.93653,0.91855,0.46407,0.82324,0.68206,0.91504,0.75751,0.85715,0.54831,0.42921,0.93517,0.97167,0.72897,1.4966,1.0588,0.75451,0.87467,0.6207,0.66694,0.82601,0.65669,0.73548,0.44676,0.87712,0.28689,0.48827,0.78633,0.93159,1.0029,0.8436,0.77133,0.27692,0.33837,0.47973,0.55754,0.66337,0.46399,0.83094,0.81026,0.51434,0.83675,0.38087,0.41506,0.70748,0.57235,0.54251,0.67991,0.6971,1.1431,0.7023,1.1549,0.69923,0.45855,0.86079,0.76737,0.83609,0.6517,0.45058,0.33734,0.61797,0.54841,0.74604,0.48616,0.43011,0.58642,0.36899,0.94772,0.68323,1.0661,0.76551,0.39579,0.35567,0.86155,0.53531,1.019,0.85669,0.56931,0.66193,0.50016,0.99085,1.7467,0.41813,1.2071,0.79373,0.77089,0.61087,0.62208,0.84911,0.65044,0.35584,0.17784,0.81472,0.85467,0.49369,0.6756,0.54316,0.78255,0.58952,0.44491,0.18384,0.86726,0.45966,0.63706,0.56553,0.63295,0.25254,0.57346,0.42089,0.76037,0.41325,0.75261,0.60775,0.59315,0.62407,0.51556,1.1316,0.667,0.44817,1.022,0.32428,0.6345,0.53894,0.67793,0.38564
0.37435,0.34163,0.75222,0.61546,0.47788,0.57939,0.62872,0.34083,0.1745,0.51191,0.32632,0.44905,0.72768,0.96825,0.59752,0.51121,0.96679,0.75384,0.57185,0.41023,0.99248,0.49186,0.43547,0.92559,0.39848,0.49886,0.37734,1.2069,0.4277,0.54008,0.48143,0.8503,0.36669,0.74695,0.71784,0.71194,0.84748,1.5133,0.63103,0.55859,0.5014,0.88764,0.90809,0.48878,0.75791,0.61979,0.84745,0.4804,0.38373,0.55472,0.76375,0.30737,0.95267,0.69876,0.59346,0.47625,0.44706,0.28817,0.48103,0.80103,0.76101,0.50474,0.41398,0.56173,0.6284,0.70042,0.43784,0.43485,0.56382,0.8805,0.84269,0.60557,0.58711,0.90837,0.5569,0.79313,0.59971,0.60603,0.73074,0.30147,0.2786,0.26397,0.56073,0.51231,0.67219,0.43,0.53101,0.52473,1.193,0.627,0.48443,0.53956,1.0734,1.1267,0.72826,0.76808,0.678,0.33341,0.27624,0.6441,0.87471,0.68617,0.52899,0.51995,0.87765,0.78404,0.38404,0.61892,0.28939,0.70789,1.9837,0.58642,0.81047,0.50026,0.83784,0.92075,0.74703,0.30989,0.44811,0.39902,0.45966,0.50595,0.74528,0.61187,0.66781,0.90251,0.61437,1.9514,1.0612,0.37997,0.49077,0.42194,0.84567,0.59453,0.58004,0.80765,0.5306,0.34073,0.61702,0.27292,0.53782,0.79324,0.70994,0.67951,0.4089,0.54767,0.32497,0.44541,0.75171,0.78445,0.46314,0.62032,0.55654,0.54761,0.53965,0.54263,0.48824,0.68047,0.80697,0.57829,0.57255,0.78966,0.49139,0.55731,0.58314,0.74882,0.96442,0.44,0.59314,0.36964,0.36154,0.48811,0.8168,0.49605,0.77696,0.67809,0.54123,0.76356,0.74391,0.50273,0.42783,0.91075,0.54552,0.40762,0.52568,0.44511,0.26986,0.50802,0.46692,0.52412,0.4092,0.77149,1.5837,0.7006,0.32433,0.27136,0.3913,0.8567,0.88304,0.39258,2.2186,0.79113,0.39423,0.43783,0.71896,0.62857,0.56387,0.46606,0.30442,0.65718,0.62518,0.93735,0.92561,0.82606,0.67483,0.69252,0.37597,0.42763,0.52121,0.67797,0.77673,0.84781,0.38753,0.2398,0.66135,0.60791,0.34322,0.53638,0.84454,0.57958,1.4293,0.97769,0.4091,0.84494,0.60148,0.53175,0.43341,0.55018,0.8174,0.49285,0.48994,0.84105,0.73496,1.304,0.89532,0.67956,1.0406,0.79076,0.70074,0.70415,0.32921,0.61817,0.44899,1.1481,0.34433,0.42703,0.73041,0.70951,0.60683,0.3734,0.60006,0.9586,1.2359,0.52362,0.46781,0.81492,0.55904,1.2066,0.79318,0.75792,0.93728,1.1168,0.72203,0.6688,0.57058,0.76759,0.49481,0.40997,0.5296,0.5109,0.41594,0.66646,0.46798,0.67387,0.84058,1.099,1.1032,0.90788,0.5729,0.61618,0.56274,0.91237,1.0515,0.58728,0.6302,0.74581,0.75539,0.67115,1.6223,1.2616,0.25854,0.25367,0.4587,0.50166,0.54178,0.51568,0.7181,0.86151,0.38692,0.70797,0.8297,0.80624,0.60964,0.87365,0.70406,0.6138,0.40353,0.58797,0.75235,0.78647,0.75934,0.6825,0.86954,0.52885,0.32291,0.41297,0.50632,0.85133,0.54993,0.31566,0.62243,0.88394,0.46514,0.95845,0.6696,0.50249,0.96142,0.60751,0.32766,0.3392,0.28818,0.63021,0.40776,0.28401,0.88361,0.53052,0.44979,0.65662,0.73905,0.5552,0.60027,0.66491,1.0275,0.37487,0.48816,0.44675,0.71686,0.53981,0.81151,0.48036,0.49408,0.4956,0.6396,0.75602,0.57943,0.71221,0.52205,1.0742,0.97832,0.72877,0.91096,0.79984,0.716,1.1525,0.90327,0.543,0.65188,0.56199,0.61238,0.80829,0.93841,0.92537,0.34816,0.37006,0.55445,0.41926,0.44374,0.50707,0.65023,0.60074,0.47293,0.82527,0.78532,0.57492,0.70266,0.50698,0.49761,0.61971,0.41864,0.98369,0.78722,0.67253,1.3205,1.0194,0.53199,1.1261,0.49582,0.51754,1.2338,0.96865,1.6241,1.0549,0.60909,0.55503,0.73393,1.0556,0.28113,0.46582,1.8852,0.62259,0.68699,0.47075,1.4487,0.60358,0.37007,1.0694,0.88032,0.58432,1.3636,1.0939,0.74753,0.6023,0.74221,0.46709,0.32251,0.56148,1.5179,0.8525,0.35762,0.82195,0.99727,0.57416,0.61465,0.76906,0.69685,1.0274,0.38256,0.79925,0.56143,0.91757,0.47472,0.50962,0.38569,0.68673,0.46897,0.47546,0.4849,0.49664,1.0639,1.014,0.51212,1.333,0.47783,1.2055,1.0287,0.83309,0.97782,0.57811,0.71635,0.54366,0.54422,0.76906,0.86523,0.53593,0.75536,0.74167,0.44808,0.58305,0.59834,0.57546,1.3445,0.70314,0.44548,0.38613,1.0572,1.258,0.69492,1.0991,0.80926,0.41867,0.47647,0.98445,0.61084,0.69586,0.7244,0.72771,0.92947,0.77127,0.94283,0.93346,0.51016,0.42991,0.80475,0.38705,0.44084,0.65135,0.66496,0.49326,0.53836,1.1411,1.0205,0.62115,0.50824,0.83181,1.9077,0.8625,1.4228,0.55309,0.45721,0.68207,0.59855,0.5639,0.44721,0.55313,0.85082,0.6872,0.77152,0.93492,0.84923,0.53177,0.73583,0.87634,0.89827,0.96243,0.35237,0.58773,0.51015,0.44749,0.64677,0.71146,0.40237,0.57554,0.59548,1.4973,1.1025,0.58488,0.68306,0.73014,0.8061,1.0877,1.0738,0.85624,0.56196,0.80365,0.75209,0.75278,0.46817,0.50309,0.91283,1.0386,0.9943,0.65112,0.43085,0.43943,0.50471,0.84793,0.56055,0.44999,0.80249,0.70794,0.51363,0.58172,0.43092,0.42389,0.67449,0.49581,1.0217,0.80399,1.074,0.42432,0.71162,0.44935,0.71911,0.46472,0.83896,0.75013,0.34791,0.45499,0.45752,0.78657,0.46844,0.831,0.66882,0.4847,1.0429,0.70109,0.8708,0.57844,1.034,1.146,0.80047,0.71056,0.46015,0.50184,0.82316,1.2538,0.35169,0.75546,0.77184,0.62288,0.61467,0.75999,0.35237,0.81856,0.80947,0.75683,0.25649,0.46854,0.5713,0.7267,0.65656,0.78822,0.73613,0.8812,0.49417,0.7372,1.1599,1.0586,0.54996,0.60291,0.85607,0.59516,0.60004,0.45389,0.73945,0.48985,0.31708,0.74919,0.57695,0.4152,0.32357,0.18325,0.54134,0.79933,0.72053,0.67222,0.38841,0.662,0.99633,1.0358,0.49316,0.44664,0.3604,0.63124,0.54229,0.72772,0.47726,0.5702,0.79316,0.7661,0.5732,0.51524,0.49966,0.76996,1.4577,0.54382,1.194,1.0401,0.80401,0.3958,0.53077,0.69605,0.35868,0.80752,0.71201,0.93013,0.51449,0.52663,0.96965,0.78781,0.60312,0.62215,0.71033,0.56804,0.9008,0.89561,1.0879,0.98572,0.52008,0.40535,0.61033,0.52072,0.31697,0.397,0.49062,0.569,0.79408,0.64724,0.74934,0.45935,0.71838,0.79067,0.41737,0.50014,0.65543,0.4405,0.46502,0.90522,0.37996,0.8068,0.4734,0.64734,1.1103,0.77593,0.34665,0.84893,0.71134,0.8098,0.94308,0.4256,1.183,0.47592,0.64913,0.74771,0.71084,0.44096,0.55826,0.4913,0.52761,0.51335,0.36487,0.88097,0.59731,0.37342,0.7233,0.95902,0.89916,0.31016,0.45943,0.45928,1.0402,0.61965,0.42681,0.59621,0.51498,1.0901,0.919,0.81643,0.96539,0.50758,0.64005,1.1205,0.93401,0.66963,0.46369,0.74568,0.45811,0.57924,0.67134,0.82597,0.57435,0.38728,0.50381,0.35278,1.2954,0.71036,0.72995,1.3945,0.50303,0.69086,0.55692,0.68721,1.0779,0.68866,1.4108,0.81204,0.77148,0.4729,0.53907,0.4634,0.56578,0.73181,0.67519,0.85684,0.46825,0.77323,0.44189,0.57958,1.0476,0.5451,0.65121,0.98257,0.81369,0.47637,0.6247,0.87855,0.69423,0.62106,0.78349,0.39737,0.79427,0.72356,1.3201,0.83431,0.6423,0.76456,0.57244,0.56563,0.67749,0.36851,0.67971,0.79721,0.50856,0.67475,0.67187,0.48298,1.0256,1.7951,1.1878,0.65751,0.79794,1.3153,1.4628,0.87391,0.3957,0.98771,0.70409,0.65807,0.5247,0.58658,0.62404,0.69269,0.45939,0.58276,0.49522,0.52406,0.43196,1.0545,1.0148,0.4172,0.68197,1.7148,0.80656,0.57673,0.7652,0.68193,0.65076,0.43891,0.80169,0.5903,0.55845,1.2688,0.64198,0.55305,0.39627,0.87741,0.94181,0.8603,0.62822,0.72703,0.73713,0.87451,0.78426,0.70133,0.74357,0.43499,0.77212,1.2278,1.0009,0.81665,0.78154,0.62046,0.47628,0.50246,0.90814,0.3797,0.53851,0.45149,0.3683,0.85527,0.82646,0.63054,0.65565,0.2588,0.31877,0.4556,0.77596,0.69568,0.47448,0.4941,0.45853,0.90486,0.83115,0.39331,0.52721,0.50501,0.6548,1.2355,0.73123,0.25577,0.58722,0.80151,0.6535,0.55395,0.71742,0.39954,0.63222,0.33706,0.82662,0.49948,0.41183,0.59951,0.87694,0.7689,0.75345,0.85612,0.75519,0.43269,0.2873,0.43361,0.64294,0.40011,0.68545,0.84628,0.78873,0.58825,0.59209,0.4658,0.66631,0.7631,1.0713,0.69516,0.77886,0.63387,0.6126,0.69507,0.42178,0.7341,0.46966,0.80447,0.55671,0.4694,0.35952,0.2817,0.8107,0.62861,0.49745,1.2528,0.87547,0.53914,0.45947,0.5612,0.66368,0.71784,0.52698,0.4271,0.36564,0.65635,0.47443,0.51442,0.48498,0.58949,0.82409,1.0309,0.63786,0.48929,0.38841,0.40319,0.28813,0.61013,0.76232,0.60383,0.62964,0.58694,0.74068,0.45975,0.73993,1.5432,1.0361,0.78048,0.40535,0.41086,0.99403,0.96459,1.306,0.63877,0.7712,0.70601,0.71002,0.8548,0.45847,0.4424,0.26613,0.46733,1.0061,0.62004,0.42177,0.56143,0.78932,0.51693,0.86764,0.99678,0.55464,0.65881,0.40559,0.79069,0.55651,0.35802,0.36846,0.5005,0.62106,0.38176,0.3972,0.71223,0.76809,0.86773,0.31548,0.34575,0.89482,0.84777,0.82686,0.45179,0.84881,1.1686,0.72234,0.54079,0.72532,0.70154,0.63079,0.53925,1.1032,0.54671,0.48023,0.47808,0.38563,1.0403,0.63693,0.6209,0.41876,0.74129,0.44871,0.65869,0.43301,0.2405,0.4333,0.33189,0.47347,0.66322,0.38721,0.83727,0.51391,0.95276,0.66828,0.60109,0.50605,0.3522,0.71484,0.32571,0.36211,0.60509,0.45676,0.37252,0.47967,0.97991,0.91508,0.90719,0.80239,0.90693,0.76172,0.80859,0.58437,0.70051,0.34419,0.65868,0.54018,0.39777,0.43792,0.61674,0.47016,0.50938,0.81135,0.55688,0.66812,0.83563,1.0031,0.55836,0.54406,0.51674,0.47276,0.72164,0.31882,0.47635,0.90899,0.7427,0.37982,0.56007,0.46837,0.81557,1.0082,1.2454,0.43473,0.76478,0.4101,0.54521,0.43912,0.46844,0.64955,0.62787,0.39441,0.61339,0.38682,0.58218,1.0883,0.46933,1.2476,0.28053,0.39333,0.36416,0.64841,0.49587,0.73768,0.61225,0.45216,0.66937,0.70721,1.467,0.98809,0.86679,0.60696,0.69244,0.70906,0.55935,0.31552,0.59943,0.64578,0.85986,0.8416,0.63857,0.84431,0.62212,0.49984,0.59815,0.61999,0.92727,0.82876,0.44546,0.44782,0.42968,0.62424,0.92021,0.32463,0.64415,0.41409,0.58059,0.60033,0.8102,0.59515,0.51126,0.4793,0.86287,0.68745,0.70972,0.78132,0.84873,0.79763,0.65833,0.44682,1.0479,0.36173,0.93109,1.4058,1.1279,0.60872,0.52969,0.53617,0.85451,0.66564,0.64041,0.78756,0.82117,0.47453,0.64747,0.6655,1.1131,2.932,0.79684,0.46046,0.63036,0.80359,0.85338,0.52899,0.87418,0.7306,0.42267,0.72539,0.44185,0.51195,0.67046,0.58644,0.51831,0.66225,0.87004,0.39572,0.58863,0.71052,0.63309,0.55835,1.0461,0.45474,1.0335,0.53619,0.8252,0.73352,1.3574,0.44748,1.1975,0.40488,0.73065,0.35527,0.8469,0.94395,0.55715,0.69047,0.87932,0.30162,0.41401,0.81077,0.88947,1.3451,1.2165,0.67997,0.32742,0.59632,0.55061,0.95265,0.47616,0.66242,0.61146,0.29573,0.71482,0.55241,0.77751,0.83654,0.66704,0.6228,0.93065,0.49068,0.46039,0.60845,0.2313,0.20846,0.68037,0.33362,1.3333,0.72714,0.47255,0.6611,0.5963,0.88131,0.69354,0.57444,0.3622,0.45052,0.90945,0.33546,0.5429,0.50783,0.37747,0.42309,0.6396,0.7122,0.3495,0.39397,0.57983,0.29249,0.46403,0.58368,0.90825,0.83504,0.85898,0.92374,0.28621,0.34993,0.42048,0.37391,0.64368,0.26474,0.42848,0.63268,0.36411,0.5414,0.61602,0.76143,0.4588,1.1139,0.55599,0.43797,0.93844,0.41886,0.42955,0.48648,0.51564,0.4306,1.3314,2.4909,1.0003,0.46763,0.63533,1.027,0.49693,0.61625,0.479,0.49856,0.66003,0.35874,0.74876,0.53098,0.5976,0.64236,0.38876,0.34044,0.61211,0.85221,0.66091,0.74553,0.65444,0.32401,0.29686,1.2747,0.45714,0.54867,0.85006,0.46298,0.37037,0.39702,0.34377,0.61516,0.49593,0.46414,0.50734,0.4293,0.9254,0.56493,0.89491,0.71407,0.57447,0.59841,0.39686,0.40592,0.28717,0.5811,0.53775,0.97189,0.76789,0.5023,0.35694,0.45837,1.2253,0.70047,0.42071,0.64191,0.42095,1.0716,0.38706,0.85335,0.42116,1.4466,0.56683,1.0426,0.59075,0.77817,1.5142,0.89998,0.38883,0.7858,0.83358,0.68894,0.46935,0.5508,0.48912,0.31557,0.51658,0.95462,0.61289,0.41736,0.64992,0.58832,0.53239,0.45781,0.90868,0.56505,0.52768,0.80622,0.71731,0.37783,0.77704,0.44347,1.0418,1.3521,0.59685,0.57308,0.85527,0.52548,0.52567,0.45008,0.40918,0.41197,0.51874,0.53405,0.70625,0.33885,0.70963,0.65891,0.39905,0.54711,0.4461,0.69303,0.58964,0.61335,0.74889,0.73375,1.1415,0.66283,1.4159,0.82476,0.70161,0.36568,0.54671,1.3819,0.59034,0.9094,0.75927,0.67979,0.73739,0.48751,0.66051,1.3975,0.87849,0.79042,0.77167,0.62631,0.92598,0.85647,0.53343,0.3791,0.43551,0.42051,0.78498,0.62297,0.77588,0.49189,1.1125,0.40465,0.5698,1.4188,0.58451,0.79798,0.44604,0.89488,0.6259,0.34278,0.95916,0.84463,0.5704,0.72695,1.0629,1.7247,0.83643,1.6273,0.53754,0.61132,0.74851,1.016,1.0081,0.43465,0.60111,0.68541,0.59615,0.68763,0.8095,0.47352,0.55019,0.58968,0.40307,0.5867,0.58695,0.61987,0.57066,0.3628,0.79502,0.6135,0.55136,0.51729,1.1729,0.26633,0.60195,0.73229,0.65462,0.4672,0.97618,0.65943,0.85419,0.99657,0.48569,1.0682,0.69333,0.67793,0.49949,0.27974,0.6668,1.27,1.6528,0.9987,0.46656,0.91692,0.95087,1.2618,0.34724,0.52357,0.55056,1.1847,0.78617,0.94241,1.1716,0.83426,0.37028,0.59147,0.62984,0.74065,0.34133,0.53598,0.41934,0.51463,0.44944,0.37486,0.56178,0.70875,0.69187,0.58383,1.0639,0.399,0.98725,1.3856,0.98499,0.54386,0.70373,0.39256,0.63499,0.48391,0.79543,0.39579,0.54288,0.54256,0.47699,0.7212,1.1857,0.64754,0.43795,0.95282,0.43018,0.3273,0.37123,0.49998,0.30015,0.25691,0.53798,0.67489,0.95735,0.65532,0.91218,0.39901,0.71781,0.88597,0.80148,0.48483,0.54327,0.56248,0.62451,0.34579,0.48007,1.2059,0.86976,0.49411,0.67771,0.59035,0.53637,1.43,0.93398,0.51542,0.52037,0.5517,0.83237,0.39549,0.55029,0.89434,0.86773,0.53998,0.47217,0.36864,0.8226,0.785,1.0325,0.83496,1.0243,0.40223,0.8552,0.68835,0.64512,0.59525,1.4924,0.72966,0.69934,1.0417,0.26035,0.38567,0.54612,0.44054,0.32484,0.29871,0.77979,0.59897,0.59142,1.1862,0.52668,0.93437,0.90706,0.60746,0.43085,0.47472,0.67289,0.87155,0.50667,0.9445,0.56363,0.35888,0.44264,1.1075,1.1029,1.0236,0.40587,0.3951,0.54528,0.63064,0.74578,0.77897,0.64497,0.79519,0.51009,0.83737,0.64907,1.132,0.65103,1.2001,0.66531,0.43805,1.1358,0.82776,0.59938,0.21847,0.65234,0.81912,0.80822,0.64572,0.57406,0.45155,0.47222,0.48203,0.29537,0.64369,1.108,0.51181,0.65543,0.37217,0.58017,1.0557,0.15697,0.79274,0.48931,0.82354,0.42648,1.1865,1.6956,0.50256,0.25651,0.33694,0.73588,0.2428,0.5069,0.47211,0.51219,0.70518,1.4428,0.35714,0.42789,0.60063,1.3144,1.1147,0.94236,0.62631,1.4717,0.43602,0.76043,0.44638,0.4156,0.49767,0.71026,0.76602,0.92456,0.61878,1.3578,0.74865,0.46604,0.56858,0.4826,0.48756,0.84425,1.0076,0.54697,0.98376,0.62999,0.50878,0.2502,0.51604,1.1478,0.60429,0.28141,0.32547,0.4732,0.50076,0.77946,1.2534,1.4207,0.59254,0.33744,0.38644,0.5091,0.41836,0.37977,0.4785,0.62731,0.48053,0.39957,0.40672,0.50948,0.48081,1.1244,0.37492,0.79656,0.99899,0.59175,0.47549,0.70469,0.63539,0.23383,0.74782,0.88527,0.50564,1.2807,0.80527,0.7291,0.29841,0.61464,0.46718,0.62513,0.61828,1.3671,0.46089,0.66583,0.68576,0.32038,0.48625,0.96652,0.70808,0.4205,0.4579,0.62478,0.97619,0.65464,0.29721,0.76962,1.1371,0.90573,0.542,0.27146,0.42025,0.29585,0.5011,0.90397,0.43348,0.34444,0.57292,0.88069,0.88918,0.62255,0.78502,0.51486,0.72007,0.5641,0.68514,0.63618,0.80508,0.64664,0.76233,0.61707,0.55006,0.39185,0.69206,0.81168,1.1078,0.74732,0.49361,0.90738,0.38566,0.52218,0.52076,0.97614,0.50532,0.44508,0.57382,0.69174,0.24258,0.56517,0.44122,0.65378,0.74618,1.0286,0.66047,1.5237,1.0021,0.93715,0.87307,0.73535,0.84185,0.82427,0.4557,0.52632,0.57605,0.4963,0.98584,0.54466,0.45087,0.51748,0.52899,0.32054,0.8026,0.63586,0.84457,0.64229,0.62631,0.99156,0.47723,0.78067,0.92446,0.82621,0.56985,0.46793,0.48584,0.5051,0.95474,0.82708,1.2804,0.66567,0.71851,0.32159,0.99439,0.86816,0.68656,0.76332,0.60132,0.37931,0.31775,0.58785,0.82791,0.58773,0.71395,0.567,0.531,0.84913,0.68817,0.91871,0.66734,0.48263,0.68157,0.37198,1.1522,0.7071,0.65794,1.0565,1.3682,0.70012,0.40928,0.35596,0.36794,0.739,0.91033,0.65219,1.1335,0.51141,0.46658,0.45783,0.64719,1.2141,0.48823,0.68678,0.73306,0.5802,0.28519,0.522,0.41467,0.4896,0.46752,0.95115,0.92784,0.64901,0.3481,0.57995,0.39574,0.56257,0.5783,0.33644,0.7891,0.61211,0.35499,0.64037,0.66771,0.47792,0.83124,0.7436,0.63582,0.59153,0.92137,0.88339,0.64452,0.67479,0.40994,0.42505,0.89391,0.74799,0.29393,0.43002,0.76568,0.37756,0.57688,0.56005,0.57574,1.0864,0.33919,0.41513,0.46006,0.79027,0.48944,0.75621,0.76283,0.5724,0.50917,0.36012,0.4854,0.5806,0.98886,0.78861,0.81628,0.68879,0.49159,0.2594,0.40636,0.50582,0.48273,0.57324,0.34266,0.84422,0.93513,0.86293,0.3891,0.4224,0.80872,0.74478,0.56556,0.60244,0.47028,0.51038,0.73972,0.42663,0.67512,1.0682,0.33722,0.47487,0.74711,0.49792,0.46125,0.70291,1.0031,1.042,0.46887,0.25325,0.53917,0.4802,0.45953,1.3202,0.66917,0.47076,0.51503,0.47548,0.71617,0.75179,0.57682,0.62589,0.71966,0.48367,0.27369,0.61827,0.51927,0.53644,0.38125,0.54516,0.65763,1.0701,1.3063,0.61079,0.75736,0.52071,0.69717,0.53709,0.40716,0.58727,1.1475,0.97671,0.46947,1.0783,0.50005,0.53601,0.85634,0.77071,1.8669,0.54288,0.58889,0.33032,0.53406,0.55842,0.53085,0.76952,0.9412,1.3273,1.0241,0.49378,0.51324,0.36971,0.55867,0.45251,0.56085,0.36135,0.69828,0.47907,0.70801,1.0404,0.56563,0.62556,0.28596,0.4835,0.64766,0.89312,1.6613,0.6443,0.50089,0.49171,1.2842,0.98494,0.72074,1.5803,0.99686,0.75901,0.51455,0.4718,0.9331,1.3175,0.36239,0.4531,0.56856,0.29625,0.5352,0.89727,2.2846,0.42928,0.84968,0.60345,0.31085,0.32911,0.66341,0.64956,0.43024,0.63221,0.9432,1.0724,1.4728,0.67369,1.6632,0.87754,0.59227,0.46256,0.75044,0.39333,0.31015,0.51708,0.97622,0.46084,0.70013,0.64079,0.9387,0.66437,0.95767,0.60128,0.72196,1.7509,0.87583,0.93841,0.8368,0.75879,0.96043,0.70933,0.71688,0.44032,0.64377,0.64975,1.0251,0.63384,0.59866,0.84959,0.36646,0.47366,0.65929,0.74855,0.3392,0.43258,0.94584,0.80584,0.74116,0.39727,0.53879,0.54644,0.46819,0.46955,0.56625,0.53817,0.45611,0.41355,0.68317,0.38469,0.61726,1.9169,0.62741,0.16711,0.33141,0.83444,0.60599,0.83915,0.56302,0.93661,0.59466,0.63848,1.0775,0.971,0.80305,0.54509,1.2234,0.71932,0.47523,0.93119,0.29682,1.2256,0.59546,0.63226,0.64458,0.37167,0.33136,0.46309,0.57565,0.56766,0.89962,0.57939,0.88619,0.29557,0.50924,0.5447,0.45627,1.1224,0.92691,0.83256,0.79711,0.44636,0.67576,0.48893,0.52292,1.2166,0.65567,0.32575,0.5786,0.50213,0.60005,0.70158,0.92573,0.63996,0.46576,0.51966,0.57364,0.67154,0.49705,0.47888,0.33487,0.56079,0.60046,1.0592,0.59711,0.47447,0.4584,0.8078,0.37304,0.88899,0.93113,0.51764,0.63862,0.54534,0.48068,0.39791,0.58885,0.84393,0.28941,1.133,0.4238,0.55654,0.87558,0.90942,0.40816,0.47206,0.60416,0.83655,0.93908,1.0328,0.9355,0.57343,0.49901,0.35736,0.43888,0.40257,0.91676,1.3183,0.80835,0.37297,0.25202,0.54017,0.88481,0.85415,0.65437,0.91115,0.78685,0.97282,0.89829,0.69127,0.51056,0.60256,0.51306,0.57525,0.79882,0.41544,0.36088,0.74963,0.74292,0.75772,0.87607,0.85633,0.62521,0.44715,0.40341,0.46325,0.59738,0.57779,0.68906,0.43663,0.73009,0.60461,0.88244,0.68398,0.50985,0.35326,0.36676,0.85755,1.1056,0.65731,0.81747,0.94027,0.75237,0.53176,0.90193,0.76483,0.57031,0.37944,0.75689,0.50132,0.5939,1.0348,0.97455,0.56621,0.39958,0.72086,0.92689,0.69569,0.47086,0.58123,0.77987,0.54282,0.41615,0.33078,0.53192,0.62,0.53717,0.70158,0.58034,0.81179,0.6686,0.77933,0.58877,0.71383,0.94768,0.85913,0.65154,0.67385,0.37895,0.47227,0.62591,0.61853,0.57319,0.82847,0.471,0.76528,0.59242,0.92403,0.58642,0.46043,0.70042,0.42291,0.58762,0.52074,0.87094,1.43,0.97149,0.58818,1.0678,0.78041,0.68581,0.85599,0.44454,0.41242,0.88339,0.65544,0.43761,1.31,1.0375,0.42705,0.65964,0.57131,0.56095,0.66229,0.90373,0.54359,0.60286,0.87233,0.43193,0.60175,0.71545,0.59519,0.51671,0.44618,0.48011,0.98717,0.36576,0.52112,0.38277,0.87875,0.51956,0.84694,0.84718,0.50176,1.0361,0.47277,1.1028,0.94937,0.52074,0.51167,0.73817,0.5576,0.5042,0.80018,1.4577,0.86402,0.80207,0.85482,0.91486,0.37288,0.47112,0.36002,0.54916,0.42987,0.54685,0.69623,0.77768,1.0306,0.81296,0.36313,0.65163,0.72314,0.58946,0.46017,0.46183,0.43711,0.36653,0.65047,0.60415,0.74508,0.63839,0.42265,0.58461,0.94981,1.0612,0.85813,0.66697,1.2403,0.52462,0.60407,0.94832,0.80909,0.25147,0.58272,0.55162,0.76576,0.26677,0.86673,0.70725,0.83063,0.36239,0.76322,0.53824,0.43749,0.53924,0.72918,0.53047,0.65186,0.55555,0.55821,0.3308,0.37216,0.35421,0.29598,0.56805,0.74004,0.78635,0.32172,1.2578,0.74559,0.73495,0.42007,0.31923,0.45636,0.50606,0.38626,0.58351,0.89992,0.65545,0.25175,0.35437,0.53309,0.42139,0.38383,0.46183,0.83328,1.0458,0.87433,0.38585,0.74003,0.74392,0.6512,0.53758,0.81352,0.70494,0.40942,0.82184,0.9768,0.51534,0.25327,0.83449,1.0279,0.87865,0.77285,1.1558,1.6113,0.40563,0.45185,0.9098,0.91913,0.49457,0.63871,0.78848,0.23666
1.1801,0.90609,0.37762,0.19319,0.56114,0.78885,0.43945,0.19564,0.46125,1.1231,0.73577,0.30979,0.76556,0.58128,0.38191,0.94259,0.88488,0.84967,0.62091,0.60246,0.54058,0.76187,1.2248,0.61341,0.30694,0.14113,0.40588,0.4431,0.45064,0.65105,0.80472,0.78852,0.60319,0.48814,0.47691,0.93717,1.2125,0.69827,0.73813,0.34829,1.0932,0.90756,0.91119,0.59204,1.1525,0.89196,1.0495,0.34787,0.70629,1.7437,0.87579,0.84906,0.65914,0.83624,0.31547,0.4366,0.36347,0.24057,0.34138,0.72177,0.7106,0.8482,0.54939,0.4255,0.44357,0.5056,0.79719,0.67194,0.5749,0.55706,0.77306,0.60731,0.57435,1.0125,0.61766,0.49492,0.71723,0.68179,0.92627,0.62942,0.56995,0.51048,0.55905,0.37132,0.7594,0.54084,0.42651,0.70047,0.84813,0.73879,0.54263,0.69597,0.35034,0.57995,0.74673,0.34463,0.65302,0.58732,0.88242,0.48624,0.47447,0.59656,0.67038,0.80908,0.32995,0.75761,0.76615,0.51682,0.65636,0.47348,0.85442,0.72907,0.67817,0.63086,0.40426,1.0552,0.69513,1.0264,0.59452,0.52637,0.51824,0.45211,0.44442,0.38057,0.47253,0.7646,1.0628,0.78774,0.31587,0.48527,0.58393,0.32619,0.49844,0.80182,0.47284,0.62058,0.74084,0.73636,0.4359,0.40792,0.66146,0.21626,0.55548,0.41961,0.38098,0.51235,0.52821,0.36925,0.50056,0.62746,0.38808,0.60022,0.37841,0.74131,0.5497,0.71799,0.72639,0.40047,0.32989,0.4189,0.72308,0.85501,0.38479,0.55604,0.57854,0.92331,1.2532,0.47521,0.68422,0.60586,0.53773,0.32456,0.59956,0.97046,0.63348,0.55978,0.33662,0.51544,0.50751,0.57815,0.58348,0.54973,0.51967,0.48478,0.54172,0.60959,0.93588,0.6175,1.7738,0.51382,0.94784,1.3885,0.51929,0.6902,0.54708,0.56636,0.59077,0.46778,0.62665,0.64593,0.87983,0.83564,0.60619,0.70501,0.80603,0.91285,0.77533,0.99192,1.1738,0.652,0.38775,0.55595,1.2559,0.60153,1.2642,1.181,0.69382,0.49348,0.40775,0.44278,0.75283,0.59413,0.6186,0.72271,0.68781,0.30469,0.60018,0.64917,0.53229,0.47393,0.59735,0.99513,1.3393,0.60159,0.59593,0.52009,0.49284,0.65414,0.87812,0.41752,0.54475,1.6627,0.8848,0.92215,0.64521,1.4114,1.0014,0.972,0.89724,0.88151,1.667,0.76378,0.55416,0.45114,0.52209,0.29941,0.91166,0.63997,0.39985,1.1367,0.82905,0.48346,1.7155,0.65278,0.31514,0.86256,0.67208,0.87229,0.7707,0.36284,0.69639,0.88731,0.38604,0.63949,0.88776,0.49294,0.82443,0.8551,0.60068,0.36009,0.86986,0.79239,0.99333,0.45768,0.60264,0.51595,0.84749,0.65141,0.82976,0.29757,0.55261,1.1095,0.51652,0.39931,0.91365,1.3154,0.85251,0.73132,0.80478,0.71238,0.73069,0.36213,0.65639,0.98801,0.7548,0.6083,0.88737,1.0262,0.58787,0.38757,0.42957,0.68375,0.60799,0.80648,0.97824,0.52656,0.45887,0.77374,0.76169,0.41729,0.3743,0.58637,1.2876,0.62231,0.9236,0.4245,0.52017,0.41076,0.38375,0.73815,0.6631,0.58907,0.68111,0.66778,0.51363,0.60663,0.58142,0.64805,0.66561,0.28262,0.46252,0.53678,0.17184,0.17333,0.35085,0.41586,0.55336,1.2982,0.65845,0.4748,0.64536,0.68808,0.49646,0.30748,0.41618,1.084,0.75081,2.2565,0.77618,1.0201,0.50994,0.80421,0.74959,0.89051,0.77959,0.33373,0.65981,0.42993,0.81547,0.62502,0.85556,0.59931,0.38449,0.7789,0.63144,0.5865,0.58208,0.52688,0.77918,0.5285,0.46534,0.63682,0.41953,0.7195,0.89431,0.58349,0.29521,1.0586,0.55184,0.3434,0.92738,0.56115,0.63858,0.76755,0.50457,0.42938,1.0701,0.52023,0.55695,0.69166,1.2345,1.0131,0.52513,0.62057,1.2132,0.77785,0.66669,0.84859,0.71403,0.70873,0.63875,1.084,0.28402,0.92008,0.581,0.85119,0.62334,0.59388,1.2756,0.21447,1.4643,0.48257,0.62274,0.50429,0.45177,0.39763,1.357,0.67271,0.42353,0.64707,0.23678,0.54631,0.8074,0.7128,1.135,0.76192,0.97332,0.59179,0.61334,0.6021,0.69915,0,1.1072,0.54344,0.60921,0.74486,0.31883,0.53865,0.98485,0.58228,0.97336,0.67316,0.41254,0.9282,0.9284,0.81933,0.55734,0.54854,1.1814,0.379,0.68928,0.65914,0.74618,0.85347,0.56832,0.79958,0.70881,0.57778,0.63087,0.71767,0.40225,0.24403,0.99294,0.4626,0.42276,0.35287,0.64139,0.37622,0.54195,0.43217,0.30455,0.42161,0.37361,0.79136,0.46245,0.75978,0.82101,0.71181,0.96411,0.43833,0.61251,1.3818,0.67707,0.40854,0.99168,1.101,0.50279,1.0337,0.8239,0.74236,0.80911,0.80834,0.46272,0.49543,0.48634,0.79097,0.83802,0.38541,0.41981,0.48863,0.4466,0.66872,0.92231,1.575,0.89951,0.68201,0.9005,0.67165,1.2993,0.86935,0.79589,0.49984,0.31315,0.64007,1.0518,0.62979,0.55658,0.45404,0.42726,0.33724,0.84671,1.1239,0.59968,0.72219,0.4017,0.41118,0.61198,0.44094,1.1366,0.79596,0.91136,0.71571,0.65377,0.85501,0.83014,0.67582,0.74181,0.36188,0.73871,0.58785,0.62306,0.41626,0.83879,0.60766,0.57876,0.41486,0.49821,0.97399,0.37629,0.75397,0.74025,0.89071,0.59464,1.2924,0.51955,0.76559,0.83084,0.97843,0.70439,0.70071,0.53516,0.42512,0.79126,0.42041,0.57848,0.77292,0.66819,1.1232,0.67422,0.41555,0.75194,0.98138,0.57823,0.71208,0.94767,1.2439,0.51302,0.62902,0.64149,0.49358,0.72848,0.49028,0.25352,0.44211,0.60941,1.0092,0.61592,0.49141,0.7608,1.0141,0.56226,0.43881,0.59112,1.6525,0.5921,0.51487,0.73846,0.91148,0.44192,0.5855,0.5095,0.57235,0.91071,0.57184,0.95916,0.75812,0.78767,0.27359,0.56217,1.0967,1.5581,0.828,0.68408,0.8424,1.1831,0.68832,0.93751,0.63474,0.61931,0.69025,0.40161,1.4229,0.38914,0.46583,0.39978,0.64345,0.57583,1.1414,0.52385,1.1291,0.64669,0.33344,0.42667,1.4661,0.53098,0.99042,0.60368,0.64357,0.53491,0.42672,0.65382,0.28899,0.19542,0.29625,0.61549,0.51957,0.55866,0.7536,0.22086,0.59345,0.40618,0.86373,0.35663,0.35198,0.48525,0.28644,0.52456,0.57465,0.80406,0.60253,0.61066,0.49829,0.72919,2.2136,0.47763,0.63013,0.60765,0.52994,0.54519,0.74192,0.40682,0.63888,0.41894,0.872,0.63633,0.73586,0.43998,1.3878,0.39141,0.55029,0.51394,0.33705,0.51891,0.54805,0.26495,0.38518,0.57965,0.69942,0.58958,0.93798,0.40219,0.71058,0.63112,0.52464,0.84537,1.0409,1.0719,0.8915,0.60526,0.46971,0.56415,0.66108,0.54119,0.54234,0.90498,0.56124,0.37229,0.43135,0.92219,0.73833,1.2138,0.41167,0.54496,0.66659,0.79057,0.87689,0.99038,0.66686,0.50646,0.7162,0.45715,0.24839,0.45288,0.45524,0.4879,0.52014,0.41565,0.4802,0.42767,0.67571,0.8114,0.85001,0.71145,0.59453,0.8175,0.72569,0.62681,0.79948,0.74754,0.47779,0.74681,0.49498,0.71718,0.28236,0.48739,0.75446,0.67009,0.40329,0.38526,0.58509,0.34676,0.47553,0.5397,0.39097,0.36837,0.44178,0.23624,0.62544,0.3935,0.6251,0.69998,0.56604,0.8902,1.032,0.98657,0.63981,0.94904,0.61688,1.132,0.32941,0.44191,0.35147,0.65539,0.51457,0.8568,0.5748,0.78421,0.59189,0.68426,0.7224,0.42937,0.74822,1.1017,0.79835,0.77018,0.69522,0.54941,0.59118,0.87898,0.72143,0.60321,0.84301,0.60811,0.33167,0.29422,0.24018,0.22731,0.48892,0.58922,0.28543,0.25432,0.61633,0.43215,0.64664,0.54384,0.22913,0.79546,0.36522,1.1412,0.74413,0.36281,0.82086,0.48536,0.68553,0.70882,1.1466,0.46373,0.75101,0.67243,0.42794,0.61518,0.72806,0.26363,1.1377,0.33878,0.26222,0.9613,1.5558,0.60333,0.95356,0.27345,0.33588,0.8215,0.69988,0.58039,0.81261,0.67877,1.0266,0.38764,0.38216,0.48147,0.51169,0.77477,0.49835,0.31182,0.66657,0.33781,0.83537,0.44348,0.24508,0.63021,0.67465,0.44576,0.27441,0.48741,0.77245,1.1173,1.5274,0.74792,0.77746,0.7243,0.89672,0.36214,0.4161,0.44258,0.50726,0.72554,0.81246,0.41326,0.62561,0.40853,0.45157,0.54468,0.35213,0.47859,0.39508,0.38953,1.1103,1.2431,0.65054,0.43084,0.41932,0.52954,0.53211,0.84099,1.3773,0.70597,1.1209,0.95996,0.61336,0.51466,0.56698,0.89282,0.7005,0.5813,0.52453,0.3381,0.24838,0.60914,0.30623,0.57152,0.63576,0.99637,0.97611,0.69803,0.56352,0.89529,0.4403,0.57076,1.0743,0.53119,0.79486,0.41067,0.52776,0.46879,1.206,0.83999,0.77457,1.2918,0.61849,0.60962,0.82685,0.46489,0.94814,0.23864,0.32363,0.34205,0.6575,0.44091,0.92149,0.74381,0.91233,0.76682,0.49907,0.63006,0.64043,0.86782,0.73322,0.43519,0.87744,0.84596,0.52107,0.63044,0.55459,0.44625,1.015,0.49089,0.46689,1.0263,0.53627,0.56531,1.1654,0.73934,1.4665,0.74749,0.39798,0.26186,0.18132,0.4699,0.45403,0.32775,0.56422,0.56464,0.62274,0.34081,0.67899,0.68322,0.63897,0.5541,0.50924,0.36552,0.48269,0.55449,0.97179,0.45452,0.27355,0.36489,0.45956,0.39307,0.39422,0.80853,0.24651,0.61388,0.39007,0.64036,0.72393,0.6212,0.90955,0.5027,0.41932,1.4139,0.4082,0.29513,0.36969,0.74576,0.37359,0.54228,1.1512,1.019,0.3956,0.44723,0.33904,0.76124,0.65367,0.86358,0.36262,1.0567,0.49844,0.56321,0.77705,0.5781,0.53975,0.94677,0.87002,0.91602,0.73066,0.74264,0.3545,0.30992,0.98056,0.74202,0.41234,0.30747,0.62458,0.50354,0.60758,0.77119,0.72215,0.34651,0.60468,0.66958,0.75205,0.77991,0.76842,0.64191,0.67663,0.32991,0.51982,0.49676,0.96826,0.52224,0.53926,0.48441,0.34318,0.37809,0.57835,0.39753,0.55573,0.27135,0.33111,0.60937,0.28972,0.42484,0.88541,0.42221,0.54477,0.44658,0.72768,1.2059,0.6748,0.2494,1.0699,0.49048,0.75786,0.62125,0.61688,1.2195,0.57482,0.58525,1.0291,0.92642,0.27763,0.6239,1.4618,0.43734,0.77606,0.59012,0.97283,0.5671,0.82703,0.43326,0.65522,0.8592,0.83082,0.53546,0.8468,1.2005,0.52487,0.40303,0.54056,0.39753,0.82783,1.164,0.50984,0.39233,0.6355,0.62095,0.52668,0.2966,0.5828,0.39843,0.65308,0.50171,0.41496,0.5031,0.24041,1.1174,0.4342,0.87475,0.60548,0.68603,0.39158,0.39957,0.74202,1.1638,0.6294,1.5206,0.79202,0.65962,0.65235,0.57566,0.6364,0.78377,0.41662,0.41383,0.68809,0.90394,0.71082,0.44706,0.75633,0.58297,0.9965,0.75911,0.63098,0.45032,0.693,0.38655,0.99583,0.64137,0.31806,0.70111,1.3841,0.31382,0.75245,0.50012,0.89625,0.67411,0.45174,0.36501,0.38245,0.85443,0.52648,1.2771,0.75266,0.62799,0.73788,0.78078,0.57958,0.43883,0.56263,1.0559,1.5508,0.52261,0.38079,0.5538,0.84005,1.3005,1.3044,0.66781,0.51393,0.29502,0.48604,0.32113,0.73653,1.1096,0.42244,0.45537,0.29335,0.68319,0.95,0.44079,0.72273,0.46708,1.0174,0.48491,0.67566,1.0496,0.52046,0.59125,0.34521,1.0289,0.61105,0.50298,0.36291,0.76292,0.24814,0.7688,0.88203,0.68,0.98021,0.64198,1.101,0.82318,0.77225,0.85726,0.70351,0.56076,1.7988,1.7876,0.53049,0.35922,1.1925,1.0103,0.84483,0.58851,1.9379,0.98551,0.89674,0.88901,1.0729,0.8397,0.4636,0.36248,0.52395,1.0787,0.52385,0.72409,0.79774,0.49372,1.1992,0.7417,0.57478,0.29299,0.80412,0.58445,0.70627,0.38706,0.66629,0.80506,0.58721,0.62414,0.53863,0.56185,0.95389,0.43039,0.34275,0.53597,0.43799,0.54055,2.0265,1.0236,0.46473,0.35045,0.84296,0.7668,0.74025,0.93171,0.49288,1.5987,0.51011,0.32102,0.28143,0.75368,0.39886,1.2961,0.9005,0.96212,0.52373,1.0417,1.2675,1.0446,1.0472,0.50304,0.41459,0.37321,0.27391,0.24116,0.52328,0.61396,0.37831,0.51796,0.49566,0.46806,0.66761,0.42474,0.58225,0.38213,1.4179,0.60491,0.49016,0.56402,0.31072,0.89109,0.95575,1.1674,0.79319,0.52431,0.722,0.32905,0.92025,0.99806,0.72056,0.54821,0.57049,0.58505,0.46319,0.5146,0.45409,1.312,0.4935,0.88679,0.59139,0.51403,0.31882,0.59152,0.9565,1.2942,0.44525,0.89702,0.72769,0.78702,0.75675,0.49303,0.14278,0.35555,0.28781,1.2894,0.82591,0.84462,0.52414,0.58308,0.51917,0.89707,0.63811,0.67955,0.58141,0.7109,0.62558,0.44745,0.33956,0.48255,0.70659,0.95149,0.92566,0.69645,0.47618,1.0182,0.66355,0.90602,0.78922,0.4198,0.9586,0.85504,0.55976,0.59848,0.60836,0.68569,0.75297,0.55569,0.52894,0.59436,1.1021,1.141,0.6031,0.63955,0.55077,1.1833,0.69808,0.50883,0.39906,0.61392,0.59366,0.99811,0.84863,0.59289,0.52019,0.19373,1.1628,0.49103,0.46405,0.75242,0.58289,0.62243,0.43185,0.52151,1.4242,0.35933,0.86223,0.61399,0.54914,0.97839,0.49835,0.50394,0.56965,0.61316,0.60299,0.87848,1.0095,0.76287,0.56532,0.54121,0.72249,0.59245,0.66915,0.54866,0.51126,0.8251,0.49075,0.545,1.2509,0.63751,1.1649,0.93138,0.86917,0.67808,0.42726,0.78738,0.51916,0.51956,0.54274,0.87719,0.51665,0.67312,1.3912,0.822,0.61033,0.86961,0.47953,0.53674,0.93282,0.43983,1.1579,0.94077,0.75053,0.58734,0.55642,1.005,0.58521,0.8871,0.98038,0.55347,0.57722,0.41136,0.78232,0.48051,1.3031,1.4121,0.85268,0.43073,0.7413,0.50286,0.44696,0.76083,0.51827,0.91206,0.61752,0.82975,0.83373,0.49182,0.93147,0.66812,0.29828,0.66209,1.5066,1.0026,0.8109,0.56465,0.45854,0.5408,0.28854,0.40506,0.26765,0.56551,0.55018,0.77867,0.77756,0.51747,0.41923,0.55655,0.50747,0.56238,0.59948,0.74582,1.0242,0.46084,0.58693,0.59947,0.40163,0.40221,0.7102,0.47039,0.62503,1.3306,0.64914,0.42425,0.81492,0.89139,0.40025,0.38724,0.61339,0.86145,0.42961,0.41088,0.67458,0.62678,1.0448,1.1049,0.89732,0.78551,0.81573,0.39757,0.33887,0.52065,0.37168,0.42914,0.54522,0.60321,1.5744,0.6278,0.57728,0.40378,0.62515,0.77392,0.46178,0.51284,0.79181,0.53575,0.98223,0.66017,0.46689,0.26532,0.88159,0.47095,0.5119,0.80873,0.71934,0.39503,0.24932,0.38454,0.42562,0.88889,0.42088,0.78805,0.66679,0.45652,0.93962,0.35365,0.76131,0.89878,0.92167,0.49165,0.63384,0.34588,0.92079,0.57087,0.69893,1.0367,0.44647,0.25833,0.36732,0.60717,0.66473,0.59688,0.50314,0.30264,0.80958,0.78013,0.37536,0.71512,0.75353,0.64296,0.81242,0.7565,0.61739,0.56967,1.0719,0.35629,0.52892,0.8841,0.69173,0.3097,0.36252,0.63246,1.0736,0.48888,0.60497,0.37615,0.96136,0.70009,0.90343,1.1018,0.69806,0.42309,0.61648,0.54592,0.63664,0.5132,0.54655,0.66946,0.64959,0.44398,0.33839,0.69278,1.0009,0.45254,0.36771,0.41429,0.88731,0.75931,0.70267,0.81474,0.7038,0.64698,0.67827,0.53001,0.8093,0.63212,0.38261,0.62045,0.47235,0.5445,1.3464,0.64775,0.2298,0.55915,0.78787,0.95832,0.54764,0.58969,0.39524,0.44468,1.0533,0.82407,0.48437,1.0186,0.63754,0.79654,1.174,0.74818,0.62262,0.63626,0.85095,0.58375,0.79786,1.0832,0.58206,0.6938,0.52171,1.109,0.64702,0.85327,0.2845,0.63259,0.40726,1.1539,1.1852,0.49031,0.5042,0.55277,0.64437,1.206,0.76244,0.59883,0.89408,0.70915,0.97165,0.49849,0.3308,1.0166,0.50662,0.64325,0.5548,0.61182,0.22973,0.63132,1.1386,1.0267,0.51915,1.0333,0.505,0.74383,0.53361,0.48063,0.27412,0.26345,0.86206,0.51843,0.81006,0.70617,0.78513,0.35247,0.52765,0.64113,0.84616,0.73185,1.2284,0.58229,1.0291,0.67457,1.087,0.75048,0.45001,0.91329,0.6044,0.74073,0.64386,0.95064,0.88742,0.44595,0.45468,0.7544,0.72779,0.47793,1.019,1.2016,0.95499,0.58054,0.71105,0.31812,0.65499,0.59567,0.92342,0.90849,0.53974,0.6478,0.96231,0.44015,0.21801,0.47921,0.86412,0.70807,0.68324,0.41181,0.68275,0.59374,0.59685,0.30111,0.83996,0.99006,0.36419,0.59969,0.46145,0.51975,0.63292,0.51995,0.27693,0.3599,0.51411,0.48414,0.58069,0.58911,0.75995,0.97261,0.84501,0.86281,0.55005,0.24096,0.863,0.66697,0.32879,0.30043,0.6438,0.6362,0.41848,0.58143,0.74521,0.81108,0.89072,0.41262,0.60621,0.77219,0.72128,0.38304,0.49688,0.35493,0.28623,0.1954,0.56177,0.4455,0.53607,0.99651,0.45675,0.42963,0.34167,0.89662,0.82373,0.28356,0.68168,0.77214,0.85846,0.98026,1.1624,0.42022,0.33583,0.30593,0.29321,0.66195,0.61647,0.78902,1.0386,0.9913,1.1259,0.72094,1.4272,0.93498,1.0185,1.1265,0.57683,0.33576,0.44297,0.57217,0.87973,0.40842,0.71417,0.62232,1.3942,0.47785,0.57693,1.106,0.6619,0.71493,0.89348,1.1595,0.81509,0.5142,0.50245,0.55471,0.50927,0.44734,0.87237,0.51552,1.1408,0.72514,0.33304,0.58143,1.1501,0.69887,0.75078,0.96707,1.4795,0.34789,0.52851,1.0429,1.2376,0.38392,0.8173,0.4259,0.53372,0.9571,0.64156,0.53703,0.85505,0.79969,0.68651,0.90679,0.17968,0.47527,0.50563,0.78627,0.43362,0.76635,0.5324,0.72409,0.65544,0.47892,0.61182,0.74583,0.39565,0.53792,0.36799,0.32125,0.81181,0.28745,0.41398,0.79457,0.77341,0.41735,0.68669,0.2892,0.67922,0.42451,0.45598,0.6871,0.52562,1.0394,1.0102,0.87491,1.6474,1.0899,0.94052,0.85145,0.42358,0.9004,0.79093,0.96881,1.1266,0.2911,0.41186,0.97316,0.66398,0.6385,0.58063,0.60515,0.59845,1.3123,0.71802,0.30592,0.5779,0.72661,0.5704,0.83502,1.2623,0.56647,0.63881,0.64556,0.65026,0.56038,0.43014,0.49418,0.36417,0.88732,0.6142,0.78318,1.0846,0.48014,0.52411,0.6585,0.48979,0.57963,0.47091,0.73575,0.82908,0.59567,0.54965,0.47043,0.82291,0.44218,0.2499,0.95145,0.95897,0.66114,0.62602,0.66021,1.0665,0.76752,0.86905,0.83462,0.44069,0.91207,0.33116,0.51035,0.71263,0.50849,0.55044,0.69671,0.61067,0.33028,0.34502,0.66017,0.51905,0.88977,0.95172,0.79765,0.27024,0.63665,0.36851,0.42015,0.58,0.33964,0.48478,0.77569,0.71661,0.75917,0.39427,0.50375,0.45642,0.48062,0.4439,0.40003,1.1749,0.3649,1.2122,0.60161,0.57634,0.52889,0.24089,0.36264,0.69667,1.1934,0.66932,0.32114,0.69244,0.88175,0.33522,0.47444,0.83372,0.36138,0.31106,0.51121,0.8414,0.43098,0.76279,0.53141,0.53877,0.53253,0.42599,1.0533,0.57184,0.8101,0.63453,1.2055,0.53175,0.2942,0.57285,0.75391,0.26396,0.40681,0.27532,0.46756,0.82762,1.0485,0.81303,0.76708,0.49402,0.56703,0.53866,0.61446,0.24908,0.5741,0.64556,0.53842,0.58294,0.45155,0.70013,0.3599,0.42254,0.84781,0.47649,1.1114,0.54642,0.66201,0.39922,0.75206,0.43174,0.8793,0.56842,0.58869,0.33895,0.85858,0.90196,1.1775,0.56019,0.55868,0.30832,1.0448,0.80161,0.62353,0.26724,0.75854,1.0201,0.98038,1.2808,0.30444,0.58996,0.36807,0.30435,1.0504,0.96973,0.58623,0.87378,0.63324,0.72087,0.52312,1.0874,0.91041,0.32823,1.0959,1.2163,1.0108,0.39035,0.89239,0.44642,0.58479,0.32231,0.44907,0.90533,0.87473,0.52661,1.0947,0.47614,0.94417,0.34304,0.56374,0.86338,1.412,1.123,0.43946,0.90676,0.55085,0.35055,0.47877,0.52008,1.0608,0.39605,0.65689,0.32822,1.503,0.4207,0.45992,0.98246,0.68895,0.84953,0.63589,0.20675,0.36876,0.97256,1.2451,0.5867,0.57302,0.82366,0.61786,0.69863,0.87754,1.3361,0.94245,0.37828,0.61211,0.42802,0.23012,0.43529,0.8256,0.40161,0.31018,0.36583,0.65416,0.7336,1.4859,1.1991,0.80448,0.36414,0.72926,0.77338,0.82912,0.4126,0.41447,0.64212,0.77092,0.52052,0.85601,0.65048,0.81894,0.89346,0.44073,0.56005,0.27669,0.76919,0.66459,0.58386,0.58232,0.4193,0.67786,0.43668,0.46166,0.44417,0.48486,0.65028,0.73205,0.59148,0.44619,0.52645,0.52358,0.3957,0.69065,0.4499,0.7908,0.83161,0.6866,0.53191,0.41805,0.57815,0.33707,0.79447,0.61481,0.461,0.24777,0.43685,0.32366,0.62217,0.90628,0.36002,0.75203,0.64885,0.37006,0.74112,0.70469,0.77539,0.52333,0.40873,0.58119,0.92415,0.32107,0.64695,0.44356,0.51915,0.33788,0.68696,0.66486,0.60151,0.67254,0.66467,0.58767,0.75832,0.59739,0.52254,0.43552,1.0144,0.67378,0.47589,0.44102,0.77473,0.4024,0.4969,0.98187,0.56299,0.62326,0.92705,0.57715,0.78002,0.41775,0.36946,0.30012,0.4426,0.59744,0.74795,0.39832,0.82839,0.31629,0.51292,0.41415,0.44524,0.98587,0.67575,0.59869,0.61301,0.58799,0.98508,0.93396,0.33743,0.40867,0.32898,0.74212,0.59858,0.27504,0.8511,0.73329,0.32762,0.54934,0.88613,0.87296,0.48863,0.52408,0.75571,0.49017,0.36839,0.62406,0.83702,1.2375,0.65724,1.325,0.89448,0.61302,0.69025,0.96624,0.87291,0.76045,0.53932,0.55266,0.93203,0.83187,0.4139,0.44612,0.49364,0.41801,0.5655,0.87728,0.78237,0.51054,0.34328,1.0323,0.86519,0.77232,0.34145,0.89978,0.87093,0.39526,0.59607,0.99462,0.80027,0.69465,0.68953,0.6258,0.51941,0.4492,0.51606,0.87868,0.36568,0.3937,0.671,0.61141,0.56839,0.56819,0.7159,0.50132,0.4906,0.35609,0.34691,0.56732,0.55341,0.84272,0.35269,1.464,0.73808,0.33717,0.60721,0.78067,0.53175,0.51107,0.66458,0.86765,0.57624,0.49518,1.3715,0.79086,0.70845,0.33436,0.63048,0.48269,0.34579,0.80966,0.75311,0.64164,0.44412,0.58665,1.1395,0.47138,0.35382,0.84981,0.35524,0.33321,0.52532,0.50043,0.46226,0.93766,0.51486,0.39088,0.48137,1.0143,0.28094,0.28822,0.17611,0.73536,0.60621,0.57387,0.48367,0.60882,1.1408,0.80799,0.76039,0.4112,0.54337,0.6,0.7756,0.54601,1.2059,1.1845,0.59795,0.55667,0.56029,0.65587,0.5056,0.50137,0.68028,0.81335,1.2774,0.78347,0.48846,0.30187,0.30539,0.46431,0.24326,0.67603,0.82374,1.0147,1.0779,1.3467,0.73602,0.36494,0.55053,0.43634,0.758,0.74746,0.33873,0.50418,0.63277,0.84273,0.60028,0.64945,0.54888,0.44386,0.75376,0.93578,0.50869,0.81003,0.62166,0.67102,1.4346,1.0148,0.58737,0.51875,0.31245,0.499,0.46346,1.0956,0.75094,0.85572,0.8938,1.0045,1.1396,0.35876,0.71782,0.92802,1.2079,0.55349,0.92771,0.41284,0.47348,0.57681,0.80995,0.32597,0.63404,0.64639,0.49613,0.34089,0.48125,0.77819,0.57765,0.51252,0.5204,0.28237,1.7047,0.65486,0.62726,1.1914,0.94647,1.1689,0.67798,0.44241,0.59273,0.54423,0.52765,0.59636,0.74106,0.47313,0.583,0.64355,0.6116,0.54474,0.38791,0.70731,1.1087,0.57618,0.67352,0.59685,2.401,1.0436,0.90939,0.41269,1.4767,1.148,0.77515,1.6788,1.1362,0.39374,1.27,0.55723,0.52108,1.081,0.72435,0.37281,0.73197
0,0.39164,0.6192,0.70286,0.61383,0.42806,0.33471,0.30745,0.30053,0.85803,1.0238,0.6273,0.63406,0.36884,0.26777,0,0.92824,0.51849,0.65405,0.37322,0.8137,0.71996,0.59757,0.80968,0.7146,0.26392,1.6767,0.57084,0.60674,1.1508,0.40969,0.4543,0.31835,0,1.0187,0.72634,0.54463,0.53163,0.94436,0.32776,0.61169,0.85593,0.57151,0.36916,0.60555,0.25818,0.83907,0.95151,0.64677,0.8155,0.55204,1.3622,0.70699,0.79462,0.68167,0.64506,0.2603,0.38371,0.6321,0.80596,0.82168,0.615,0.31263,0.46045,0.67788,0.91855,1.0597,0.95163,0.32569,1.0378,0.59085,0.56382,0.80375,0.993,0.96374,0.6074,1.1745,0.75298,0.83328,0.42792,0.77963,0.79821,0.50128,0.40764,0.59263,0.52722,0.67664,0.89315,0.9195,0.27998,0.62359,0.65043,0.3908,0.45549,0.41924,0.38859,0.75257,1.4462,1.0216,0.55947,1.2686,0.79785,0.63351,1.5593,0.78586,0.25489,0.36016,0.57831,1.1296,0.62058,1.3102,0.82014,0.76846,0.78579,0.69869,1.1658,1.1445,0.74899,0.89338,0.94259,0.50886,0.47578,0.68026,1.2331,1.1273,0.95739,0.63764,0.38357,0.42637,0.40101,0.40165,0.44366,0.36381,0.75436,0.46735,0.82063,0.9154,0.52439,0.88231,0.37496,0.50613,0.52103,0.58261,0.74011,0.28514,0.34088,0.57731,0.24941,0.51891,0.56324,0.97609,0.56176,1.0052,1.1448,0.42741,0.19833,0.71314,0.6882,0.39058,0.49904,0.76162,1.4624,0.49028,0.51363,0.81874,1.033,0.84182,0.55855,0.38795,0.53146,0.29938,0.62664,0.89406,0.5808,0.86131,0.24788,1.0192,0.48478,0.73023,0.79713,0.36036,0.35495,1.1352,0.60127,0.36153,0.47134,0.48465,1.0756,1.2184,0.77657,0.60662,0.69996,1.1131,1.3493,0.41482,0.56613,0.96558,0.39005,0.43476,0.28662,0.37859,0.72916,1.0605,0.63082,0.80044,0.55591,0.45149,0.69485,1.5129,0.39756,0.56346,0.33075,0.70959,0.66285,0.43982,0.75225,0.38679,0.35159,0.8324,0.76909,0.56798,0.3332,0.42444,0.27453,1.0321,0.36829,0.42228,0.7972,0.28633,0.70823,0.68037,0.37124,1.2354,0.67874,0.56088,0.38023,0.88378,0.82187,0.96337,0.79992,0.41962,0.26633,0.8805,1.5701,0.63847,0.47582,1.6548,0.81865,0.49073,0.85125,0.49134,0.73838,1.4976,0.48982,0.55126,0.46892,0.87184,0.49649,0.86326,0.80047,0.34084,0.37053,0.60433,0.54193,0.73565,0.67125,0.46291,0.4429,0.66515,0.53891,0.65559,0.41207,0.61712,0.40438,1.4922,0.67099,0.792,1.1849,0.60642,0.44792,1.107,0.67026,1.3764,0.8402,0.87296,0.73802,0.74025,0.7432,1.0487,0.71863,0.61467,0.7281,0.5653,0.65286,0.19199,0.56901,0.25832,0.71289,1.5838,0.7417,0.46311,0.98881,1.266,1.4079,0.8638,0.49394,0.55575,0.967,0.8326,0.48725,0.78127,0.6313,0.46441,0.28095,0.3015,0.71308,0.19929,0.51469,0.4629,0.40976,0.58442,0.80175,0.77828,0.45632,0.59788,0.43139,0.39315,0.7756,0.66401,0.52555,0.44171,0.75006,0.73655,0.69075,0.59532,1.1907,0.2895,0.69207,0.71801,0.72073,1.0387,1.0817,1.1512,0.72158,0.72578,0.41201,0.43653,0.52653,0.54877,0.66326,0.70686,0.4388,0.5968,0.80148,0.42139,0.85591,0.76119,0.41927,0.48029,0.59883,0.4059,0.55486,0.22653,0.64339,0.47824,0.53836,0.42264,0.72196,0.34632,0.96042,0.80084,0.66683,0.2478,0.29127,0.49151,0,0.86808,0.83386,1.0356,0.26304,0.74019,0.72621,0.47809,2.1359,0.80827,0.95413,0.58258,0.7397,0.84756,0.39065,0.69253,0.53351,0.59112,0.54265,0.39468,0.9131,0.62239,0.70127,0.40964,0.85773,0.98947,0.45175,0.53402,0.42134,0.43536,0.90516,0.17938,0.76658,0.29384,0.6164,0.97408,1.1555,0.78284,0.73118,0.79434,0.76682,0.86103,0.82137,1.3758,0.37204,0.55175,0.28169,0.55024,0.51061,0.75277,0.88972,1.7439,1.1592,0.92297,0.20669,0.84297,0.74232,0.91073,0.6323,0.8675,0.86893,0.70493,0.97372,0.76069,0.2653,0.48436,1.0756,1.1725,2.1904,0.30772,0.57449,0.55244,1.0337,0.6135,0.54913,0.80604,0.81737,0.29843,0.39234,0.59397,0.55873,0.5683,0.48519,1.3759,0.74837,0.87328,1.3029,0.52264,0.69217,0.59765,0.99087,1.4092,0.67537,1.324,0.44598,0.31877,0.47787,0.92538,0.89335,0.23552,0.23336,0.72715,0.25462,0.42978,0.41628,0.90683,0.76383,0.67463,1.0496,0.52195,1.0589,0.46001,0.83685,0.76055,0.47923,0.54026,0.7805,0.43955,0.31858,0.57695,0.61266,0.56861,0.71805,0.43635,1.6367,0.38175,0.49896,0.8792,0.4551,0.73516,0.79046,0.98444,0.80246,0.8268,0.9476,0.81948,0.8384,0.69499,0.82288,0.70663,1.4781,0.77416,1.4942,0.3506,0.73178,1.0667,0.32138,0.56331,0.70531,0.74521,1.0372,0.52814,0.46544,0.55191,1.0114,0.88546,0.77759,1.4993,0.56388,0.54159,0.41459,0.31222,0.47345,0.8076,0.83467,0.73553,1.5505,1.1151,0.41472,0.97832,3.2255,0.58581,0.76183,0.65801,0.41367,0.47892,0.3412,0.73883,0.59019,1.2956,0.95858,0.92549,1.1661,0.732,1.115,0.84306,0.81064,0.51628,0.83564,0.96109,0.72765,0.92997,0.82206,0.42492,0.71585,0.65824,0.82473,0.47132,0.79158,0.43098,0.83168,1.3403,1.6343,0.98724,0.52089,0.62615,0.99187,0.32014,0.67461,0.7587,1.0702,0.59684,0.61717,1.1938,0.60887,0.52261,0.51111,0.73303,1.1223,0.7073,1.0747,0.89106,0.36855,0.52179,1.4274,0.54973,0.54256,0.66728,0.52752,1.0027,0.55077,0.78193,0.69128,0.70062,0.50752,0.83683,0.85966,0.16757,0.37588,0.4276,0.52218,0.89233,0.2739,0.29956,0.19009,0.94043,0.5744,1.1101,0.74181,0.67532,0.40971,0.6266,0.99016,0.65425,0.76385,0.762,0.66776,0.52141,0.63941,0.59665,0.88889,0.44768,0.79397,0.6135,0.48441,0.29967,0.357,0.54428,0.38791,0.68997,0.70316,0.81389,0.43103,0.35824,0.634,0.70925,0.47506,0.51837,0.31929,0.46772,0.26069,0.58075,0.60244,1.1607,0.2967,1.0307,0.51124,0.351,0.25023,0.50211,0.6712,0.29617,0.67194,1.2069,0.44126,0.89446,0.45075,0.96717,0.46399,1.3298,0.78843,0.56231,0.30853,0.95377,1.0953,1.0055,1.271,0.9053,0.28544,0.32685,0.47915,0.79327,0.79818,0.78393,0.29206,0.80398,0.34009,0.22,0.60933,0.22649,0.34926,0.78838,0.95417,0.98398,0.90992,0.63621,0.46791,0.6854,0.40105,0.58089,1.0891,1.0781,0.61384,0.26258,0.73428,0.53069,0.50225,0.43465,0.52915,1.2528,0.35428,0.69911,0.51131,0.51991,1.0927,0.54128,0.61377,0.38595,0.74398,0.35985,1.4276,0.73207,0.54121,0.39217,0.60688,0.34471,0.46002,0.74173,0.93124,0.5314,0.82157,0.98249,1.2127,0.73475,0.89195,0.63997,0.26382,0.42798,0.45738,0.423,0.63502,0.40289,0.4664,0.64845,0.4512,0.41166,0.42497,0.703,0.22198,0.66202,0.42163,0.46022,0.55001,0.54056,1.1215,0.59685,0.56911,1.0288,1.1076,0.86689,0.58214,0.35472,0.93508,0.49662,0.63111,0.74518,0.36318,0.65907,0.68157,0.53844,0.91849,0.83981,0.26841,0.47256,0.34334,0.40953,0.28345,0.44879,0.62553,1.1468,1.0332,0.48198,0.39065,0.44398,0.48404,0.49549,1.1205,0.5062,0.70634,0.59609,0.95934,1.0173,0.59287,0.49645,0.72989,0,0.65588,0.85067,0.15588,1.6791,0.8274,0.5471,0.64587,0.92206,1.3514,0.42741,0.90381,1.0721,1.0338,0.57363,0.90292,0.87947,0.46184,0.60253,0.71,1.3214,0.95113,0.2271,0.93866,0.38648,0.32003,0.73497,0.93793,0.62138,0.70335,0.56076,0.12521,0.57334,0,0.37027,0.58596,0.42262,1.5753,1.6311,0.62454,0.37206,0.25247,1.3492,0.71037,0.94814,1.1682,0.59687,1.0047,0.60746,0.79136,0.87617,0.53869,0.81268,1.8066,0.28527,1.1622,0.7079,0.73737,0.43456,0.77046,0.62102,0.44745,0.94117,0.6888,0.32485,1.0953,1.0398,0.77088,1.2139,0.50594,0.63814,0.44551,0.52773,0.97022,0.70371,0.39468,0.78063,0.73259,0.78137,0.7723,0.55268,0.38371,0.26405,0.32351,0.5542,0.3762,0.32247,0.56203,0.55058,1.0746,0.92968,1.1667,0.77592,1.3209,0.38742,0.53546,1.2072,0.58217,0.48471,0.51324,0.95597,0.50824,1.4195,0.46398,0.65185,0.74351,0.39577,0.35325,0.70948,0.48186,0.52291,1.0796,0.41145,1.0266,0.67359,0.56055,0.99847,0.40908,0.64268,0.9934,1.0246,0.75865,1.5145,0.62039,0.36375,0.42947,0.76281,0.57801,1.4446,0.91781,0.39703,0.88488,0.27635,0.76039,0.71758,0.66368,0.5619,0.61867,1.2324,0.87003,0.60494,0.95592,0.81687,0.85201,0.82217,0.26964,0.69576,1.1161,0.40963,0.80762,0.95381,0.53545,0.69731,0.29488,1.3416,0.93537,0.61131,0.33232,1.6219,0.54375,0.59803,2.0685,0.86075,0.67654,0.48936,0.54196,0.82514,0.28502,0.61643,0.70343,0.49836,0.38589,0.78378,0.71623,0.302,0.31301,0.7735,0.63624,0.31413,0.51287,0.44184,0.40356,0.46693,0.80835,0.70298,0.93125,0.42206,0.45225,0.47046,0.75104,0.98849,0.60318,0.57633,0.48628,0.50156,1.0075,1.5459,1.0745,0.82793,1.0146,0.98305,0.72652,0.97081,0.40745,0.48115,0.80169,0.31493,0.62102,0.95668,0.79582,0.68695,0.75933,0.55368,0.60767,0.55595,0.7719,1.2239,0.95618,0.76021,0.33991,0.25985,0.70021,0.25471,0.63004,1.7719,0.79806,0.30696,0.49263,1.0577,0.55224,1.0236,0.37591,0.51611,0.22643,0.62901,0.72489,0.32175,0.27964,0.75176,0.24839,0.5847,0.7353,0.62315,0.80562,0.64734,1.057,1.1411,0.53227,0.48953,0.28674,0.98371,0.44939,0.59352,0.61596,1.168,0.67591,1.0419,0.43563,0.42475,0.40024,0.51253,0.35124,0.37725,0.76079,0.67558,0.28186,0.49031,0.88249,0.74806,0.61366,0.93822,0.77372,0.25642,0.61819,0.83917,1.3211,0.89546,0.43125,0.95815,0.62117,0.37901,0.49958,0.27888,1.3383,1.4599,0.83766,0.34926,1.8381,0.72667,1.0885,0.58952,1.777,0.94746,0.67359,0.50474,0.75303,0.61341,0.59994,0.28355,0.70231,0.49264,0.59576,1.1884,0.77212,0.70591,0.48421,0.47059,0.56231,1.029,0.47794,0.46593,0.49477,0.45516,0.19691,0.44455,0.33915,0.91965,0.65098,0.76659,0.90632,0.51774,0.53461,0.81187,0.38692,0.4992,0.4949,0.6134,0.73922,0.55266,1.0873,1.472,0.77139,0.96099,0.50924,0.4425,0.58216,0.51767,0.71447,0.47501,0.76088,0.74247,0.75474,0.35923,0.54263,1.2107,0.75052,0.78138,0.7957,0.70945,0.25535,0.5752,0.50022,0.49275,0.75007,0.85202,0.66277,0.71899,0.79313,0.36167,0.56474,0.94172,0.76412,0.83959,0.93354,1.002,0.74335,1.0171,1.002,0.80575,0.49137,0.96347,1.132,0.67124,0.86141,0.93363,1.0981,1.0677,0.77123,0.32309,0.74318,0.96763,0.39452,0.43999,0.17204,0.41591,0.23854,0.45953,0.55827,0.29217,0.61225,0.33952,0.40425,0.38954,0.54682,0.43565,0.37808,0.47696,0.86745,0.56707,0.75056,0.99366,1.4889,0.39121,0.25913,0.55586,0.96048,1.1661,0.75884,1.938,1.0268,0.90136,0.45632,0.97859,0.96317,1.6241,0.75891,0.55666,0.25201,0.58185,0.67862,0.57242,0.51122,0.47261,0.68915,1.2183,1.478,0.90861,0.73952,1.3854,1.2156,0.83089,0.51465,0.60267,0.64544,0.67861,0.91517,0.60158,0.18265,0.66709,0.6318,0.67278,0,0.16971,0.85237,1.1982,0.73757,0.95338,0.55777,0.41329,0.52568,0.54625,0.63715,0.42295,0.527,0.7228,0.60429,1.1586,0.24389,0.58063,0.46125,0.21526,0.48668,0.7553,0.53867,0.94786,0.7003,0.71411,0.70254,0.72821,0.94208,0.44545,0.42875,0.75225,0.29733,0.52356,0.99423,0.70537,0.56563,0.60564,1.0335,0.69065,0.25497,0.44016,0.6372,0.83409,0.75549,0.892,0.55171,0.77986,0.75008,0.61762,0.24523,0.71135,0.65508,0.58482,0.48427,0.43544,0.88299,0.40622,0.50679,1.4808,0.6853,0.83384,1.1929,0.63284,0.51677,0.28901,0.57009,0.43339,0.81057,0.3737,0.69359,0.43444,0.32151,0.73656,0.66329,0.42282,0.41084,0.47594,0.59627,0.85155,0.72383,0.28651,0.71092,0.64007,1.038,1.6018,0.59738,0.70397,0.48791,0.53579,0.45334,0.72156,1.0838,0.56782,0.28102,0.50393,0.59025,0.79501,0.61236,0.31723,0.67632,1.5899,0.44926,0.57157,0.68801,0.4312,0.58769,0.5922,0.41287,0.49555,0.48544,0.77088,2.1385,0.92577,0.39778,0.50071,0.62677,0.35485,0.93002,0.45709,0.97293,1.2146,0.50709,0.44426,1.1198,0.71179,0.71283,0.59284,0.48556,0.46878,0.57833,0.72413,0.52602,0.99514,0.6835,0.45518,0.61627,0.98923,0.48698,0.79506,1.4171,0.83366,0.46076,0.98618,0.84378,0.18247,0.46674,0.53042,0.36219,0.82732,0.72398,0.42665,0.62382,0.30439,0.67066,0.94569,1.2545,1.2517,0.48857,1.5711,0.84491,0.48285,0.37373,0.56569,0.58932,0.35722,0.87093,0.43843,0.32422,0.61683,0.46397,0.46692,0.62814,1.0329,0.4739,0.55915,0.79977,0.94996,0.34456,0.86622,0.81292,0.74876,0.42739,0.51267,1.099,0.56192,0.58151,0.37819,0.68597,0.54192,0.54369,1.0316,0.54791,0.54909,0.57012,0.55488,0.53851,0.52721,0.40164,0.63031,0.66051,0.84656,0.87937,0.82617,0.61167,1.1887,1.0102,0.89506,1.744,0.96162,0.42301,0.25274,0.55963,0.28403,0.70142,0.64154,0.97729,0.557,0.61055,1.2463,0.59184,0.26113,0.7135,0.84378,0.6996,0.92633,0.46891,0.28225,0.97601,1.0497,0.60968,1.4508,0.93733,0.70882,0.5086,0.71605,0.28625,0.93656,0.75353,0.59415,0.58795,0.47011,0.67429,0.74698,0.41861,0.62756,0.27174,0.44371,0.42102,0.54096,0.86505,0.43665,1.1759,0.29231,0.47652,0.44603,0.66769,0.27268,0.91842,0.45302,0.37759,0.6518,0.607,0.51814,0.4274,0.78242,1.0066,0.5863,0.49498,0.76748,1.0724,0.61639,0.41519,0.47228,0.47813,1.6397,0.78269,0.69929,0.56685,0.50534,0.72198,0.50095,0.92615,1.7493,0.79961,1.069,1.5941,0.76788,0.95035,0.90704,0.53796,0.58638,0.31581,0.74709,0.5449,0.64118,0.92292,0.50148,0.70903,0.52616,0.83399,0.78025,0.32584,0.29446,1.268,0.38185,0.41932,0.74913,0.93947,0.65031,0.77458,0.51845,0.62811,1.1117,0.65556,0.49919,0.56262,0.59983,0.81948,0.6037,0.51709,0.42783,1.5287,0.60434,0.62227,0.94283,0.96301,1.3394,0.46513,0.87403,0.43843,1.1278,0.55358,0.36893,1.3163,0.78014,0.54171,0.58528,0.73559,0.48824,0.78988,1.1222,0.4317,1.0415,0.74785,0.34118,0.57078,0.67782,1.0821,0.45617,0.22837,0.99268,0.63608,1.2425,0.5816,0.49139,0.70304,0.51195,0.4392,0.50824,0.55601,0.2181,0.24965,1.6618,0.96555,1.2174,1.3771,0.42821,0.82086,0.274,0.26204,1.2012,0.85591,0.79542,0.78488,1.5486,0.80727,0.5562,0.36531,0.3156,0.50824,0.31466,0.7941,0.51423,0.79772,1.0589,0.6432,0.32803,0.1619,0.79457,0.58393,0.25875,0.50717,0.74699,2.3903,1.1078,0.45214,0.52082,0.62002,0.56603,1.0369,0.34263,0.35284,0.47162,0.9415,0.84166,0.52592,0.44635,0.52652,0.86475,1.2162,1.3654,0.38416,0.6256,0.50829,0.56638,1.7219,0.39391,0.68555,0.241,1.0775,0.99813,0.95767,1.3162,0.47139,0,0.89515,1.6942,0.4336,1.4407,0.41231,0.24041,0.42283,0.63003,0.16065,0.27582,0.47849,0.82538,0.60253,0.59119,1.1595,0.56279,0,0.75901,1.0015,0.96237,0.60215,0.70907,0.36618,0.30317,0.80542,0.31478,0.35723,1.7324,0.31844,0.87357,0.39785,0.6459,0,0.46735,0.58613,0.98964,0.60955,0.5283,0.54901,0.39512,0.59643,0.65611,0.86641,0.23059,0.69058,0.3364,0.70457,0.52862,0.42695,0.77872,0.35809,0.43638,0.78756,0.47033,0.4451,0.51214,0.4634,1.2272,1.1247,0.86157,0.61796,0.64389,0.62604,0.89423,0.63708,0.73238,0.90405,0.31756,0.88729,0.95735,0.74154,0.42254,0.70626,0.452,0.57465,0.97743,0.48607,0.85315,0.5189,0.42209,0.65793,0.85315,0.45091,0.35448,0.62452,0.45587,0.4907,0.45415,0.45385,0.42417,0.61101,0.444,0.43988,1.1992,0.93567,0.44026,0.56509,0.49061,0.62166,0.27231,0.48029,0.47244,0.83549,0.70045,1.1381,0.41365,0.68229,0.93608,0.35943,1.2828,0.59317,1.2317,0.78916,1.5456,0.67791,0.66467,0.79705,0.822,0.23049,0.32457,0.94631,1.3473,0.55514,0.4438,0.30995,0.43768,0.51804,0.5228,1.5851,0.22615,1.0164,0.92855,0.68214,0.69782,0.40015,0.31286,0.41049,0.29466,0.62257,0.57675,0.88198,0.80774,1.0458,0.85005,0.93083,0.68263,0.53626,0.62615,1.1234,0.62542,0.46766,0.50241,0.33633,0.73674,0.56935,0.52448,0.49251,0.6699,1.2828,1.1727,0.28891,1.1093,0.61024,0.38119,1.0346,0.50729,0.68873,0.38663,0.23933,0.95112,0.96193,1.0347,0.89722,0.65875,0.28682,0.85895,0.40681,0.57158,0.84843,0.7917,0.48284,0.7951,0.48774,0.83344,0.4549,0.85977,0.85071,0.75064,0.29469,0.83949,0.52428,0.66709,0.69486,1.1586,0.60831,0.61042,0.3679,0.71863,0.30866,0.48102,0.92292,0.64049,0.95554,0.42843,0.27394,0.47086,0.547,0.72581,0.49661,1.272,0.91775,0.85592,0.86358,0.61911,0.45118,0.43129,1.4807,0.39638,1.7134,1.3252,0.61293,0.68194,1.0748,0.65558,0.47944,1.2214,0.82664,0.79125,0.31448,1.3794,0.96647,0.79754,0.5577,0.73845,0.60852,0.52719,0.41824,0.59328,0.79104,0.62412,0.72839,0.34839,0.37655,0.73408,0.88645,0.91553,0.80537,1.3757,0.47437,0.67038,0.44112,0.8106,0.76942,0.49172,0.51277,0.56699,0.20879,0.55565,0.22663,0.94309,0.45706,0.385,0.54303,0.6489,0.56937,0.62365,0.23822,0.74609,0.62682,1.4687,1.2485,0.52757,0.57835,0.51034,0.85784,0.50928,0.79207,0.60928,0.55161,0.68564,0.53439,0.62093,0.63272,0.53856,0.68579,0.47695,1.3363,0.55892,1.536,0.72541,0.5239,1.0241,0.31278,0.49281,0.31854,0.49423,0.69033,0.81029,0.56768,0.95516,0.91528,0.65577,0.84473,0.53418,0.69025,0.45587,0.56011,0.35364,0.56034,0.4904,0.75044,0.62673,0.30169,0.80239,0.6772,0.81612,1.2934,0.69691,1.0641,0.36954,0.43249,0.52711,1.275,0.71758,1.2235,1.1945,0.52613,1.0575,0.65598,0.92957,0.46987,0.94027,0.71756,0.39516,0.70201,0.6121,0.73357,1.6547,0.35091,0.64547,0.61408,0.91678,0.78863,0.65354,0.3897,0.68551,0.73422,1.0549,0.59525,0.64772,0.70857,0.66031,0.60752,0.70409,0.74173,0.46263,0.40355,0.43576,0.37398,0.36029,0.66598,1.2994,0.85272,0.99754,0.87426,0.31824,1.0089,1.0865,0.872,0.29484,0.24149,0.59972,0.54264,0.65179,0.61985,0.5081,0.81906,0.83657,0.84756,0.79814,0.54869,0.41613,0.30858,0.62238,0.69981,1.1571,0.38194,1.2146,0.97894,0.78682,0.56137,0,1.3502,0.65363,0.23886,0.91973,0.58873,0.56156,0.58153,0.40362,0.22957,0.52606,0.48384,0.78118,0.453,0.79987,0.69232,0.89598,0.41325,0.75486,0.73624,1.6196,1.7599,1.1348,0.48789,0.92925,1.1098,1.2278,0.50475,0.59257,0.24428,0.65754,0.52652,0.63628,0.47423,1.6321,1.5595,0.20988,1.1179,0.57746,0.45737,0.55867,0.88618,1.0399,0.71371,0.88732,0.65605,0.46174,0.30508,0.39547,0.78697,1.2113,1.4046,0.57224,0.56566,0.24903,0.81883,0.90497,0.54224,0.4817,0.59229,1.1991,0.59189,0.45681,0.71447,0.46056,0.2602,1.1216,0.7005,0.77438,0.6942,0.54871,1.4721,0.60353,0.79431,0.54474,0.41313,1.0353,0.52804,0.64857,0.42403,0.42478,0.70662,1.4974,0.66868,0.17831,0.29679,0.76883,0.84667,0.69321,1.367,0.42581,0.98865,0.40197,0.50909,0.48622,1.0696,1.3641,0.55821,0.49131,0.27386,0.67512,0.72708,0.83462,0.37144,0.51638,0.49962,0.2334,0.95995,1.3172,0.5669,0.51711,0.78899,0.7883,0.43783,0.70687,0.35753,1.1012,0.7486,0.55841,0.4363,0.38962,0.89894,0.64412,0.45686,0.56023,0.33205,0.66898,0.93609,0.87488,0.32037,0.96108,0.78342,0.42849,0.62468,0.42878,0.8789,0.20756,0.41883,0.40043,0.53219,0.74185,0.64832,0.74532,0.98937,0.66466,0.82355,0.72886,1.6334,0.22485,0.4711,0.35111,0.68623,0.26363,0.43796,1.0473,0.75801,0.50635,0.33155,0.54448,1.3468,0.60369,0.83776,0.66579,0.75226,0.67346,0.36511,0.49723,0.71212,0.84604,0.43312,0.55796,0.60167,0.43152,0.51993,0.71635,0.19866,0.47333,0.50956,0.40426,0.68853,0.84485,0.56137,0.58297,0.7669,0.6913,0.47524,0.74649,0.89478,0.35503,0.35585,0.61959,0.51621,0.65466,0.90905,0.63549,1.0327,0.96799,0.72397,0.22993,1.0339,1.2335,0.44329,0.31839,0.43477,0.40666,0.40698,0.37314,0.1395,0.33731,0.61811,0.30386,0.53511,0.71981,0.66342,1.3698,0.83441,1.4771,0.62981,0.8892,0.77152,0.9862,0.91427,0.42416,0.93579,0.38594,0.5076,1.2614,0.89894,0.84628,1.0667,0.65195,0.49824,0.44714,0.62024,0.34455,0.87959,0.71409,0.49586,0.20677,0.63336,0.44096,0.59168,0.46779,1.3624,0.5359,0.58086,0.97787,0.30766,0.5005,0.49109,0.26402,0.50933,0.41674,0.27146,0.74006,0.52029,0.42141,0.40849,0.24463,0.63146,0.70455,0.42081,0.67994,1.5127,0.89362,0.9947,0.61086,0.66881,0.7286,1.2939,0.96457,0.92029,0.79262,0.75419,0.36845,0.6727,0.65998,0.82228,0.72397,0.39438,1.0067,0.37058,0.36807,0.32976,0.56288,0.5098,0.23375,0.68904,0.67667,0.64358,0.61836,0.50702,0.47635,0.73769,0.63108,0.34345,0.64494,0.57467,0.5327,1.0346,0.71748,0.34206,0.44451,0.81278,0.22653,0.43003,0.15604,0.67866,0.77176,1.0523,0.69366,0.41382,0.68708,1.0855,0.97095,0.64029,1.1365,0.80876,0.57599,0.85843,0.43433,0.52329,0.62355,0.51694,0.80168,0.64551,1.1688,0.93807,0.40493,0.52515,0.93465,0.56331,0.60088,0.7483,0.33544,0.73702,0.48937,0.73028,1.2664,0.30445,0.51542,0.89711,0.71594,0.69531,1.2566,0.69178,0.77627,0.86663,0.27785,0.60296,1.2436,0.30071,0.5246,0.69648,0.5934,0.45828,0.65069,0.44826,0.67853,0.56633,1.5168,0.50774,1.2016,0.475,0.73545,0.81262,0.80179,1.0496,0.83845,0.90673,0.43787,0.40209,0.84793,0.33005,1.6203,0.52804,0.65034,0.54771,0.43537,0.56269,0.68318,0.63412,1.4053,1.9621,1.7486,0.86685,0.55082,0.96169,0.84394,0.68377,0.64169,0.48345,0.60891,0.47351,0.82389,0.73259,0.67742,0.39164,0.45503,0.29928,1.3619,0.84611,0.70788,0.49606,0.54746,0.79303,1.0629,0.65262,0.86735,0.60847,0.77194,0.32594,0.58458,1.7313,0.28198,0.40895,0.63168,0.49705,0.78891,0.80782,0.71156,0.66746,0.70729,0.33116,0.60989,1.6013,0.59374,0.84071,0.98896,1.6809,0.35385,1.1068,0.74135,0.24162,0.78251,1.1449,0.40095,0.25215,1.3709,0.86207,0.94766,0.48441
0.36848,0.6358,0.84838,0.4643,0.6038,0.26906,0.50877,0.45355,0.74093,0.4247,0.52386,0.43863,0.45725,0.61451,0.30234,0.64317,0.3379,0.19168,0.29186,0.51565,0.34276,0.40845,0.31215,0.28462,0.91585,0.70779,0.27532,0.7704,0.66395,0.6293,1.0329,1.3287,0.7487,0.90666,0.35349,0.50097,0.8608,1.0038,0.86241,0.68175,0.73154,1.2178,0.3751,0.50428,0.5694,0.3831,0.93537,0.73397,0.5239,0.2959,0.39078,0.43453,1.0621,0.38822,0.66925,0.45164,1.292,0.64664,0.40108,1.0893,0.33751,0.3407,0.83616,0.38071,0.61761,0.5843,0.85633,0.78167,0.46418,0.5232,0.63971,0.73429,0.73325,0.38216,0.57025,1.1333,0.52792,0.92567,0.46021,0.48693,0.8665,0.57569,0.911,0.46515,0.53115,1.4125,0.86699,0.73124,1.1425,0.46064,0.90888,0.80973,0.30663,0.5106,0.5554,0.56718,0.43503,0.4147,0.37882,0.50496,0.539,0.66556,0.8077,0.61459,0.73903,0.7419,0.68972,0.79101,0.402,0.41033,0.68547,0.68937,0.51766,0.65589,1.5942,1.1745,0.74245,0.76878,0.68597,0.32851,0.39324,0.62479,1.1497,1.1597,0.61257,0.97764,1.1348,0.77625,0.72889,0.53283,0.68016,0.41733,0.64159,2.4407,0.60127,0.47674,0.38998,0.7307,0.4911,0.50446,0.53441,0.71637,0.66754,0.99608,0.6458,0.45368,0.5136,0.25591,0.94481,1.0835,0.63732,0.64578,0.62982,0.55058,0.34648,0.48863,0.70222,0.55595,0.56134,0.57945,0.67972,0.50411,0.66552,0.90934,0.57484,0.90596,0.84497,0.7267,0.58736,0.70765,0.67675,0.91657,0.70837,0.63165,0.51383,0.97548,0.61215,0.47,0.8549,0.49111,0.75398,0.71556,0.51314,0.60126,0.34221,0.30442,0.85888,0.77627,0.76064,0.65703,0.55667,0.46086,1.0753,0.47151,0.42594,0.85898,0.95714,0.59125,0.84386,0.956,0.57887,0.75955,0.71295,0.66316,0.51195,0.54321,0.89001,0.75601,0.7661,0.94927,0.94169,1.0267,0.40476,0.57175,0.31203,0.50963,0.65674,0.64748,0.48338,0.50771,0.66057,0.75449,0.24649,0.29231,0.71605,0.79342,0.59603,1.0968,0.74249,0.70532,0.3136,0.76702,0.38927,0.3203,0.33509,0.49311,0.51649,0.80297,0.59942,0.50261,0.51006,0.81621,0.63129,0.75564,0.51956,0.43179,0.43661,0.47428,0.79367,1.3225,0.54018,0.44192,0.49428,0.90293,0.83209,0.72742,0.45313,0.42147,0.63491,0.58824,0.99732,0.41865,0.4828,0.54438,0.5903,0.64046,0.52106,0.50579,0.27159,0.55341,0.62553,0.59864,0.34879,0.62414,0.68393,0.91305,1.0315,0.53839,0.46986,0.49969,0.66243,0.57604,0.64783,0.88788,0.82236,0.72555,0.37421,0.51278,0.47206,0.45556,0.39461,0.49959,0.91419,0.47468,0.72621,0.46378,0.62089,0.74813,0.86403,0.47451,0.30926,0.54726,0.51792,0.7366,0.62128,0.56282,0.37653,0.40717,0.77193,0.82604,0.66526,0.58053,0.39096,0.45309,0.88251,0.38761,0.64906,1.1424,0.91944,0.57055,0.59999,0.55518,0.42352,0.6155,0.72147,0.68143,0.66684,0.65282,0.8859,0.35608,0.51176,0.79131,0.87451,0.81209,0.94431,1.2608,0.96864,0.79906,0.54934,0.74587,0.92561,0.83855,2.1845,0.94764,0.71498,0.57273,0.52347,0.48445,0.38072,0.40955,0.57745,0.93391,0.38953,0.50308,0.86325,0.58871,0.97636,0.68419,0.61641,0.58479,0.44217,0.38399,0.48929,0.5863,0.82929,0.66848,0.86158,0.84672,0.65593,0.60525,0.64849,0.42464,0.48998,0.36553,0.42158,0.23892,0.46574,0.69353,0.28999,0.7864,0.4722,2.1221,2.6004,0.43504,0.5252,0.71276,0.61654,0.63843,0.31468,0.44694,1.0548,0.53869,0.36427,0.79077,0.36427,0.50568,0.40682,0.72449,0.84992,1.1955,0.44518,0.5825,0.65079,0.67562,0.73636,1.1605,0.3461,0.53887,0.70521,0.81676,1.3067,0.47366,0.63616,0.56678,0.61221,0.47544,0.91498,0.49352,0.46968,1.0307,0.40176,1.0606,0.75384,0.89625,0.87731,0.4424,0.62988,0.63391,0.65188,1.0635,2.3899,0.54354,0.70057,0.31322,1.1219,0.84683,0.9025,0.32155,0.36709,0.14509,0.37489,0.42322,0.74231,0.38405,0.23644,0.4698,0.66095,1.0599,0.73445,1.5469,0.14828,0.43064,0.42738,0.28937,2.4051,1.1055,0.47174,0.44177,0.46816,0.59629,0.93266,0.70681,0.76821,0.73795,0.61011,0.50151,1.1881,0.65226,0.9296,0.65436,0.46351,0.57359,0.37157,0.67571,0.63584,0.48662,0.44145,0.7459,0.65532,0.85818,0.49253,0.48185,0.85423,0.081082,0.88695,0.49876,0.42449,0.3796,0.38623,0.49565,0.51557,0.7594,0.89895,0.34753,0.45639,0.66444,0.86456,1.1582,0.78086,0.38607,0.54675,0.86958,0.78314,0.37423,0.40457,0.81388,0.43306,0.60799,0.26592,0.87706,0.44537,0.70975,0.66335,0.82588,1.0099,0.63201,1.1526,0.82327,0.56481,0.56903,0.78077,0.84032,0.52586,0.99985,0.77603,0.38612,0.26099,0.86595,0.77723,0.44232,0.46002,0.77471,0.78166,0.31756,0.79398,0.33777,0.40312,0.37028,0.47363,0.62017,0.81676,1.0772,0.75026,0.65885,0.91451,1.9807,0.42267,0.68903,0.34518,0.7107,0.3067,0.36261,0.49217,0.62129,0.3943,0.72058,0.5253,0.49355,0.33542,0.48198,0.48261,0.7255,0.58579,0.72893,0.53827,0.50794,0.51303,0.70674,0.63668,0.73076,0.76118,0.55952,0.60127,0.68869,0.70996,0.40805,1.1268,1.1457,0.84955,1.2132,0.44713,0.48976,0.26991,0.77839,0.47463,0.53563,0.75738,0.331,0.73281,0.61218,0.72587,0.62381,0.60947,0.28391,0.4677,1.7035,0.67608,0.48262,0.67814,0.63211,1.18,0.61256,0.68552,0.65227,0.61526,0.51239,0.60548,0.52516,0.52127,0.93346,0.4655,0.41713,0.36522,0.42742,0.54293,0.69688,0.54772,0.563,0.61161,0.48752,0.87152,0.78588,0.42603,0.77546,0.48639,0.57926,0.77244,0.66971,0.93865,1.5284,1.155,0.96749,0.48617,0.46529,0.84853,0.41167,0.54263,0.76309,0.43096,0.93052,0.68978,0.72513,0.50993,0.1983,0.36512,0.48562,0.744,0.5539,0.6258,0.61444,1.4097,0.66581,0.4098,0.5093,0.38961,0.57651,0.75328,0.59523,0.18961,0.50369,0.37157,0.54278,0.69806,0.44374,0.44952,0.83247,0.49352,0.60094,0.2537,0.75835,0.56164,0.94393,0.63928,0.46337,1.3269,0.49612,0.26655,0.43632,0.61404,0.4927,0.48147,0.70304,0.87925,0.47013,0.32796,0.71422,0.7459,0.56796,0.39236,0.5046,0.476,0.74955,0.49827,0.42567,0.63572,0.41412,0.7437,0.87517,1.0115,0.87708,0.84099,0.93267,1.1209,0.43003,0.59866,0.67355,0.65345,0.36563,0.45087,0.86355,0.62968,0.44201,0.4566,0.71063,0.8453,0.57986,0.71446,0.70827,0.76543,0.57146,0.3656,0.2493,0.73718,0.31623,0.75529,1.8542,0.77471,0.56843,0.42482,0.34261,0.40311,1.4786,1.3175,0.71616,0.76318,0.37105,0.40682,1.0526,0.31998,0.73839,0.71983,0.42329,0.88811,0.80138,1.5099,0.57379,0.53683,0.76407,0.57216,0.63344,0.86811,0.34113,0.8202,0.7401,0.40238,0.64277,0.29588,0.64423,0.24508,0.86636,0.71374,0.34038,0.57075,0.91674,0.84028,0.39784,0.42788,0.69581,0.64835,0.53493,0.44463,0.59099,0.67075,0.48401,1.2973,0.94465,0.59234,0.54715,1.0109,0.31742,0.68643,0.66654,0.42915,0.57419,0.69987,0.537,0.54263,0.2716,0.42851,0.46594,0.92049,1.6271,0.86649,0.38656,0.84927,0.81224,0.31485,0.40713,0.65962,0.46975,0.4929,0.9783,0.47597,0.61001,0.73669,1.0533,0.59233,0.65459,0.39851,1.0372,0.67723,0.58792,0.75932,0.64511,0.45737,0.51022,0.68194,0.38079,0.6126,0.68647,0.4063,0.48264,0.20688,1.0785,0.47796,0.73238,0.82569,0.70422,0.26229,0.52541,0.95927,0.57162,0.99744,0.25962,0.42608,0.2756,0.88205,0.56052,0.73653,0.6099,0.5453,1.3169,0.36638,0.72451,0.75605,0.78156,1.5057,0.51239,0.6062,0.46188,0.55336,0.50474,1.0238,1.0542,1.1764,0.89022,0.55772,0.70686,0.57035,0.6146,0.72693,0.50944,0.35821,0.59023,0.55737,0.48624,0.72284,0.61896,0.82483,0.43515,0.47871,0.50397,0.70645,0.70942,0.85506,0.7892,0.54247,0.90662,0.36972,0.38138,0.75534,1.0143,1.0649,0.61687,0.39356,0.33373,0.4823,0.51034,0.89392,0.68536,0.58556,0.64949,0.4016,0.77531,0.82177,0.27382,0.3743,0.73609,0.58396,0.56876,0.63578,0.585,0.80089,1.0736,0.43988,0.68333,0.50989,0.69756,1.1255,0.31079,0.69598,0.39181,0.74718,0.97323,0.69359,0.65891,0.76252,0.22155,0.77131,0.29727,0.69178,1.0867,0.91529,1.0215,0.32024,0.3661,0.40563,1.1731,0.60853,0.8101,0.89868,0.97438,1.0508,0.44287,0.56967,0.77188,0.40945,0.92244,0.77876,0.72038,0.3053,0.47267,0.66814,0.66099,0.39557,0.56443,0.55437,0.61097,0.71694,0.42647,0.63661,0.59943,0.45824,0.52169,0.96146,0.79138,0.51182,0.62514,0.48122,0.42892,0.87125,0.49776,0.72178,0.44147,0.53191,0.35555,0.35659,0.35497,0.44911,0.84623,1.0511,0.4391,0.78219,0.55553,0.28071,0.62965,0.50694,1.077,0.5308,0.3231,0.6548,0.83301,0.98109,0.91961,0.4847,0.67957,0.50293,0.62334,0.79793,0.60882,0.58673,0.43563,0.49124,0.81579,0.76955,0.48341,2.4319,1.1327,0.82949,0.71063,0.74663,0.88803,0.46125,0.53345,0.69346,0.57535,0.56447,0.53052,0.42599,0.68692,0.4536,0.55431,1.0232,0.53834,0.58939,0.5064,0.43413,0.32349,0.48879,0.51857,0.45352,0.29616,0.29151,0.91805,0.9903,0.6227,0.28373,0.33196,0.7024,0.67633,0.63672,0.40877,0.35343,0.49292,0.82465,0.81767,0.81795,0.61469,0.67615,0.79884,0.73118,0.90363,0.49078,0.48352,0.54727,0.3138,0.3558,0.51312,0.37111,0.53168,0.94158,0.42751,0.66984,0.57128,1.1452,0.43639,0.69563,0.38775,0.45617,0.62362,0.83645,0.442,0.74745,0.68561,0.37151,0.28311,0.22081,0.63246,0.75346,0.55885,0.2832,0.84256,0.47895,0.81503,1.4791,0.57534,1.1101,0.58836,0.8679,0.67607,0.55886,0.4566,0.47599,0.6231,0.82393,1.1189,0.72403,0.85014,0.54762,0.39599,0.70484,0.4406,0.75583,0.70058,0.53268,0.48338,0.6631,0.64883,0.69721,0.65048,0.45042,0.4648,0.69938,0.88093,0.42568,0.30434,0.83757,0.6015,1.3977,0.58101,0.55078,0.60112,0.57779,0.43012,0.4627,0.66612,0.3759,0.57628,0.35792,0.38288,0.98987,1.2344,0.52368,1.0014,0.43544,0.60834,0.74041,0.78764,1.0311,0.71778,0.943,0.6099,0.31017,0.546,0.59331,0.85789,0.71545,0.87443,0.61197,0.26834,0.85156,0.56236,0.84197,0.95676,0.71076,0.57145,0.57357,0.67229,0.62848,0.83085,0.56839,1.1893,0.86404,0.47731,0.34018,0.54119,0.76383,0.458,0.93279,0.83559,0.43664,0.71681,0.42407,0.69695,0.55451,0.66685,0.993,0.25922,0.63633,0.39121,0.4171,0.60793,0.66615,0.80243,1.1031,0.969,0.42908,0.46116,0.72717,0.70495,0.39585,0.87193,0.62675,0.5975,0.47159,0.52005,0.2053,0.87227,0.57668,0.2467,0.37586,0.4592,0.38609,0.68358,0.69235,0.3915,0.80243,0.55379,0.51687,0.96802,0.78973,0.82693,1.0967,0.37074,0.71587,0.66748,0.7305,0.99366,0.78463,0.51061,0.71661,0.48218,1.1811,0.57414,0.33617,0.67497,0.61676,0.22037,0.50055,0.37544,0.51304,0.18296,0.54987,0.8055,0.86889,0.78253,1.4802,1.1118,0.74699,1.1451,0.3325,0.57729,0.82134,0.95878,0.35874,0.77044,0.67893,0.63107,0.67607,0.72847,0.7269,0.14821,0.30756,0.52052,1.7327,0.49659,0.28611,0.47941,0.72635,1.1387,0.78953,0.57936,0.80914,0.53965,1.2211,0.37531,0.69312,0.47107,0.53583,0.44407,0.54955,0.58777,0.90853,0.74119,0.57855,0.7508,0.75924,0.61808,0.73545,0.4323,0.65478,0.45331,0.29554,0.78337,0.84682,1.0557,0.64573,0.47961,1.4002,1.2906,0.45622,0.42529,0.67861,0.18355,0.69602,0.97282,0.7725,0.83326,0.67044,0.80517,0.41063,0.35171,0.31821,0.3349,1.2312,0.90408,1.1186,0.62403,0.33198,0.43905,0.83245,0.67291,0.69844,0.75438,0.9892,0.3908,0.34871,0.58924,0.61872,0.65147,0.71591,0.48695,0.86997,0.63966,0.60871,0.42738,1.0308,0.75155,0.45397,0.40692,0.80501,0.29902,0.26556,0.6673,0.8078,0.59798,0.77542,0.31776,0.42005,0.34458,0.51947,0.48528,0.68766,0.86783,0.75411,0.46887,0.43491,0.93707,0.70255,0.53335,0.63838,0.81053,0.72733,0.40386,0.63553,0.69514,0.86389,0.57094,0.56583,0.60579,0.60428,0.9229,0.56326,0.69215,1.194,0.65321,0.90854,0.34765,0.78872,0.71057,0.84763,0.51369,0.68152,1.0955,1.5836,0.72596,0.28929,0.81629,0.45883,0.72172,0.8214,0.36203,0.61655,0.28567,0.63142,0.47486,0.67042,0.5252,0.56692,0.59277,0.477,0.50226,0.68795,0.922,0.87018,1.068,0.51499,0.45165,0.67623,0.52563,0.6489,0.43459,0.455,0.41831,0.51853,0.96713,0.85185,1.3297,1.3446,1.3004,0.68801,0.75683,0.57188,0.65281,1.0094,0.63382,0.63502,0.4132,0.81792,0.21659,0.41477,0.23862,0.60765,0.57572,1.071,0.50372,0.31193,0.63692,0.63497,0.30468,0.90852,0.62102,0.65068,0.6154,0.60492,0.64504,0.39434,1.0787,0.91861,0.63987,0.42085,0.61245,1.0063,0.49101,0.59584,0.48193,0.48767,0.86237,0.53563,1.8931,0.58666,0.52925,1.0307,1.026,0.36494,0.58298,0.62132,0.42967,0.75534,0.53327,0.31802,0.4357,0.20652,0.37158,0.98325,0.46551,0.43201,0.38378,0.72539,0.51931,0.4489,0.7165,0.66263,0.93986,0.42377,0.49297,0.41339,0.70288,0.35238,0.70362,0.61086,0.9874,1.0388,0.89421,0.86703,0.32121,0.62863,1.422,0.97956,0.50172,0.7208,1.4057,0.68122,0.36648,0.65403,0.44701,0.49538,0.60364,0.47371,0.66526,0.39648,0.50287,1.2055,0.82701,0.6084,0.76534,0.64854,0.6494,0.58075,0.68583,0.41825,0.5313,0.64439,0.69332,0.25702,0.48802,0.53944,0.62204,0.77692,0.58846,0.92259,0.62136,0.73504,0.72285,0.43508,0.61478,0.52137,0.83397,0.3588,0.3395,0.2037,0.32999,0.76787,0.74325,0.49882,0.91629,0.59478,0.73354,0.52656,0.56756,0.49848,1.2867,0.59665,0.46052,0.94319,0.41946,0.60397,0.36072,0.53229,0.9823,0.62622,0.83428,0.70076,0.91798,0.70966,0.49766,0.60412,0.75223,0.62865,0.57232,0.37672,0.55467,0.2592,0.56561,1.1464,0.60691,0.51559,0.42396,0.77852,0.70402,0.40079,0.40109,0.72702,0.58558,0.44464,0.65625,0.48158,0.44739,0.61365,0.68043,0.5613,0.91082,0.82882,0.38127,0.50561,1.229,0.69184,0.65141,0.63605,0.5143,0.47219,0.52758,0.62481,0.35111,0.53725,0.42319,0.48334,0.36225,0.65038,1.2872,0.52538,0.91354,1.0098,0.73852,1.178,0.39017,0.6268,0.84875,0.44768,0.5693,0.43615,0.48437,0.30175,0.44251,1.0817,0.55873,0.6672,0.84027,0.98009,0.5766,0.42158,0.45376,0.67163,0.50525,0.60648,0.57006,0.60242,0.41104,0.2651,0.58941,0.57472,0.32999,0.28737,0.46291,0.6441,0.75564,0.81046,1.2225,0.51221,0.85295,0.6463,0.5127,0.7124,0.46528,0.33348,0.99803,0.4595,0.49878,1.1563,1.0837,0.40793,0.61633,1.055,0.39783,0.90262,1.0318,0.65789,0.77489,0.47837,0.95468,0.45274,1.0638,0.57042,0.76123,0.77886,0.8168,1.2307,0.51103,1.2142,0.30305,0.22509,0.54044,0.45847,0.86658,0.82481,0.80436,0.3017,0.62743,0.54363,0.73047,0.54317,0.49462,0.44612,0.45854,0.48286,0.44195,0.53565,0.63211,0.49755,0.65774,0.49649,0.57928,0.41221,1.173,0.53815,1.0488,1.0106,0.44576,0.33371,1.0702,0.7272,0.12957,0.37887,0.58516,0.80112,1.2914,0.47641,0.30831,0.79684,0.72707,0.56934,1.1995,0.7385,0.58744,0.94096,0.63858,0.48389,0.80805,0.60617,1.3346,0.55156,0.35152,0.44743,0.35613,0.53409,0.55939,0.70254,0.42176,0.3687,0.97802,0.36093,0.32127,1.1276,0.63612,0.63216,0.53132,1.097,0.73097,0.44322,1.0483,0.75972,0.88039,0.75958,0.47948,0.43122,0.82555,1.4571,0.67213,0.30546,0.34238,0.34527,0.93759,0.43394,0.40348,0.56759,0.72409,0.71846,0.839,0.7973,0.34958,0.91954,0.39596,0.39106,0.46487,0.53924,0.52821,0.7057,0.48594,0.33438,0.37076,0.84485,0.62236,0.45732,0.853,0.28902,0.63536,0.45994,0.64193,1.0046,0.47433,0.50217,0.43575,0.89637,0.50606,0.71743,0.38332,0.42747,0.39308,0.53186,0.93995,0.54743,1.1174,1.0717,0.68779,1.5686,0.38086,0.47691,0.951,0.35867,0.39168,0.86274,0.63413,0.62511,0.33947,0.74829,0.56042,1.3403,0.61825,0.86466,0.62485,0.65347,0.55515,0.45421,0.34348,0.57071,0.858,0.35116,0.67514,0.50984,0.45099,0.98999,1.1486,0.56017,0.51689,0.55579,0.58492,0.32305,0.41039,0.51316,0.49707,1.2454,0.94058,0.74356,0.71396,0.98501,0.59101,0.43634,0.72567,0.80503,0.53804,0.72512,0.48605,0.52493,0.58863,0.63515,0.49134,1.0611,1.0845,1.1808,0.43812,0.66656,1.4257,1.0077,0.54367,0.50111,0.61338,0.47958,0.79836,0.85626,1.4727,0.53418,0.27727,0.23353,0.40245,0.75049,0.60786,0.5008,0.3692,0.66433,0.46343,0.55745,0.41457,0.52011,0.41942,0.95744,0.64554,0.66081,0.43812,0.36036,0.60185,0.54542,0.80646,0.76992,0.86256,0.39708,0.75243,0.68387,0.58683,1.4864,1.2991,0.56127,0.49073,0.5626,0.42795,0.3889,1.0147,1.7148,0.94573,0.74952,0.35739,0.41689,0.77605,1.782,0.81921,0.91617,0.5382,0.51287,0.34084,1.1456,1.5409,0.85641,0.61369,0.39672,0.63544,0.26782,0.82706,0.92142,0.83284,0.49952,0.65804,0.81599,0.58515,0.52055,0.31851,0.72638,0.64068,0.74457,0.7913,0.9905,0.69183,0.77084,0.46399,0.40546,0.55938,0.62839,1.178,0.73944,0.58946,0.41747,0.42854,0.51347,0.62148,0.40322,0.33435,0.46598,0.47839,0.86119,1.1153,0.53368,0.4518,0.37394,0.60397,0.43421,0.57245,0.42301,0.63074,1.4956,0.4634,0.75905,0.87996,1.065,0.54907,0.47408,0.69815,0.40214,0.83297,0.68669,0.44802,0.7262,0.54365,0.59172,0.29153,0.61416,0.68315,0.55724,0.86132,0.47404,1.4054,0.66687,0.71703,0.52798,0.94494,0.4894,0.8066,0.8441,0.59753,0.47099,0.3478,0.50071,0.49267,0.46377,0.50224,0.53763,0.74922,0.4684,0.43331,0.69536,0.2169,0.99436,1.0951,0.85515,1.3064,1.1593,0.63375,0.34924,0.55522,0.89119,0.53173,0.62741,1.0926,0.57207,0.57328,1.2183,0.4758,0.65293,0.58969,0.58838,0.65861,0.58868,0.87019,0.68611,0.45685,0.67993,1.1135,0.69415,0.4017,0.19227,0.38146,0.41601,0.25587,0.30166,0.55149,0.36597,0.58523,0.51561,0.70616,0.711,0.9847,1.0331,0.67155,0.57272,0.61444,0.44785,0.57134,0.62236,0.9538,0.70923,0.54468,0.54602,0.91693,0.74989,0.33675,0.54186,0.52693,0.43995,0.7619,1.5212,1.0689,0.58428,0.69264,0.51799,0.54358,0.73521,0.89674,0.44405,0.69681,0.53136,0.67054,1.0867,1.1502,0.87009,0.73597,0.31841,0.69197,0.78113,0.91735,1.0746,0.44007,0.53022,0.41297,0.30244,0.44715,0.22612,0.50004,0.43244,0.93992,0.39962,0.49056,0.66943,1.6821,0.88842,0.47417,0.58409,0.19492,0.7562,0.68246,0.32127,0.57925,0.68111,0.63161,0.65724,0.60086,0.55443,0.78429,0.64265,0.62859,1.2634,0.89951,0.76048,0.6785,0.57038,0.71855,0.89092,0.6305,0.36322,0.88114,1.0214,0.58957,1.5007,1.1723,0.70613,0.42549,0.45856,0.77263,0.52503,0.4156,0.37202,0.61776,0.8787,0.46549,0.55016,0.77872,0.35943,0.48747,0.45656,0.66365,0.24563,0.68693,0.6864,1.044,0.44501,0.55536,0.3397,0.55393,0.49146,0.39942,0.24306,0.72447,1.0732,0.55664,0.67435,0.63778,0.44822,0.59649,0.3646,0.5634,0.57004,1.423,0.88259,0.48248,0.64535,0.6677,1.1394,1.0853,0.59276,1.1664,0.35192,0.40332,0.46549,0.38715,0.69177,0.80702,0.70489,0.4797,0.81879,1.4349,0.97792,0.7208,0.67233,0.5908,0.4358,0.56333,0.69477,0.92682,0.82127,1.3122,0.52542,0.47868,0.24864,0.32104,1.2939,0.42211,0.59635,0.40591,1.2354,1.1118,0.47008,0.49107,0.72079,0.51833,0.62553,0.40725,0.59829,0.8486,0.74774,0.55113,0.80095,0.92206,0.40191,0.42795,0.47639,0.66411,0.87944,0.29697,0.48768,0.5594,0.43058,0.80964,0.57316,0.9162,0.78754,0.43355,1.1593,0.58861,0.83836,0.81833,0.57104,0.98229,0.65289,0.74141,0.81008,0.49809,0.74141,1.0422,0.63437,0.43997,0.50298,0.35,0.67556,0.71843,0.52117,0.44093,0.49141,0.46251,0.47361,0.92952,0.57981,0.59571,0.68099,0.333,0.76967,0.51777,0.81564,0.89293,0.72263,0.44816,0.54986,0.59882,0.45097,0.29695,0.6873,0.67642,0.93433,0.61454,0.6797,0.52817,0.48472,0.70546,0.4338,0.55328,1.0502,0.56487,0.38777,0.40094,0.47353,0.45538,0.48356,0.26785,0.36865,0.34913,0.6589,0.73213,0.9715,1.1613,1.4013,1.0011,0.45279,0.61559,0.85273,0.95679,0.90569,0.71501,0.55882,0.25365,0.65128,0.83333,0.5765,0.56819,0.87237,0.70664,0.70642,0.59781,0.6233,0.63331,1.1788,1.1018,0.50503,0.66754,0.4759,0.70103,0.4792,0.66474,0.72794,1.1695,0.73183,0.7408,0.62084,0.9425,0.67074,0.48314,0.37841,0.84997,0.57453,0.55717,0.48939,0.44028,0.95284,0.32335,0.64934,0.76014,0.40528,1.0339,0.71348,0.44572,0.65432,0.72206,0.43788,0.69893,0.98728,1.1728,0.83282,1.3552,0.64044,0.62361,0.87491,0.49301,0.53767,0.49457,0.68711,0.61062,0.35665,0.61137,0.53057,0.72012,0.36177,0.75585,0.47597,0.29737,0.52294,0.49688,0.80316,0.49115,1.0128,0.82532,0.54628,0.256,1.1267,1.0763,1.1642,0.4918,0.50579,0.38073,0.79491,0.41793,0.60025,0.36613,0.90633,0.67205,0.45352,0.34102,0.99189,0.90587,0.74074,0.69383,0.99289,0.76721,0.74443,0.57227,0.65053,0.42088,0.39637,0.53519,0.85517,0.83568,0.84669,1.1795,1.1337,0.3796,0.82804,0.75122,0.89525,0.64212,1.0495,0.62642,0.98278,0.57513,0.67009,0.3975,0.57817,0.815,0.40772,0.68001,0.7225,0.40413,0.52098,0.48682,0.48688,0.85655,0.76084,0.70934,0.61913,0.73259,0.77793,0.5407,0.51302,0.57174,0.55512,0.49032,0.59899,0.3515,0.79455,0.51475,0.36133,0.69307,0.44557,0.56521,0.55718,0.32197,0.38703,0.74857,0.64241,0.36061,0.6076,0.87633,0.90032,0.59146,0.43308,1.0906,0.66854,0.63351,1.0868,0.88759,0.53275,0.54833,0.89798,0.56531,0.50766,0.42945,0.59068,0.91285,0.59841,0.51857,0.54167,0.60312,0.56442,1.2365,1.0368,0.75033,0.53801,1.191,0.55823,0.47004,1.038,0.33264,0.577,0.48923,0.66821,0.35901,0.26086,0.36524,0.45511,0.72381,0.32778,0.61131,1.0357,0.60331,0.29415,0.40035,0.45614,0.3198,0.7448,0.80848,0.25695,0.47941,0.64986,1.6198,0.50825,0.36824,0.40815,0.74919,0.55196,0.61462,0.8569,0.57667,0.7702,0.40433,0.74789,0.60181,1.6337,0.93265
1.3121,1.2855,1.5968,0.41337,0.38156,0.77459,0.99342,1.688,1.2075,0.69066,0.36061,0.75195,0.48087,0.19521,0.32612,0.87142,0.24532,0.59059,0.73743,0.53294,0.54305,1.0673,0.67588,0.33682,0.52976,0.71134,0.48665,0.26441,0.97121,0.69217,1.0742,0.57232,0.69387,0.61952,0.27842,0.47231,0.52525,1.4635,2.3692,0.45486,0.38317,0.9552,0.50044,0.68756,0.61718,0.80144,0.21359,0.88641,0.57743,0.79496,0.65713,0.73125,0.80025,0.33936,0.3757,0.50651,0.77853,0.44082,0.59921,0.55767,0.43366,0.36449,0.36778,0.5735,0.22116,0.74141,0.22056,0.64037,1.042,1.1659,0.74577,0.6933,0.84253,0.73153,0.70984,0.63716,0.7833,0.49138,0.48095,0.41009,0.78939,0.63543,0.50821,0.54085,0.43512,0.55686,0.36636,0.82435,0.78355,1.1429,0.44542,0.48557,0.74159,0.30305,0.48714,0.83912,0.46663,0.66122,0.34707,0.62595,0.49573,0.44115,0.63588,0.9189,1.5511,0.86954,0.57145,0.6776,0.2623,0.5943,0.33259,0.53092,0.47537,0.47644,0.70738,0.53748,0.583,0.49978,0.75107,0.96588,0.5864,1.0255,1.2858,0.38968,0.60801,0.56582,1.0995,1.1365,0.5888,0.94655,0.40278,0.32398,0.41148,0.8684,0.81669,0.43216,0.49223,0.72394,0.58818,0.43173,0.72367,0.32429,0.45595,0.58319,0.96174,0.85428,0.651,0.4379,0.4627,0.49562,0.64359,0.66781,0.45454,0.7128,0.69227,0.30826,0.48402,0.9329,0.66013,1.3861,0.54964,0.54291,0.70094,0.4716,0.79297,1.1194,1.3188,0.54296,0.70419,1.4591,0.67684,0.94981,0.21425,0.81671,0.85783,0.38692,0.56651,0.59818,0.80095,0.85507,0.38826,0.63545,1.076,0.32106,0.44245,0.98219,0.42535,0.60127,1.2185,0.6716,0.57661,0.3212,0.52152,0.45968,0.52363,0.7103,0.547,0.67076,0.98441,0.89928,0.65481,0.349,0.37769,1.6465,0.71918,0.52648,0.31815,1.073,0.63418,0.60791,0.67126,0.80752,0.50801,0.8658,0.49056,0.64402,0.94632,0.57997,0.57706,0.48137,0.69442,0.46548,0.33191,0.52309,0.52677,1.1468,0.84854,0.66224,0.93521,0.70635,0.43936,0.54737,0.3192,0.29934,0.59496,0.55571,0.37717,0.60204,0.57431,0.44083,0.31732,0.67582,0.47689,0.66768,0.47681,0.63952,0.82998,0.48128,0.95371,0.86924,0.55162,0.47818,0.98681,0.41898,0.54825,0.43975,0.72177,0.8044,0.66271,0.58048,0.62579,0.67685,0.64415,0.59261,0.5335,0.39092,0.67649,0.42462,0.62329,0.73365,0.71511,0.57239,0.48017,0.74752,0.6469,1.0038,0.60866,0.44578,0.75263,0.63642,0.32596,0.91598,0.82514,0.86517,0.98783,0.6237,0.41568,0.55366,0.48422,0.44093,0.71206,0.88347,0.83258,0.54169,0.42266,0.46963,1.059,0.88181,0.74719,1.0158,0.56034,0.84495,1.101,0.55062,0.83748,0.95406,0.6585,0.62453,0.73072,0.61092,0.44191,0.91985,1.1104,0.69675,0.60723,0.24025,0.68847,0.48652,0.6791,1.0071,1.1649,0.95655,0.62596,0.70995,1.0954,1.1216,0.3409,0.49891,0.64413,0.87173,0.47524,0.70973,0.57135,0.61397,0.79758,1.1318,0.93188,0.52106,0.40603,0.46098,0.84546,1.0342,0.84902,0.28612,0.48243,0.50345,0.63587,0.34442,0.47412,0.47593,0.61464,0.68974,1.2719,1.2591,1.0381,1.0376,0.95375,0.40489,0.59604,0.3825,0.72009,1.2733,0.67208,0.91486,0.94237,1.1229,1.2044,1.3059,0.57911,1.0519,1.0466,1.292,0.61697,0.54365,0.31708,0.41911,0.45604,0.59486,0.72678,0.7812,0.43235,0.73944,0.80909,0.56372,0.43796,0.77149,0.91323,0.34346,0.49101,0.61699,0.79549,0.82672,0.58044,0.35806,0.49534,0.3819,0.36405,0.80226,0.82554,0.50694,0.71503,0.29073,0.51365,0.78001,0.82466,0.44299,0.62777,0.42005,0.88734,1.124,0.69318,0.46922,1.1972,0.68878,0.63558,0.50178,0.86532,0.83309,0.73247,0.22579,0.42849,0.62869,1.038,0.74359,0.7573,0.36868,0.65566,1.5817,0.59628,1.0786,0.45051,0.66804,0.36794,0.7408,0.47612,0.24382,0.38209,0.78955,0.43357,0.84416,0.86671,0.24111,1.3126,1.1575,0.40903,0.5595,0.79542,0.82588,0.69837,1.4751,0.8031,0.69036,1.2413,0.53185,1.441,1.3233,0.60505,0.35653,0.32129,0.45809,0.71426,0.55687,0.49399,0.4223,0.53413,0.91586,0.39061,0.47501,0.52064,0.5853,0.7201,0.52534,0.4904,0.8931,0.40198,0.67637,0.68499,0.42863,0.76988,0.70468,0.45694,0.64271,0.54706,0.93869,0.58775,0.39942,0.33994,0.1981,0.29495,0.39542,0.34885,0.45008,0.40608,0.38809,0.31236,0.88496,1.3095,1.241,1.3458,1.5298,0.48695,0.88773,0.59623,0.79553,0.54005,0.54616,0.36758,0.39259,0.83321,0.76238,0.39259,0.35962,0.51598,0.59451,0.46767,0.8618,0.72105,0.64493,0.97963,0.65046,0.79399,0.65922,0.88146,0.38763,0.66162,0.25183,0.45247,0.77425,0.57662,0.91513,0.86526,0.38443,0.48613,0.58818,0.54344,0.30721,0.27172,0.61704,1.7485,0.84493,0.85539,0.4648,0.63596,0.7611,0.63753,0.61068,0.49882,0.70336,0.58646,0.49689,0.91703,0.52954,0.85386,0.46803,0.26423,1.0248,0.42055,0.50762,0.23793,0.60731,0.75009,0.66249,0.47189,0.4915,0.56993,0.24706,0.37048,0.32359,0.89995,0.75736,0.69261,0.91786,0.75953,0.75384,0.84704,0.70901,0.34965,0.58702,0.56267,1.1302,0.93681,0.25138,0.56413,0.38973,0.53114,0.49416,0.5945,0.5711,0.96082,1.4047,0.42106,0.3297,0.39631,0.67045,0.54303,0.87436,0.89803,0.45285,0.42659,0.72763,1.3062,0.90924,0.32797,0.63615,0.57566,0.93067,0.59587,1.0771,0.47275,0.69017,0.37824,0.94551,0.38369,0.42465,0.6318,0.78043,0.4048,0.75536,0.85334,0.65133,1.3732,0.73397,1.0862,0.48132,0.59333,0.9494,0.82483,0.57446,1.2643,0.48436,0.71654,0.53476,0.35994,0.59168,1.1288,0.74161,0.41012,0.66822,0.90294,1.0705,0.50571,0.3949,0.66187,0.48129,0.58171,1.1378,0.89141,0.55514,0.59815,0.67143,0.36789,0.52476,0.4763,0.87133,0.57726,0.51339,0.70263,0.41403,0.90116,0.35405,0.68766,0.64864,0.64416,0.63316,0.51082,0.66978,0.4221,0.83321,0.55713,0.90675,0.90445,0.55726,0.34354,0.49185,0.65662,0.94662,0.55197,0.33517,0.40929,0.96491,0.67016,1.5303,0.56588,0.48831,0.66418,1.0418,1.0828,0.46732,0.53637,0.80266,0.89795,0.84961,1.0355,0.51103,0.4867,0.57756,0.85408,0.93837,0.93455,0.503,0.73019,0.75916,0.99552,0.73512,0.583,0.50166,0.58176,0.72704,0.33222,0.525,0.59211,0.61246,0.57306,0.6799,1.1061,0.43933,1.1003,0.51407,1.0263,1.446,0.98477,0.27184,1.006,0.98571,0.52177,0.52139,0.85691,0.45918,0.8816,0.30052,0.79138,0.89122,1.0205,0.77158,0.43307,0.70564,0.95034,0.76581,0.55674,0.59788,0.48172,0.64296,0.43612,0.3752,0.75641,0.72393,0.95909,0.99743,0.5997,0.65193,0.46888,0.34877,0.4663,0.62069,0.3838,0.62633,0.52785,0.51824,0.99648,0.63826,0.9409,0.40427,0.9344,0.64738,1.1345,0.5254,0.52369,0.4743,0.26762,0.91187,0.75911,0.5053,0.53185,0.5987,0.42839,0.84185,0.64595,0.75064,1.2936,0.58176,0.53958,1.0125,0.77186,0.55657,0.47343,0.95676,0.43979,0.67675,0.64435,0.76397,1.4219,1.5209,1.0793,0.66425,1.0706,0.61208,0.46809,0.3427,0.34099,0.53952,0.91881,0.72078,0.25067,0.6155,0.63858,0.51194,0.5948,0.3327,0.58564,0.29556,0.55266,1.7017,0.47398,0.61529,0.64139,0.61038,0.54708,0.45789,0.73231,0.68359,0.76517,0.76774,0.58892,0.68611,0.61218,0.64192,0.57501,0.62967,0.25177,0.28059,0.31574,0.30203,0.95588,0.27357,0.62456,0.80559,0.98466,0.65879,1.5809,0.34102,0.46144,1.0302,0.54047,0.61271,2.0184,0.66292,0.87257,0.82175,0.63847,0.49024,1.0853,0.44416,0.51057,0.66835,1.2092,0.97528,0.51447,0.35647,0.46997,0.4837,0.76527,0.98783,0.57971,0.59593,0.75567,0.37595,1.1952,0.44017,0.5039,0.60181,0.73626,0.72863,1.3829,0.58831,0.75261,0.99764,1.1775,1.2782,0.23648,0.93233,0.35042,0.73448,0.96645,0.40317,0.70587,0.97833,0.93823,1.1923,0.45437,0.52949,0.42865,0.55133,0.61685,0.83827,0.78758,0.56855,0.41442,0.49414,0.7698,0.50597,0.45921,0.73497,0.4512,0.80813,0.90552,0.71073,0.3514,0.77036,0.45348,0.60215,0.39367,0.75562,0.74196,1.0312,0.48774,0.45359,0.48575,0.51369,0.52119,0.40788,0.59987,0.70922,1.1413,0.94825,1.0243,1.2775,0.38822,0.9379,0.58409,0.59631,0.37706,1.1934,0.70496,0.32367,0.4542,0.51087,0.87561,0.37855,0.89578,0.79446,0.69349,0.56539,0.51751,0.87877,0.61584,0.95842,0.37577,0.63975,1.0742,1.2507,0.54302,0.7382,0.65069,0.52204,1.2653,0.79193,0.97319,0.38213,0.69025,0.7145,0.54531,0.51766,0.7106,0.47899,0.47144,0.56168,0.46056,0.48373,0.47084,0.70756,1.1456,0.85324,0.57586,0.79016,0.42503,0.6958,0.65726,0.60334,0.42803,0.57843,0.28285,1.0316,1.0351,1.0224,0.53521,0.60825,0.502,0.59276,0.73095,0.45292,0.76128,0.55926,0.61366,0.63965,0.24247,0.55618,1.5361,0.71537,1.0634,0.94966,0.51061,0.54193,0.43369,0.41669,0.25737,0.8774,0.88313,0.71069,1.0181,0.63457,0.72294,1.4619,0.66313,0.6036,0.35493,0.92018,0.42799,0.85252,1.1673,0.6895,0.69215,0.50218,0.67474,1.1423,0.36868,0.53733,0.55245,0.36546,0.31986,0.8193,0.63804,0.48306,0.63479,0.6424,0.62626,0.55932,0.96228,0.61661,0.38204,0.99432,0.62236,1.2888,0.52215,0.33771,0.38111,0.86209,0.28525,0.68868,0.38214,0.68156,0.86838,0.69487,0.78879,0.47775,0.52956,0.79336,1.0203,0.31886,1.2734,0.97111,0.47174,1.0879,0.64528,0.31932,0.50794,0.72188,0.40608,0.63939,0.45072,0.286,0.76349,0.53608,0.71367,0.63816,0.58148,0.45537,0.27525,0.64779,1.0103,0.87569,0.80995,0.68523,0.51806,0.40488,0.64903,0.9825,1.0236,0.47884,0.61431,0.4744,0.34718,0.67526,0.44543,0.90373,0.46062,0.43938,0.61047,0.98197,0.62932,0.35833,0.66152,0.71743,0.67423,0.69163,0.24295,0.52835,0.67315,0.78478,0.33335,0.58917,0.72112,0.41177,0.25244,0.42181,0.40726,0.45135,0.82214,0.50124,0.62215,0.35095,0.54749,0.62808,0.72336,0.44286,0.71424,0.33919,1.0603,0.69701,0.85544,1.3816,0.95525,0.49132,0.52632,1.0353,0.40964,0.28315,1.0294,0.93834,0.39915,1.0114,0.83106,1.137,0.5817,0.71452,0.58551,0.5824,0.50639,0.74571,0.6708,0.80986,1.5663,0.70049,1.007,0.58249,0.51172,0.64247,1.1184,0.53731,1.1388,0.53608,0.86563,0.60546,0.5026,0.81598,0.37619,1.6998,1.0049,0.5869,0.4155,0.30439,0.34065,0.40721,1.1429,0.88991,0.68173,0.46984,0.60756,0.82374,1.1293,0.97234,0.50916,0.8603,0.64341,0.40182,0.64019,0.57098,0.55153,0.63362,0.50795,0.28694,0.52309,0.6072,0.45317,0.53614,0.949,0.78749,0.61605,0.59355,0.75057,0.54466,0.62826,1.1562,1.1596,0.80641,0.51333,1.1512,0.75517,0.77098,1.3645,0.99431,0.72533,0.4856,0.86454,0.41569,0.38292,1.078,0.32771,0.57915,0.75987,0.44368,0.68536,0.41467,1.3099,1.1995,0.64017,0.3697,0.53215,0.51378,0.9909,0.83191,0.30591,1.2696,0.48594,0.34813,0.52412,0.36207,0.49871,0.57273,0.33619,0.3205,0.60992,0.82136,0.98721,0.57378,0.37259,0.49537,0.82501,0.64595,0.62394,0.77013,0.71789,0.61561,0.58659,0.56141,0.66914,0.57687,0.66678,0.91334,0.34587,0.97119,1.0536,0.36164,0.93345,0.98003,0.78014,0.77546,0.37573,0.30428,0.45915,0.72193,0.75462,0.78035,0.61158,0.91014,0.72863,1.164,0.49663,0.52726,0.63038,0.6597,0.5882,0.41171,0.61466,0.57911,0.6464,0.81703,0.65498,0.75283,0.42429,0.39034,0.62999,0.35448,0.49336,0.22708,0.65991,0.87501,0.40211,0.85808,0.25022,0.56381,0.43868,0.57409,0.44121,0.4484,0.82739,0.77163,0.40407,0.61158,0.66579,1.0906,0.89968,0.68274,1.0798,2.6439,1.8748,0.65833,0.31922,0.44681,0.78148,0.71975,0.62555,0.49605,1.0855,0.91177,0.96787,0.79923,0.99625,0.4987,0.64347,0.57204,0.69136,0.73735,0.99041,0.66541,0.57166,0.72591,0.53635,0.53014,0.18298,0.86865,0.80756,0.79821,0.63471,0.38893,0.60347,0.92361,0.60975,0.75688,0.56793,0.65503,0.80469,0.6923,0.64138,0.49075,0.69461,0.52054,0.32691,0.5787,0.8667,1.1095,0.64357,0.41284,0.80392,4.816,3.5824,0.46567,0.32925,0.52847,0.33742,0.43292,0.66155,0.89767,1.0602,0.68704,0.6614,0.44103,0.51402,0.70572,0.66043,0.9437,0.88762,0.84616,0.5077,0.8047,0.68882,0.68537,0.45249,0.71496,0.57153,0.37528,0.44475,0.37636,0.6066,0.61887,0.8628,0.61924,0.56877,1.0493,0.93583,0.9645,0.49207,0.65358,0.79826,0.82207,0.96817,0.51698,0.61905,0.68697,0.67962,0.44283,0.743,0.52121,0.57196,0.91308,0.47951,0.54499,0.90051,0.44835,0.36895,0.31437,1.0498,1.1291,0.74245,0.90272,0.50568,0.42166,0.34119,0.52209,1.0956,0.55356,0.2938,0.59394,0.28583,0.38211,0.29645,0.59935,0.69442,0.9775,1.313,1.3191,0.53606,0.47575,0.92316,0.82044,0.69411,0.57653,0.46817,0.72712,0.46085,0.5455,0.25979,0.28169,0.56255,0.63471,0.87453,0.64278,1.2628,0.76578,0.58202,0.61871,0.4131,0.42485,0.76074,0.62837,0.55434,0.36626,1.0027,0.99693,0.5819,0.98184,0.48879,0.35523,0.83507,1.2445,0.54461,0.69364,0.97922,0.41482,4.1345,5.0375,0.59339,0.54442,0.46913,0.27737,0.74415,0.64862,1.2338,0.6113,0.24102,0.61511,0.71301,0.1896,0.51451,0.44199,0.64032,0.74018,0.41349,0.81503,0.90022,0.72595,0.44369,0.9297,0.35559,0.33769,0.41841,0.28007,0.36547,0.57993,0.97821,1.0089,0.54717,0.46349,0.89876,0.63356,0.61169,0.49192,0.64607,0.8046,0.49766,0.38398,0.55391,0.34883,0.32455,0.4138,0.6728,0.41481,1.333,0.78889,1.8386,2.6376,0.92289,0.77497,0.67778,0.29495,0.50213,1.178,0.64525,0.43967,0.5435,0.72944,0.74523,1.7191,1.135,0.66305,0.54246,0.45772,0.72052,0.83978,0.65564,0.76691,0.40624,0.53332,0.49521,0.87281,0.59521,0.807,1.2728,0.90123,0.63754,0.67789,0.58776,0.56111,0.58288,0.45126,0.54835,0.95643,0.4551,0.75115,0.66714,0.46034,0.68616,0.40716,0.42609,0.61893,0.44742,1.2042,1.0527,0.51229,0.62893,0.32347,0.55405,0.68537,0.45891,0.61593,0.62933,0.56219,0.37504,0.36287,0.89766,0.64823,0.6745,1.145,1.5048,0.54971,0.28011,1.2577,0.54531,0.63719,0.42051,0.69104,0.95213,0.50809,0.59361,0.25523,0.49962,0.55414,0.62138,0.95535,1.475,0.51847,1.1029,0.5905,0.44347,0.8262,0.48762,0.60958,0.59055,0.70574,0.42045,0.72366,0.60204,1.0241,0.49599,0.42775,0.80143,1.1498,0.95635,0.80856,0.48119,0.57401,0.71514,0.44861,0.56547,0.29107,0.90619,0.7775,0.47682,0.86232,0.52943,0.62563,0.34579,0.6086,0.64972,0.84097,0.62546,0.58976,0.93713,1.2235,1.0624,1.7069,0.64154,0.5211,0.94913,0.52725,0.60824,0.25436,0.46227,0.43409,0.35298,0.57624,0.55501,0.53385,0.51531,1.1172,0.64468,0.72646,0.95809,0.34991,0.76438,0.73759,0.81932,0.3231,0.90828,0.60459,1.3026,1.2682,0.65507,0.55334,0.4747,0.39918,0.52054,0.74319,0.58349,0.86076,0.65408,0.60502,0.95806,0.39719,0.28721,0.54153,1.1471,0.22386,0.47774,0.80979,0.27489,0.41155,0.59047,1.1924,1.4206,1.0873,0.61992,0.43982,0.89102,0.67672,0.67143,0.4784,0.83328,0.77646,0.85421,0.55527,0.38063,0.51734,0.68355,0.57814,0.77215,0.54432,0.57794,0.40686,0.65732,1.0532,0.85218,0.88125,0.44822,0.72406,0.87592,0.75297,0.8086,0.33933,0.66068,0.48819,0.76703,0.86078,1.0324,0.55545,0.88192,0.9576,1.1937,1.0575,0.35838,0.50712,0.41086,0.44348,0.59591,0.57844,0.80341,0.38479,0.58045,0.56784,0.52382,0.31232,0.38019,0.38898,0.29344,0.83235,0.69465,0.65758,0.67958,0.52015,0.87003,0.57826,0.52829,0.4505,0.59674,0.68302,0.32852,0.48871,0.6293,0.53268,0.73959,1.0637,0.62723,0.99706,0.8077,0.68347,0.34325,0.89841,0.42333,0.42124,0.79236,0.66011,0.45295,0.96374,1.0798,2.146,0.71077,0.94649,1.1171,1.122,0.587,0.56468,0.6741,0.5626,0.85328,0.4672,0.83508,0.59253,0.95592,0.67894,0.8487,0.60678,1.0888,0.89897,0.43495,0.70488,1.0961,1.0037,0.81647,0.8366,0.47023,0.52372,0.64171,0.49862,0.64075,1.4947,0.47623,0.40267,0.24337,0.40212,0.77435,0.94885,0.36878,0.53791,0.65103,0.3343,0.97576,0.36253,1.0318,0.7505,0.57885,0.7235,0.66424,0.54854,0.75764,0.81125,0.46593,0.49816,1.0921,0.78526,1.2521,0.60671,0.85055,0.75181,1.2818,1.0108,0.39557,0.50644,0.61648,0.38668,0.5671,0.48217,0.33499,0.70463,0.40144,0.51258,0.80896,0.53116,0.69144,0.41363,0.63075,0.93109,0.72299,0.36935,0.55596,0.58183,0.36902,0.51709,0.61607,0.534,0.68976,0.73058,1.1716,0.92249,0.79084,0.83093,0.74431,0.51405,0.9007,1.0874,0.51938,0.54692,0.48465,0.59334,0.81365,0.69834,0.66654,0.87707,1.9142,1.4097,0.85779,0.84268,0.75456,1.0391,0.59651,0.63027,0.47384,0.44711,0.52868,0.64398,0.78004,0.47998,0.79627,0.39995,0.9667,0.52622,0.37729,0.41163,0.45621,0.39419,0.51744,0.55835,0.9372,0.65345,0.6877,0.96978,0.43747,0.906,0.66125,0.81716,0.59847,0.48968,0.78662,0.67614,0.71588,0.84186,0.72144,0.53589,0.59753,0.84048,0.93477,0.31483,0.79313,0.6443,0.68248,0.45061,0.33772,0.5197,1.0289,1.3278,0.52544,0.45655,0.38366,0.51058,0.56187,0.4772,0.41805,1.0726,1.1874,0.72556,1.2756,1.4576,0.39884,0.50036,0.46936,0.66648,0.55686,0.73292,0.48279,0.56913,0.83676,0.81687,0.59347,0.40282,0.51324,1.1213,1.2021,0.81748,0.32164,0.51228,0.80975,0.48007,0.53019,0.72464,0.35063,0.48702,0.93995,1.1446,0.80452,0.6855,0.34889,0.50337,0.5817,0.71986,1.2256,0.33992,0.405,0.57908,0.24743,0.2316,0.82005,1.005,0.89208,0.7789,0.53816,0.66493,0.53749,0.96097,0.86108,0.85393,0.73439,0.66485,0.36667,0.30248,0.60093,0.72045,0.46801,0.58062,0.4305,0.38567,0.63608,0.53402,1.509,0.86078,0.5147,0.71077,0.74883,0.48882,0.79134,0.80463,0.91101,0.42501,0.54612,0.42576,0.55153,0.88394,0.36398,0.60183,0.52348,0.60609,0.37801,0.69424,0.62035,0.51613,0.37064,0.76231,0.96992,0.52221,0.62064,0.57425,0.69119,1.0323,0.62047,0.52248,0.47685,0.6035,0.56418,0.41354,1.8367,0.85613,0.65597,0.20616,0.43063,0.36484,0.68432,0.51175,0.32827,1.0263,0.36422,0.45305,0.79449,1.3686,1.2101,0.63717,0.84407,0.44113,1.3445,0.33883,0.34232,0.35202,0.83388,0.69164,0.24219,0.33191,0.32794,0.8536,1.4337,0.41288,0.37066,0.67514,0.78798,1.1088,0.87722,1.1749,0.36902,0.40203,0.69415,0.27432,0.61065,0.66861,1.2848,0.48065,0.75682,0.83825,0.70534,0.76256,1.303,0.95022,1.3942,0.57072,0.80789,0.28474,0.43562,0.87391,0.80864,0.89912,0.513,0.89553,0.20078,0.60317,0.55022,0.6881,0.82442,0.78437,0.42385,0.60005,0.49532,0.60048,0.31438,0.68801,0.83951,0.46902,0.35863,0.29768,0.38721,0.5087,1.3022,0.51775,0.4612,0.54688,0.82766,0.61511,0.70848,0.57461,0.57799,0.8114,0.30706,0.54746,0.66277,0.51821,0.5703,0.83701,1.4141,1.2211,0.53292,0.99019,1.1225,0.31057,0.78094,0.68109,0.43093,0.78279,0.74862,0.85789,0.47235,0.4401,0.98746,0.67846,0.55721,0.28416,0.19907,0.30546,0.58398,0.54715,0.42615,0.56515,3.4927,2.155,1.1648,0.57979,0.54836,0.66979,0.72713,0.39588,0.40728,0.69149,0.71768,0.78454,0.64378,0.66108,0.34189,0.58924,0.60384,1.1932,0.45796,1.3113,0.49637,0.77438,0.78378,0.3136,0.36702,0.87468,1.176,0.75803,0.71637,0.51265,0.43363,0.69559,0.81324,0.65847,0.4088,0.61213,0.24057,1.0117,0.38552,1.1649,0.86869,0.56462,0.4907,0.3175,0.42763,1.0987,0.65383,0.58504,0.6711,0.62439,1.6366,0.83264,0.97045,0.43565,0.40954,0.67092,0.36417,0.43284,0.55308,0.82655,0.89017,1.1741,0.5883,0.48248,0.91621,0.75543,0.63527,0.31168,0.20468,0.39843,1.2266,0.92735,0.66208,0.61983,0.51987,0.73844,0.37461,0.44817,0.43278,0.78036,0.57219,0.6058,0.6298,0.5206,0.43757,0.34086,0.6461,0.55563,0.56355,0.87217,0.34821,0.25676,0.50636,0.32315,0.71605,0.46038,0.59906,0.73604,0.37909,0.74247,0.52014,1.1964,0.80386,0.30014,0.73003,0.37669,0.70426,0.45258,0.59606,1.1196,0.89902,0.53978,0.63991,0.3273,0.21713,0.69051,0.60833,0.32,0.51087,0.55746,0.61616,0.85322,0.82381,0.65455,0.57808,0.45923,0.73312,0.64195,0.70701,0.62909,0.80714,0.58891,0.50927,0.82129,0.64207,0.77868,0.52169,0.37801,0.45544,0.58929,0.63592,0.67407,0.74661,0.83725,0.38307,0.39468,0.57207,0.48016,1.0064,0.78029,0.46299,0.41873,0.7125,0.14346,0.34362,0.90712,1.0606,1.2375,0.54592,0.50429,0.57445,0.60118,0.64348,0.25914,0.57128,0.79361,1.0105,0.93079,0.36779,1.3933,0.89476,0.68081,0.8295,0.49335,0.9603,0.60493,1.0715,0.93087,0.6768,0.94982,0.75883,0.40864,0.45165,0.50076,0.56881,0.69212,0.65326,1.1701,0.47963,0.61704,0.84581,1.0045,1.0724,0.87196,0.76507,0.58001,0.87727,0.39202,0.76108,1.3623,0.3807,0.44407,0.50473,0.55846,0.74746,0.32238,1.3587,0.77363,0.48657,0.80075,0.95792,0.90636,0.58231,0.54008,0.72614,0.42422,0.92632,0.75442,0.46017,1.1702,0.96569,0.56558,0.50463,0.86794,0.55867,1.1934,0.53642,0.61977,0.22704,0.30682,0.38397,0.61036,0.56274,0.53224,1.1268,0.86704,0.85923,0.96645,0.48953,0.64931,0.67552,0.72799,0.95599,0.7622,0.80415,0.90514,0.50876,0.55498,0.58192,0.63692,0.67673,0.90902,0.44141,0.84303,0.78188,0.70466,0.64332,0.80595,0.49014,0.47361,0.69579,0.73162,0.79322,0.50033,0.88183,0.74072,1.538,0.32026,0.83943,0.99994,0.40016,0.48667,0.85775,0.53893,1.1571,0.9414,0.76651,0.81383,0.52234,0.86347,0.89468,0.85327,1.0471,0.64509,0.78457,1.0158,0.72948,0.33573,0.48727,0.87882,1.0431,0.52203,0.65159,1.1648,1.1687,0.42553,0.46837,0.45303,0.43987,0.60789,0.23887,0.54319,0.21284,0.60057,0.48242,0.52533,0.74379,0.41363,0.23649,0.42132,0.38146,0.29281,0.51606,0.47397,0.71479,0.51217,0.86351,0.39573,0.53867,0.48419,0.27162,0.66709,0.55908,0.35575,0.68475,0.61035,0.71836,0.75673,0.74839,0.64615,0.63563,0.62168,0.61411,0.48804,0.65674,0.68227
1.1986,0.67924,0.66066,0.70445,0.27808,0.44337,0.74888,0.76697,0.80155,0.15472,0.73462,0.81995,0.69009,0.78969,0.50531,0.62674,0.63469,0.46697,0.29166,0.89352,1.2782,0.97492,0.6462,1.2233,0.62313,0.60211,0.62467,0.38153,1.0175,0.8048,0.39144,0.6434,0.79031,0.40998,0.24328,0.53405,0.68163,0.47539,0.42528,0.89587,0.22635,0.61223,0.93547,0.72618,0.78925,1.279,0.46831,0.64263,0.64316,0.73362,0.32887,0.50608,0.61719,0.5713,0.41632,0.39903,0.57552,0.32601,0.44364,0.3444,0.62783,0.50306,0.59382,0.75211,0.47199,0.57538,0.3759,0.5422,0.83803,1.6675,1.1608,0.62101,0.60428,0.75396,0.88909,0.81902,0.69221,0.40501,0.55758,0.68552,0.31264,0.4163,0.49191,0.39964,0.40831,0.48565,1.0515,0.80829,0.73055,0.89996,0.61975,0.3617,0.53988,0.37825,0.48238,0.51152,0.46571,0.54197,0.72177,0.71747,0.55892,0.90728,0.5092,0.98668,1.1566,0.68601,1.1627,0.7044,0.58986,0.42106,0.5311,0.73034,1.0229,0.51822,0.78905,1.0996,0.71679,0.95428,0.54766,0.80932,0.56092,0.53413,0.79014,0.55892,0.51978,0.63851,0.35834,0.45966,0.25219,0.48123,0.19434,0.41601,0.36436,0.59974,0.62799,0.50687,1.2523,0.88535,0.65286,0.533,0.70543,0.66806,0.45441,0.63493,0.84128,0.83785,0.71388,0.66413,0.54881,0.72028,1.2328,1.9574,1.0442,0.74778,1.1331,0.90769,0.64328,0.43072,0.50836,0.49959,0.925,0.81052,0.75977,0.99717,0.88284,0.83367,0.46462,0.36426,0.95187,0.66709,0.80402,0.73096,0.72742,0.7711,0.40879,0.94542,0.56682,0.6962,0.3532,0.895,0.71801,0.62844,0.70735,0.71308,0.50004,0.27639,0.64085,0.69305,0.65054,0.92665,0.68,0.3566,0.43099,0.59302,0.50038,0.24638,0.27132,0.60279,0.54234,0.6721,0.68291,0.73168,0.90044,0.54674,0.46489,0.31735,0.62384,0.4261,0.47886,0.34253,1.419,0.68994,0.79753,0.69781,0.79826,0.90963,0.7544,0.67173,0.73697,0.63738,0.72407,0.66335,0.40616,0.70881,0.54981,0.82229,0.2855,0.85134,0.48062,0.63217,0.47273,0.44021,0.40458,0.88217,0.74906,0.64157,0.7518,0.62837,0.77047,0.70111,0.59285,0.6852,0.28243,0.46054,0.29162,0.22618,0.61725,0.4332,0.55443,0.46713,0.52389,0.53497,0.92655,0.76192,0.6844,0.55204,0.72441,1.0076,0.53931,0.55201,0.75013,0.56941,0.71805,0.5356,0.37312,0.46416,0.61096,0.78315,1.0197,0.8465,0.71988,0.79819,0.68908,0.69804,0.4552,0.71743,0.18561,0.73822,0.9161,0.67055,0.50056,0.51042,0.44152,0.54513,0.42928,0.6493,0.63712,0.50559,0.42995,0.36718,0.48872,0.67355,0.8381,0.54345,0.69984,0.64348,0.56164,0.61924,0.70699,0.62314,0.59043,0.69804,0.52969,0.7466,0.72504,0.82159,0.38384,0.51309,0.5842,1.6372,0.85718,0.7964,0.38113,0.6774,0.66758,0.90022,0.50592,0.65082,0.71791,0.50038,0.8487,0.56087,0.2971,0.70604,0.96267,0.92634,0.58424,0.69611,0.9982,0.55977,0.59887,0.99305,0.73915,0.31668,0.38449,0.55141,0.42979,0.66334,0.45322,0.39501,0.39939,0.57219,0.97475,0.67442,0.52135,0.55795,0.79861,0.38325,0.43175,0.95974,0.2044,0.93718,0.35982,0.26504,0.7897,0.58097,0.3882,0.38618,0.52844,0.4459,0.52999,0.61288,0.63393,0.55249,0.62288,0.83989,0.49046,0.77478,0.51093,0.91845,0.73887,1.0306,0.49106,0.52451,0.6257,0.87063,0.69929,0.70574,1.3087,1.0336,0.75174,0.48402,0.88567,1.3995,0.37742,0.3072,0.5599,0.54547,0.57903,0.6369,0.60101,0.73149,0.79589,0.70811,0.58967,0.9469,0.50573,0.9044,0.52118,0.39198,0.75221,0.53513,0.87217,0.63871,1.2736,0.95101,0.35707,0.59837,1.2614,0.69837,0.29908,1.3103,1.7773,0.5383,0.24408,0.61128,1.0243,0.49955,0.83157,0.69492,0.90616,0.64086,1.0476,0.84851,0.44951,0.54244,1.2892,0.45777,0.79462,1.5758,1.4304,0.79891,0.99326,0.77058,0.50109,0.97508,0.57569,0.38047,0.76721,1.225,0.52736,1.4721,0.54622,0.71003,0.25808,0.90436,0.31491,0.70723,0.82458,0.69217,0.42287,0.39208,1.1327,1.4305,1.4619,1.0314,0.937,0.74352,0.96529,0.61879,0.60757,0.93738,0.67167,0.52334,1.0435,0.38443,0.3951,0.48461,0.32117,0.52615,0.40099,0.58759,0.75516,0.54423,0.52631,0.79232,0.54149,0.75604,1.1726,0.47147,0.55881,0.36841,0.29398,0.26428,0.29627,0.5178,0.31619,0.35983,0.57247,0.5041,0.98196,1.0432,0.85503,0.5123,1.0101,0.88242,0.45904,0.82596,1.1984,0.76885,0.84205,0.63805,0.84701,0.91612,0.98273,0.87632,0.54085,0.75623,0.80836,0.67156,0.73754,0.37789,0.40375,0.97936,0.47244,0.36554,0.62813,0.28333,0.72898,0.81581,0.47343,0.70702,1.2864,0.72781,0.39174,0.33988,0.9815,0.64217,0.77773,1.0759,1.0222,0.8644,0.25181,0.55803,0.78146,0.77552,0.82571,0.67268,0.59207,0.97704,0.76251,2.0351,0.60145,0.51167,0.66708,0.32275,0.51985,0.57256,1.0533,0.49593,0.47142,0.74489,0.51803,0.41116,0.41186,0.54192,0.40178,0.6302,0.81554,0.57562,0.85971,0.78323,0.40267,0.51228,0.54383,0.49193,0.35322,0.58319,0.52624,0.42722,0.34742,0.58336,0.26489,0.8391,1.0582,0.46119,0.74184,1.0754,0.7249,0.56324,0.57995,0.26392,0.36926,0.81949,0.6917,0.68727,0.82811,0.5748,0.7779,0.89293,1.5233,0.30922,0.64476,1.4523,0.67796,1.1744,0.44557,0.44884,0.67297,0.59273,0.90203,0.5588,0.4832,0.51159,0.66568,0.52027,0.95422,0.57422,0.56874,0.44567,0.80419,0.69343,0.71469,0.68501,0.5157,0.21837,0.50861,0.63259,1.0395,1.0709,0.8661,0.51443,0.40704,0.73386,0.71576,0.66325,0.59885,1.0052,0.32862,0.86207,0.50942,0.77736,0.36594,0.38004,1.2334,0.59901,0.5716,0.68216,0.47422,0.51876,0.36633,0.41095,1.3667,0.64348,0.79871,0.92599,0.88354,0.56097,0.72307,0.837,0.65922,0.6142,0.72448,0.82906,0.51775,0.76747,0.53711,0.38765,0.63814,0.37107,0.71287,0.67932,0.83389,0.65322,0.5396,0.54957,1.486,0.71821,1.2277,1.2083,0.65974,0.3812,0.59718,0.93159,0.73182,0.92687,0.8623,0.41866,0.45178,0.85785,0.91025,0.38423,0.85786,0.89495,1.006,0.74598,1.0502,0.43321,0.23346,0.53381,0.61715,0.45214,0.45482,0.64548,0.5104,1.6318,1.0349,1.1161,0.88028,0.96797,0.58533,0.81944,0.91221,0.69337,0.52995,0.65619,0.41581,0.53681,0.81895,1.0408,0.49964,0.58768,0.21436,0.57363,0.46038,0.78768,0.6953,0.4947,0.84664,0.90892,0.25911,0.66367,0.64715,0.73591,0.73985,1.1471,0.88293,0.7682,0.85386,0.86466,0.85475,0.50486,0.46106,0.38666,0.59058,1.2306,0.44642,0.61544,0.63701,0.6702,0.35567,1.0645,0.83171,0.28006,0.30356,0.54792,0.73911,0.93152,0.5754,0.59959,0.89403,0.76422,0.74901,0.66641,1.0697,0.5,0.6907,0.65546,0.57534,0.73671,0.57045,0.3959,0.82896,0.64056,0.416,0.66422,0.46614,0.75874,0.3646,0.45512,0.55074,0.54196,0.53256,0.71337,0.88265,0.35446,0.49658,0.78449,1.0964,0.41836,0.38346,0.21578,0.43185,0.74281,0.58538,0.90876,0.62911,0.58299,0.4001,0.36587,0.48794,0.58726,0.86076,0.6918,0.48011,0.59547,0.96118,0.73762,0.81906,1.0366,0.38421,0.93079,0.54087,0.81009,0.89297,0.91629,0.69246,1.2511,0.32762,0.5536,1.102,0.29805,0.72606,0.48259,0.98545,0.64706,0.41751,0.58708,0.4865,0.80712,0.44207,0.89624,0.63061,1.0962,1.3241,0.57405,0.61979,0.37028,0.72284,0.49005,0.523,0.31212,0.75399,1.5048,0.62706,0.58027,0.44952,0.85434,0.48001,0.56111,0.29275,0.37122,0.30313,0.53462,1.0052,0.90815,0.74517,0.90531,0.7138,1.0794,0.41874,0.40399,0.53427,0.32118,0.89815,0.32926,0.4453,0.45867,0.28476,0.43976,0.52625,1.1689,0.44614,0.66023,1.5284,0.38124,0.59812,0.71988,0.49463,0.25635,1.0858,0.50002,1.0203,0.56109,0.70841,0.50875,0.35518,0.31102,0.77197,0.85379,0.89528,0.41642,0.4587,0.72894,0.71097,0.55436,0.36651,0.55906,0.82377,0.36892,0.59593,0.86937,0.83949,0.59431,0.77414,0.71945,0.53172,0.81569,0.47816,0.54881,0.45429,0.89653,0.67677,0.53077,1.1777,0.80448,0.87176,0.95803,0.46776,0.43371,0.56206,0.79221,0.75555,0.35151,1.0549,0.49262,0.44366,0.57179,0.80871,0.71309,0.6383,0.42195,0.36422,0.53418,1.6106,0.85055,0.71194,0.65953,0.59192,0.89494,0.58903,0.81938,0.49231,0.58173,0.49455,0.47486,0.94166,0.91474,0.58101,0.36665,0.53729,0.47472,0.38659,0.57335,0.35448,1.0581,0.62823,0.91904,0.92491,0.50704,1.6423,1.1872,0.57434,0.7608,0.66022,0.67637,0.78157,0.72777,0.39385,0.31781,0.62091,0.58325,0.61676,0.63496,0.51192,0.9363,1.0753,0.98234,0.63439,0.43868,0.84615,0.99506,0.7254,0.35331,0.74226,0.80251,0.76761,1.307,0.79915,0.4764,0.32166,1.2143,0.97375,0.79465,0.94803,1.4535,0.62531,0.67216,1.0774,0.56752,0.62299,0.49657,0.45781,0.78383,0.56002,1.0353,0.91521,0.88125,1.1484,0.86335,0.89911,0.74834,0.51362,0.43675,0.8082,0.48665,0.48139,0.59874,0.48651,0.48959,0.59638,0.94007,0.47307,0.85008,0.83377,0.38382,0.70289,0.42819,0.39869,0.54589,0.56673,0.69722,0.60741,0.9303,0.69446,0.54514,0.51544,0.57459,0.50694,0.41934,0.39862,0.87775,0.79583,0.55059,0.86779,0.42389,0.36082,0.52656,0.45881,0.70572,0.51483,0.62974,0.60379,0.56594,0.99643,1.1252,0.51688,0.68561,0.53644,0.76923,0.64623,0.62959,0.32024,0.52265,0.51136,0.77482,1.1695,0.46026,0.89582,0.67072,0.62744,0.70266,0.57428,0.6669,0.69739,0.62579,0.50328,0.53069,0.36976,0.4155,0.77837,0.87318,0.66331,0.93427,0.77271,0.4377,0.5711,0.88627,1.2699,0.757,0.62158,0.42395,0.35804,0.49189,0.72232,0.55559,0.53615,0.75312,0.73904,0.50608,0.53199,0.52173,0.3294,0.61985,1.1171,0.77149,1.234,0.43478,1.0048,0.56202,0.47725,0.72925,0.41715,0.80281,0.79727,0.80965,0.60361,0.36862,0.44894,0.44784,0.6263,0.50127,0.70237,0.35577,0.33409,0.66712,0.67525,0.89639,1.4238,1.3254,1.1162,0.75509,0.92019,0.43861,0.56442,1.0551,0.33455,1.1658,0.72464,1.6493,0.80918,0.67238,0.72265,0.92914,0.76766,0.43659,0.48704,0.92483,0.9265,0.347,0.4029,0.81995,0.90491,0.8276,1.0514,0.41685,0.64467,0.66714,0.41341,0.55922,0.55051,0.60178,0.52062,1.6753,0.94027,0.52967,0.69944,0.57367,0.33321,0.59237,0.28036,0.45605,0.75809,0.66013,0.66013,0.7174,1.1019,0.92984,0.63617,0.65195,0.36578,0.84878,0.87511,0.62918,0.49884,1.6671,0.75175,1.0372,0.75998,1.2527,0.33244,0.89429,0.61688,0.54863,0.25512,0.59862,0.71569,0.51439,0.60632,0.39064,0.78905,0.63691,0.93812,0.59549,0.64173,0.53068,0.93535,1.3705,0.63814,0.34426,0.61381,1.6827,0.60633,1.0153,1.4377,0.44842,0.4309,0.48923,0.33092,0.77873,0.60594,0.29829,0.2918,0.81225,0.56767,0.67535,0.57288,0.41842,0.53088,1.6493,1.2885,0.31575,0.4269,0.4764,1.3234,0.66592,0.86847,0.51666,1.2098,0.55632,0.43171,0.65443,0.44852,0.21393,0.4656,0.36169,0.54942,0.46202,0.65163,0.39958,0.45191,0.19534,0.28438,0.68517,1.0797,1.0092,1.301,0.49731,0.34272,0.73028,0.53089,0.31035,1.2509,0.89543,0.74843,0.69922,0.36548,0.6343,0.41142,0.48381,0.47412,0.29305,0.50596,1.0076,2.0224,0.41573,0.62555,0.71189,0.67842,0.58457,0.71498,0.4955,0.78071,0.47541,0.45501,0.81535,0.4037,0.59123,0.74546,0.39652,0.40098,0.49855,0.64932,0.7024,0.37168,1.034,0.38704,0.37306,1.3438,0.97195,0.60418,0.45453,0.22809,0.46192,0.61606,0.5215,0.74511,0.64632,0.26268,0.48862,1.2319,0.44131,0.53928,0.44834,0.4918,0.53393,0.92357,0.54355,1.1898,0.5445,0.40027,0.74724,0.54659,1.9488,0.96285,0.53437,0.75637,0.55721,0.63888,0.62592,0.508,0.58562,1.0144,0.59757,0.56617,1.0435,0.42506,0.53385,0.48445,0.50236,0.33826,0.58618,0.35325,0.56749,0.23286,0.52902,0.96138,0.52442,0.5983,0.60041,0.68102,0.57534,0.30205,0.78763,0.71444,0.3519,0.73588,0.6507,0.93696,0.28702,0.81867,1.0167,0.80289,0.5225,0.40109,0.64226,0.2815,0.56419,0.68007,0.57762,0.39034,0.48693,0.66782,3.0803,2.1564,0.54709,0.48613,0.58634,0.36437,0.79551,0.58266,0.92594,0.65404,0.746,0.25562,0.41174,0.37687,0.27496,0.39826,0.75611,0.57937,0.42387,0.4395,0.39872,0.40599,0.58232,0.69564,1.3338,0.72336,0.53307,0.33434,0.57171,0.68693,0.6659,0.42242,0.76322,0.61934,0.67438,1.1414,0.85275,0.33232,0.45304,0.86094,0.64738,1.1616,0.59649,0.7028,0.82125,0.56961,0.40813,0.52209,0.92194,0.4505,0.79203,0.63447,0.28134,1.0415,0.79499,0.47416,0.36103,0.39476,0.6118,2.0877,0.98803,0.90548,0.52162,1.4212,0.6773,0.75589,0.93702,0.87058,0.3628,0.74993,0.29592,0.41474,0.44109,0.46721,0.68611,0.43949,0.48173,0.40613,0.65606,0.39289,0.34252,0.62188,0.92762,0.69037,0.55672,0.58894,0.30221,0.37385,0.33732,0.84952,0.74104,1.212,0.79452,1.1125,0.62619,0.9385,0.48911,0.45184,0.57987,0.56305,0.37994,0.79677,0.67536,0.80598,0.87518,0.38806,1.1387,0.61251,0.47856,0.71004,0.86795,0.64567,1.0452,0.84091,0.39226,1.6393,3.3721,1.302,0.65055,0.41364,0.4906,0.76659,0.52009,0.68667,0.52566,0.47883,0.54066,0.42579,0.23575,0.48779,0.66373,1.5259,0.6118,0.45243,0.83299,0.6631,0.4738,0.52034,0.49294,0.65463,0.91311,0.54981,0.43303,0.44107,0.35104,1.0371,0.59224,0.72489,0.86686,0.7443,0.48135,0.56714,0.60314,1.0108,0.54081,0.47282,0.69966,0.42622,0.62212,0.9234,0.51637,0.37071,0.59064,0.79751,0.61515,0.32836,2.2667,0.73879,0.72781,0.65966,0.48769,0.80684,0.36171,0.60498,0.55305,0.83654,0.51162,0.36249,0.32888,0.78513,0.88547,0.83115,0.51956,0.61859,0.8352,0.67316,0.73114,0.73484,1.2141,1.0062,1.0636,0.56272,0.65468,0.6338,0.5655,1.1604,1.5167,0.75142,0.62843,0.64097,0.34582,0.58756,0.67,0.9949,0.64168,0.46779,0.4333,0.55583,0.54238,0.58045,0.72023,0.5105,0.96814,0.66634,0.76026,0.51138,0.55595,0.63837,0.91303,0.79611,0.39592,0.73495,0.34179,0.53757,1.0292,0.83339,0.81456,0.62379,0.37939,0.89206,0.60496,0.50864,0.7486,0.49551,0.52755,0.53611,0.68266,0.42827,0.48996,0.76447,0.6249,0.50293,0.58213,0.62242,0.3976,1.1134,0.78361,0.96183,0.62016,0.78944,0.64216,0.77136,0.48451,0.64334,0.34176,0.34869,0.70202,0.65228,0.52697,0.58851,0.53594,0.39128,1.5252,0.61101,0.6284,0.58379,1.0789,0.8195,0.51858,0.86544,0.66608,0.68984,0.94353,1.2129,0.63742,0.77238,0.42832,0.72462,0.87563,0.37344,0.54881,0.75688,0.20403,0.52387,0.80473,0.63767,0.62619,0.70058,0.63575,0.66454,0.53206,0.73783,0.45435,0.51688,0.45767,0.90365,1.0098,0.38144,0.28839,0.28317,0.70292,0.70162,0.46017,0.20344,0.23947,0.35592,0.67085,0.73041,0.9237,0.89784,0.40887,0.54496,0.61736,1.2223,0.75112,1.0583,1.5276,0.71088,0.82323,2.4115,0.55856,0.66226,1.0076,0.54899,0.50712,0.40854,1.1079,0.66162,0.31741,0.52014,1.4431,0.39563,0.35375,0.661,0.91582,0.8682,1.3272,0.32515,0.69989,1.718,1.0715,0.88837,0.95015,0.80783,1.6901,0.59037,0.562,0.3354,0.64723,0.4866,0.55115,0.77132,0.52192,0.43786,0.73036,0.39083,1.1864,0.99227,0.89496,0.61653,0.62884,0.79278,0.45731,0.71699,0.40608,0.78364,0.75457,0.89763,0.94215,1.1477,0.75433,0.91295,0.8801,0.54813,0.57672,1.1286,0.68484,0.78914,0.34053,0.67316,0.62469,0.67369,0.50514,0.69354,0.98705,0.47456,0.38844,0.27871,0.47414,0.61602,0.64296,0.66718,0.49409,0.78487,0.49495,0.65723,0.69936,0.89783,0.45194,0.63743,0.66591,0.45254,0.42658,0.65912,0.79775,0.64739,0.78276,0.75739,0.91721,0.70956,0.64268,0.38524,0.7542,0.66918,0.40155,1.1619,0.98803,0.76258,0.45739,0.7597,0.90072,0.96565,0.41307,1.2245,0.52146,0.45109,0.62954,0.47585,0.63382,0.68924,0.75771,0.80013,0.69254,1.5443,0.5654,0.66039,0.35358,0.9642,0.35845,0.36498,0.34823,0.89193,0.5757,0.48908,0.72758,0.93268,1.4709,0.39396,0.65234,1.7231,0.89934,0.60311,0.59522,0.41362,0.49929,0.3119,1.0771,0.71652,0.8121,0.97433,0.99406,0.77635,0.59849,0.46187,0.40794,0.5038,0.41542,0.41525,0.82691,0.65351,0.71898,0.65935,0.51075,0.82461,0.9994,1.0211,0.3956,0.45438,0.66355,0.42102,0.36816,0.79849,0.52378,0.33947,0.40372,0.58904,0.41126,0.68275,0.98052,0.80162,1.1037,0.49265,0.69113,0.43892,0.69786,0.43649,0.60582,0.57205,0.48794,0.39033,0.60694,0.75887,0.46476,1.5107,0.70927,0.48669,0.64887,1.1811,0.54084,0.47845,0.82514,0.51652,0.69961,0.89835,0.49755,0.35339,0.89689,0.68667,0.34951,0.50584,0.98767,0.81235,1.2463,1.2487,1.0111,0.93825,0.59034,0.67257,0.354,0.67607,1.0191,0.65533,0.79337,0.27854,0.44681,0.52424,0.70198,0.81595,1.043,0.60258,0.96088,0.56726,0.57316,0.82347,0.39529,0.60223,0.56648,0.59886,0.30646,0.63713,0.6155,0.90546,0.57053,1.0603,0.79946,0.44613,1.0728,0.74789,0.88299,0.53171,0.60932,1.4699,0.84791,1.1925,0.34824,0.56899,0.66781,0.30153,0.38052,0.60823,0.68098,0.25473,0.49973,1.015,0.90251,0.86994,0.72249,0.61069,0.79888,0.46289,0.7443,0.52408,0.63456,0.56017,0.91539,0.54073,1.4648,0.48881,0.50875,0.52102,0.35667,0.74387,0.59262,1.1008,0.61485,0.29123,0.41447,0.5386,0.77752,0.61742,0.89272,0.9744,0.4913,0.97342,0.70292,0.70298,0.98578,0.72777,0.91006,0.79732,0.60376,0.68239,0.93758,0.38934,0.30378,0.51722,0.5762,0.80228,0.96769,0.34963,0.46287,0.48651,0.56194,0.38231,0.43247,0.57031,0.59164,0.58937,0.85363,0.50163,0.53526,0.98883,1.0668,0.58221,0.39805,0.63297,0.30606,0.63151,0.37779,0.75641,0.62888,0.70166,0.78736,0.44643,0.48385,0.55466,0.71506,1.1486,0.73189,1.1313,0.60466,0.49843,0.45298,0.41215,0.56777,0.5669,0.42037,0.49583,0.42591,0.6309,0.38588,0.60002,0.75873,0.56057,0.68389,0.55506,0.724,0.52509,1.278,0.64409,0.52176,0.7154,1.0235,0.73494,0.98468,1.1645,0.9344,0.95547,0.54527,0.59345,0.69258,0.47358,0.74776,0.41416,0.45939,0.49653,0.76122,0.3245,1.0867,0.95813,1.3613,0.92963,0.53455,0.48683,0.6973,0.53763,0.3666,0.71658,0.53148,0.25893,0.6002,0.67504,0.48455,0.65878,0.25033,1.0778,1.0634,0.89269,0.76365,0.5328,0.49757,0.46499,0.73509,0.39011,0.55057,0.5229,0.43334,0.53936,0.44242,0.5959,0.68828,0.72696,0.90075,1.3045,0.68127,0.73508,0.64722,0.47575,0.78991,0.65871,0.9213,1.0238,0.77685,0.89419,0.49073,0.31899,0.57019,0.98082,0.61634,0.71113,0.86706,0.51023,0.66047,0.70552,0.68097,0.26577,0.37163,0.38226,0.57503,0.80899,1.0036,0.56437,0.39416,0.27539,0.75055,1.085,0.62619,0.54537,0.33981,0.90932,0.65071,0.53792,0.73653,0.57102,0.81808,0.57934,0.80461,0.55163,0.37394,0.54778,0.38619,0.43155,0.41395,0.39231,1.235,0.51855,0.42125,0.61867,1.0181,1.5141,0.99201,1.3374,0.57294,0.69326,0.30484,0.71827,0.78708,0.80282,0.27562,0.88797,0.60731,0.59926,0.50223,0.53936,0.3511,1.0319,0.49486,0.50349,0.45367,0.79507,0.69142,4.6391,3.1995,1.0748,0.9453,0.6847,0.63872,0.79175,0.43365,0.49013,0.69503,0.80161,0.68839,0.92635,0.41135,0.51683,0.48796,0.52924,0.80275,0.7493,0.62909,0.43362,0.3786,0.56338,1.0954,0.588,0.50502,0.92101,0.6822,0.5802,0.85617,1.2636,0.42723,0.83911,0.52673,0.9858,0.78592,0.42528,0.24456,0.43224,0.72337,0.86529,0.45292,0.7857,0.28175,1.2423,0.58942,0.46167,0.54016,0.70491,0.69187,3.1182,1.6956,0.32373,0.84125,0.59625,0.32995,0.4837,0.52607,0.43455,0.81045,0.8602,1.2744,0.4214,0.45042,0.41693,0.61115,0.35772,0.75633,0.42234,0.70035,0.8615,0.67142,0.55392,0.30914,0.89771,0.90209,0.55197,0.92131,0.56069,0.7528,1.0894,1.2824,1.0301,1.0005,1.1676,0.62853,0.50713,0.91796,0.70761,0.67554,0.37436,0.88767,0.3295,0.35019,0.58884,0.39166,0.39835,0.55206,0.34219,0.44573,0.80572,0.76165,0.83984,0.46489,0.56527,1.5299,0.7992,0.28377,0.61496,0.77115,0.38107,1.1099,1.1983,0.61135,0.41876,0.67314,0.86976,0.7876,0.71522,0.28704,0.83264,0.6664,0.84036,0.76901,0.79641,0.34376,0.43738,0.39703,0.4438,0.62329,0.93051,0.9903,0.78485,0.65299,0.58034,0.50746,1.0011,0.88591,0.55936,0.50971,0.52307,0.78692,0.75841,0.46978,0.55124,0.8607,0.55015,0.57587,1.0398,0.99277,0.38254,0.36443,0.21559,0.24631,0.76181,0.90689,0.56794,0.88776,0.48682,0.62058,1.2774,0.7728,0.69849,0.6614,0.683,0.66912,0.49551,0.6468,0.34854,0.39806,0.25311,0.44815,0.65943,0.87342,1.0414,0.88214,0.46054,0.80558,0.53414,0.53081,0.64156,0.69719,0.76357,0.65814,0.54512,0.88181,0.89593,0.60747,0.60159,0.61314,0.73295,0.82647,0.59307,0.61149,0.59829,0.44007,0.42651,0.69042,0.44063,0.7523,0.61957,0.59615,0.68709,0.58543,1.0168,0.83953,0.36972,0.50881,0.42534,0.91722,0.69975,0.53503,0.90796,0.57613,0.46066,0.7987,0.67756,0.46567,0.52241,0.63534,0.50997,0.88037,0.47135,0.7471,1.1009,0.65279,0.23044,0.29192,0.29678,0.24669,0.52682,0.53412,0.48294,0.51836,0.41543,0.48115,0.62998,0.41856,0.70297,0.43956,0.5111,0.58901,0.86206,0.58932,0.2519,0.52596,0.6884,0.57178,0.67817,0.58383,0.27925,0.6441,1.2295,0.56806,0.93707,0.6455,0.55242,0.5894,0.44879,0.79478,0.28942,0.84408,0.42634,0.41699,0.56646,0.85669,0.95086,0.58623,0.82031,0.85131,0.34797,0.32649,0.6118,0.63014,0.74518,0.62616,1.2913,1.1126,0.36007,0.3495,0.83681,0.66059,0.6431,1.0008,0.54693,0.49035,0.78051,0.37361,0.31118,0.22247,1.3832,0.54019,0.42075,0.58241,0.41919,0.36121,0.34252,0.89849,0.8444,0.39686,1.0073,0.65692,0.43239,0.46132,0.5725,0.68406,0.44864,0.41948,0.93207,0.29834,0.38858,0.56264,0.63507,0.95993,0.76991,1.3566,0.26205,0.17466,0.59063,0.69986,0.37816,0.36277,0.54835,0.40807,0.62363,0.47219,0.41353,0.85816,0.84196,0.65755,0.59151,0.32975,0.67747,0.66597,0.62027,0.61758
0.65441,0.59101,0.45816,0.3972,0.52207,0.40596,0.48906,0.59297,0.38221,0.4895,0.5055,0.60363,0.73784,0.73034,0.6386,0.37155,0.43617,0.57547,0.89803,0.58232,0.65476,0.43988,1.0908,1.0977,0.63274,0.60112,0.81636,0.60216,0.57089,0.88051,0.49838,0.43573,0.64551,1.9569,0.96208,0.68434,0.64037,1.1397,0.40507,0.71905,0.75137,2.3106,1.2781,0.56606,0.89533,0.58689,0.33707,0.55129,0.39073,0.67282,0.49297,0.69771,0.44236,0.9237,0.56285,0.67133,0.51507,0.88416,0.70306,0.67815,0.90859,0.49553,0.62167,0.80774,1.1011,0.976,0.90292,0.83788,0.79103,0.70889,0.50393,0.53034,0.94039,0.40627,0.3796,0.43802,0.61255,0.50504,0.34532,0.45294,0.37438,0.53686,0.66644,0.9366,0.74286,0.74837,1.0236,0.54032,0.73924,0.87551,0.2466,0.41903,0.41418,0.31714,0.71791,0.64442,0.50291,0.40125,0.58613,0.56598,0.60282,0.72676,0.69986,0.90308,0.72141,0.57983,0.46538,1.3066,0.93456,0.6036,0.61151,0.74597,0.83235,0.5336,0.51769,0.63018,0.74347,0.53984,0.61813,0.62993,0.45754,0.48027,1.21,0.88282,0.67842,0.34653,0.36324,0.71674,0.79283,0.33446,0.44182,0.37415,0.55059,0.99551,0.48947,0.55253,0.76245,0.80262,0.63494,0.46287,0.69798,0.90219,0.90426,0.58436,0.37448,0.41519,0.56176,0.46794,0.97249,0.59345,0.61932,0.62114,0.86125,1.0891,0.61433,0.45317,0.56031,0.85045,0.65575,1.0509,0.98577,0.44491,0.67663,0.46181,0.30994,0.5517,0.92381,0.71741,0.86783,0.70356,0.63773,0.76082,0.6971,0.61376,0.51069,0.85072,0.40526,0.65187,0.82572,0.85695,0.69483,0.37903,0.50647,1.2821,0.76177,0.43304,0.93305,0.82957,0.51354,0.68083,0.71952,0.4886,0.91285,0.67151,0.27382,0.31765,0.41588,0.55387,0.70357,1.6034,0.4304,0.39377,0.40732,0.63676,0.60907,0.69434,0.68275,0.51444,1.4735,0.89514,0.63178,0.85344,0.95244,0.43104,0.49202,0.9387,0.83734,0.89283,0.58287,0.37328,0.90084,0.78092,0.71801,0.52797,0.36903,0.46832,0.46662,0.82199,1.3282,0.72744,0.70289,0.36987,0.55402,0.46718,0.57524,1.1227,0.42848,0.39175,0.68138,0.90685,0.68412,0.7623,0.58202,0.52777,0.51455,0.88902,0.8012,0.42056,0.42131,1.079,0.62572,0.40559,0.55448,0.74408,0.22733,0.43981,0.51288,0.69927,0.64518,0.8979,0.75619,0.23895,0.47558,0.4933,0.43004,0.39125,0.22863,0.4206,0.72856,0.88103,0.8046,0.79438,0.81937,0.35833,0.26867,0.32363,0.61801,0.99059,0.79708,0.77902,1.0307,0.51759,0.86351,0.49935,0.43023,0.60811,0.54314,0.76447,0.72622,1.1409,0.32971,0.72272,0.97918,0.42697,0.50542,0.76885,0.89513,0.60843,0.8422,0.95264,0.62564,0.56998,0.56354,0.69477,0.40359,1.1783,0.79151,0.70768,0.60113,0.71783,0.77061,0.59025,0.51541,0.45972,0.38418,1.0713,0.69915,0.47442,0.62565,0.71262,0.60204,0.43696,0.63177,0.42425,0.7487,0.89425,0.81087,0.97584,0.72861,0.71011,0.7611,0.5894,0.88749,0.48661,0.59354,1.0495,1.5321,0.85289,0.51411,0.54778,0.27123,0.64168,0.77369,0.91197,1.0473,0.93594,0.63453,0.54366,0.50363,0.38369,0.44555,0.58785,0.7728,0.71273,0.82283,0.6125,0.45193,1.1805,0.40342,0.33546,0.4555,0.93071,0.62004,0.30593,0.37911,0.48015,0.26032,0.51009,0.97154,2.8388,0.93122,0.55913,0.52051,0.3555,0.59104,0.64913,0.28449,0.573,1.3063,1.2747,0.3924,0.86847,0.53085,1.081,0.70486,0.80727,0.4689,0.96855,0.48567,0.55175,0.56118,0.7646,0.48189,0.46332,0.82565,0.94785,0.69353,0.93726,0.33603,0.22055,3.2581,0.38934,0.86889,0.43152,0.44847,0.63977,0.82978,1.1138,0.97762,0.36372,0.37432,0.91416,1.2505,1.0877,0.58786,0.62445,0.4114,0.76283,0.93257,0.59566,0.39224,0.562,0.97139,0.40197,0.48252,0.28302,0.55871,0.51001,0.84414,1.7218,0.66348,0.48017,0.54046,0.65213,0.38327,0.27087,0.84875,0.41253,0.68818,0.72577,0.59553,0.68637,0.7712,0.77556,0.81415,1.1772,0.57678,0.96991,0.62779,2.6459,0.83936,0.57515,1.0407,1.2004,0.6525,0.659,1.1425,1.042,1.5477,0.80661,0.63055,0.69932,0.88255,0.79016,0.76597,0.32874,0.54337,0.9588,0.43232,0.3119,0.48959,0.25719,0.7132,0.90286,0.34318,0.53671,0.39166,0.35831,0.88986,0.91798,0.61406,0.6654,0.4196,0.79556,0.40533,0.68889,0.56306,0.22923,0.36369,0.76758,0.60111,0.61287,0.62103,0.7611,1.2133,0.95722,0.62763,0.4298,0.91125,1.0347,1.0618,0.45383,0.77129,0.78664,1.0546,0.50656,0.53701,1.0927,0.48339,0.78837,0.61125,0.48459,0.83234,0.68126,0.49475,1.2003,0.93271,0.59517,0.59415,0.62123,0.51908,0.30901,0.62249,0.92517,1.036,0.38692,0.95833,0.60377,0.69509,0.34756,0.71281,0.80093,0.48097,1.1273,0.71148,0.72343,0.67144,0.51691,0.64804,0.73449,0.68962,0.58776,0.594,0.43578,0.56194,0.2906,0.63309,0.67264,0.60473,0.93647,0.93946,0.3288,0.80228,0.85887,0.48425,0.5266,0.45318,0.37019,1.1052,0.63777,0.68294,0.59401,0.49707,0.59211,0.41748,0.56043,0.62888,0.3257,0.496,0.68417,0.58453,0.51498,0.6716,0.62079,0.89733,0.47743,1.6535,1.2973,0.72353,0.44826,0.59032,0.69147,0.34182,0.69816,1.1835,0.73089,0.4025,0.35413,0.44342,0.57551,0.48482,0.92006,0.85267,0.9886,1.366,1.0511,0.88149,0.28762,0.49837,0.74422,1.3018,0.45483,1.0753,0.66412,0.31562,0.40154,0.3495,0.28559,0.57803,0.91467,0.85521,0.72592,0.48829,0.23635,0.37625,0.75635,0.55012,0.28438,0.77891,0.70002,0.57258,1.0734,0.39539,0.78883,1.525,0.75903,0.46486,0.45395,0.52977,0.64997,0.50461,0.36841,0.44394,0.50476,0.70561,0.80715,0.80516,0.71381,0.93686,0.57241,0.36848,0.5436,0.50256,0.90213,0.84833,0.63215,0.56742,0.41278,0.62487,0.98865,0.7048,0.43322,0.48662,0.58315,0.69835,0.52982,0.44198,0.57656,0.57726,0.52377,0.68764,1.1032,0.56327,1.0346,0.46003,0.80106,1.2545,1.125,1.1498,0.64894,0.56105,0.80093,0.47661,0.41337,0.52093,0.84799,0.64483,0.31587,0.37586,1.3388,0.53774,0.75427,1.0385,0.51409,0.7203,0.75557,1.0737,0.48159,0.49693,0.31533,0.67856,0.29729,0.41981,0.85892,0.53514,0.35621,0.82692,0.78396,0.49501,0.32598,0.37688,0.99666,0.89143,0.39082,0.69523,1.4436,0.68935,0.46209,0.47632,0.74618,0.87204,0.26735,0.25771,0.59514,0.75282,0.4638,0.83454,0.37888,0.45152,0.65366,0.55311,0.62492,0.66751,0.63908,0.46545,0.27534,0.62711,0.60511,0.47302,0.47429,0.54521,0.36867,0.44518,0.93409,0.50588,0.71618,0.56699,0.95877,0.95188,0.63067,0.49709,0.5466,0.7049,0.71269,0.65621,0.60799,0.74594,0.62531,0.4767,0.51268,1.766,0.99089,0.44139,0.49274,0.49128,0.46767,0.64103,0.6894,0.97214,0.84701,0.62736,0.65003,0.65819,1.0009,0.6571,0.59643,0.57657,0.39766,0.74628,0.6747,0.64858,0.41377,0.9943,1.0314,1.0014,0.61945,0.67562,0.54903,0.63862,0.78952,0.57197,0.58617,0.81192,0.4652,0.67744,0.39674,0.43511,0.64862,0.53881,0.27356,0.60782,1.2971,1.0365,0.55342,0.76046,1.0448,0.59629,0.446,1.1529,1.111,0.61099,1.052,0.6572,0.89887,0.71192,1.2635,1.7097,0.41166,0.6187,0.57993,0.46505,0.37245,0.39002,1.1644,1.2665,0.59401,0.61114,0.5133,1.9918,0.67664,1.3801,1.0019,0.78039,0.81548,0.94163,0.58916,0.56795,0.63847,1.2159,1.0053,0.54112,0.50182,0.43208,0.78579,0.47802,0.21754,0.43418,0.9837,0.72881,0.99303,0.76486,0.77428,0.55905,0.84077,1.1329,0.81387,0.9082,0.55525,0.38894,0.44086,0.38295,0.33122,0.60828,0.77114,0.6301,0.36056,0.48543,0.6513,1.1528,0.845,0.85593,0.3069,0.76044,0.88124,0.53824,0.52042,0.56854,0.46997,0.44542,0.56763,0.84713,0.56281,0.48139,0.67754,0.76203,0.6714,0.44102,0.69493,1.1858,0.49269,0.64215,0.46688,0.57271,0.5037,0.39527,0.17657,0.60578,1.2686,0.69638,0.45421,0.53203,0.73377,0.24852,0.70221,0.50456,0.77214,0.74334,0.75909,0.71332,0.28242,0.36149,0.72315,0.75078,0.68453,0.43258,0.59142,0.54619,1.24,0.38208,0.8604,0.43505,0.51513,0.54232,0.63647,0.71157,1.2563,0.60105,0.66906,0.69039,0.77148,0.4265,0.6533,0.55465,0.6842,1.1463,0.64067,0.97549,0.59383,0.74217,0.75636,0.49503,0.32691,0.47392,0.68273,0.9349,0.96011,0.63065,0.64283,0.48651,1.0099,0.72517,0.27154,0.71019,0.63762,0.76893,1.2536,0.95149,0.82071,0.80014,0.75461,0.62218,0.65793,0.40271,0.68497,1.198,0.62978,0.44074,0.78419,0.718,0.41798,0.53433,0.75719,0.83918,0.62154,0.60898,0.82648,0.69164,1.0951,0.6644,0.3599,0.65143,0.72616,0.74202,0.54859,0.70727,0.3583,0.59453,0.3545,0.68049,0.82826,0.56343,0.6672,0.83031,0.37359,0.79285,1.0133,1.3282,1.0785,0.69724,0.80425,0.69232,0.34964,0.3141,0.55094,1.3835,0.88103,0.42087,0.43908,0.67927,0.65678,0.33058,0.91508,0.59102,0.98634,0.39182,1.1931,1.1208,0.95226,0.62066,0.53715,0.79588,0.63751,0.66475,0.72238,0.62405,0.82825,0.58955,0.80262,0.3173,0.53561,0.74509,0.9234,0.40501,0.74143,0.83599,0.46011,0.63227,0.89796,0.8818,0.97716,0.90378,0.55441,1.0355,0.60596,0.6281,0.92318,0.40807,0.60027,0.40227,0.51222,0.31008,0.92657,0.84113,0.34583,0.93582,0.76638,0.43817,0.61259,0.38669,0.7739,0.67863,0.48763,0.61169,0.59085,0.81379,0.64421,0.50229,0.68734,0.99629,0.35826,0.61447,0.56841,0.89678,0.59312,0.47519,0.42222,0.50549,0.39436,0.81762,0.45582,0.78243,0.56919,0.53238,0.71347,0.92852,0.28994,0.62591,0.81977,1.1302,0.76953,0.5466,0.76264,0.57234,1.1196,0.52829,0.53015,1.033,0.63837,0.89264,0.5845,0.46633,0.6064,0.45086,0.65915,1.0925,1.3107,1.1299,0.76809,0.41112,0.3697,0.79292,0.77426,0.77319,0.59233,0.68389,0.93108,0.37343,0.51582,0.47961,1.1987,0.63784,0.63743,0.45822,0.39228,0.34144,0.59368,0.84524,1.0338,0.64741,0.8213,0.51338,0.55999,0.74925,0.56179,0.47672,0.4057,0.36467,0.82076,1.0036,0.79247,0.51747,0.85249,0.52126,0.37632,0.99653,0.71823,0.80466,0.90516,0.95825,1.0594,0.52743,0.89909,0.53593,0.66486,0.52731,0.33403,0.91147,0.90724,0.58682,0.47672,0.58783,0.6954,0.75465,0.85825,0.68277,0.46782,0.4332,0.77295,0.74229,0.74423,0.76067,0.78136,0.46655,0.72688,0.79419,0.7915,0.78155,0.61178,0.50754,0.49917,0.75926,0.65644,0.69656,0.30184,0.96435,1.0497,0.56031,0.67459,0.56512,0.86725,0.6859,0.45038,0.63512,0.13591,0.31167,0.49251,0.6944,0.95209,0.9506,0.44409,0.73688,0.76236,0.96383,0.43923,0.64329,0.76005,1.0276,1.0504,0.42098,0.31947,0.71107,0.7563,0.72953,0.56185,1.2155,0.58535,0.28575,0.62285,0.25599,0.37242,0.52519,0.61714,0.345,0.73654,0.44781,1.0504,0.63478,0.26909,1.3025,1.054,0.88981,0.84814,0.65899,0.52167,0.84307,0.73405,0.64449,0.75734,0.62832,0.69881,0.87021,0.69813,0.27252,1.013,0.38709,0.66448,0.31678,0.42255,0.62186,0.55751,0.76204,0.44645,0.36482,0.91871,0.75463,0.45366,1.0246,0.79206,0.34316,0.55623,0.36534,0.86498,0.89811,0.84434,0.74137,0.37279,0.38906,0.38051,0.68134,0.59893,0.44972,0.80269,0.45798,0.54038,0.63773,0.7972,0.64846,0.31258,0.77753,0.92067,0.61845,0.3643,0.40644,0.67281,0.51281,0.38366,0.48978,0.50947,0.49453,0.51786,0.34492,0.68591,1.0818,0.88229,1.0309,0.8295,0.61476,0.49287,0.93626,0.62726,0.32845,0.58575,0.60686,0.98002,0.5179,0.8777,0.67574,0.51362,0.57101,0.43521,0.49812,0.64523,0.65864,0.90623,0.79605,0.5156,0.75422,0.25503,0.57121,0.65898,0.30319,0.48537,0.5941,0.51769,0.39339,0.36074,1.5201,0.61955,0.47793,0.55896,0.39775,0.80185,1.157,0.94187,1.0521,0.57945,0.53847,0.42853,0.95368,0.71308,0.49475,0.44307,0.59296,0.46969,0.28527,0.33163,0.63163,1.2347,0.651,0.58819,0.26648,0.85147,0.47781,0.59134,0.53008,0.44734,0.35464,1.2922,0.51666,0.3263,1.1689,0.88835,0.99813,0.65961,0.40997,0.55863,0.86419,0.57428,0.63257,0.69591,0.48764,0.51988,0.38742,0.37386,0.74709,0.69929,1.2709,0.64876,0.45787,0.59402,0.39847,0.51941,0.28706,0.78446,0.6046,1.0189,0.38429,0.38704,0.61392,0.77769,0.5128,0.30003,0.53866,0.88895,0.33852,0.39531,0.4217,1.0979,0.41508,0.74187,0.37937,0.6784,0.93219,0.65157,0.57354,0.81957,0.43417,0.60694,0.30764,0.68536,0.38093,0.41419,0.83864,0.5246,0.3802,0.57298,0.69461,0.87502,1.0715,0.4562,0.47796,0.57283,0.45107,0.96178,0.46573,0.96114,1.2063,0.55278,0.44865,0.67748,0.639,0.54493,0.63775,0.43631,0.81211,1.3097,1.1773,1.1959,0.85264,1.0455,0.71132,0.24439,0.42751,0.99256,0.46108,0.65583,0.37255,0.30847,0.30988,0.45903,0.53463,0.79834,0.71947,0.79159,1.1826,0.51083,0.84681,0.55832,0.61422,0.66281,0.69128,0.51866,1.1002,1.1108,0.92839,0.80129,1.3296,0.78698,0.68345,0.6326,0.36981,0.7029,0.94844,1.2182,0.78054,1.7207,0.79353,1.0859,0.38447,0.2629,0.90265,0.69793,0.898,0.3938,1.1046,0.52417,0.39641,0.64167,0.67205,0.43397,0.55595,0.49604,0.6198,0.63115,0.47851,0.40305,0.47455,0.66907,0.57856,2.7151,2.8333,0.85124,0.27758,0.61053,0.58772,0.70453,0.35729,0.87123,0.79711,1.1216,0.90664,0.42544,0.42627,0.54959,0.78807,0.69265,0.64576,0.49039,0.38375,0.5037,0.63436,0.41731,0.58498,0.95782,0.98114,0.79314,0.74204,1.157,0.72177,0.66567,0.77937,0.92374,0.48422,0.49675,0.83205,0.67024,0.62642,0.35325,0.85686,0.91158,0.87474,0.40563,0.70524,0.35924,0.30165,0.56447,0.51092,0.41561,0.47882,0.35952,1.7048,0.63786,0.67823,1.0676,1.0625,0.52863,0.33554,0.51795,0.4892,0.49952,0.4787,0.77484,0.56331,0.47629,0.90741,0.45135,0.86704,1.056,1.394,0.84712,0.78246,0.62139,0.64349,0.57424,1.0848,0.51766,0.38493,0.84159,0.65827,0.4437,0.49116,0.61898,0.24811,0.45592,0.24159,0.65126,0.44082,0.53848,0.62187,1.1664,0.61714,0.88228,0.57476,0.62398,0.58926,0.34197,0.91623,0.52302,1.0689,1.1361,1.1571,0.95591,0.43493,0.72131,0.66465,1.0374,0.33432,0.50103,0.74704,0.67362,0.29878,0.67417,1.1082,1.0679,0.52172,0.49722,0.43974,0.93751,0.37784,0.92383,1.1087,0.62597,0.54588,0.7184,0.59744,0.66221,0.52281,0.49039,0.92801,0.49278,0.99045,0.77517,0.68302,0.3861,0.61895,0.55733,0.75678,0.33428,1.0328,0.84438,0.44086,0.69234,0.64226,0.36051,0.5627,0.70304,1.0859,0.82201,0.48835,0.35108,0.29162,0.40449,0.37213,0.6893,0.75866,0.4413,0.57603,0.90917,0.71908,0.79121,0.48171,0.8786,0.60689,0.22072,0.91253,0.66353,0.36154,0.55889,0.26108,0.50846,0.90156,0.42003,0.43542,1.049,0.88997,0.68832,0.61232,0.37263,0.74088,0.5408,0.65895,0.54956,0.72956,0.80098,0.54804,0.91946,1.1883,0.50042,0.54493,0.28419,0.89174,0.69491,0.37131,0.38498,0.57314,0.72778,1.0135,0.81517,0.5942,0.70809,0.38008,0.3528,0.37623,1.2774,0.58362,0.67372,0.47718,0.51689,1.3634,0.72541,0.78287,0.61426,0.66689,0.49588,0.62142,0.39999,0.49068,0.67175,1.1871,1.0678,0.64355,0.3248,0.70896,0.634,0.49483,0.58725,0.93569,0.42074,0.34461,0.80216,0.50793,0.85586,0.53303,1.11,0.75643,0.73958,0.58282,0.35012,0.60529,0.46334,0.77056,0.6225,0.47135,0.31107,0.96328,0.44912,1.2611,0.83861,0.65188,0.56124,0.31331,0.67376,0.60357,1.0615,0.63451,0.44213,0.71127,0.58894,0.39747,0.44659,0.42093,0.42818,1.0085,0.33076,0.68882,0.42925,0.60423,0.98618,0.8594,1.1027,0.51854,0.39947,0.53727,0.47566,0.85887,0.92651,0.93271,0.51402,0.61056,0.66864,0.71493,0.58951,0.71256,1.1001,1.0244,0.825,0.67793,0.68893,0.33713,0.73625,0.46764,0.72638,0.79185,0.45467,0.61654,0.33391,0.68533,0.40268,0.40714,0.89712,0.55396,0.3546,0.58763,0.49242,1.1117,0.6217,0.53347,0.56524,0.5371,1.0125,0.44522,0.36529,0.54847,0.52047,0.68911,1.0003,0.70282,0.90582,1.4765,0.8253,0.52374,0.81792,1.8484,1.0341,0.50273,0.6238,0.4776,0.51026,1.2218,0.82958,0.99517,0.65319,1.1684,0.86847,1.2278,0.7831,0.5721,0.50731,0.38872,0.54527,0.43836,0.52849,0.87935,0.92796,0.71046,0.62485,0.46905,0.43002,0.9303,0.68248,0.42593,0.7058,0.78775,0.49045,0.24211,0.46562,0.39438,0.66058,0.49364,0.39191,0.59759,0.52291,0.66235,0.81824,1.085,1.0211,1.2394,0.73138,0.36943,0.67791,0.4687,1.131,0.927,0.95319,0.87102,0.58277,1.6021,0.6969,1.0337,0.59876,0.99373,0.3575,0.87504,0.47652,0.33874,0.3715,0.53049,0.32172,0.48177,0.58561,0.29425,0.41224,0.7924,0.95133,1.1108,1.0998,0.56061,0.37472,0.57948,1.1741,0.92461,0.5527,0.29536,0.31063,0.45051,0.50817,0.47742,0.43226,0.62306,0.63096,0.69763,0.56863,0.66301,0.94045,0.68401,0.59916,0.69897,0.66072,0.42519,0.48466,0.72341,0.68994,0.4437,0.58151,0.7226,0.88222,0.64474,0.59145,0.57885,1.1502,1.1338,0.59601,0.49816,0.88227,0.98753,1.0461,0.88524,0.52676,0.51849,0.48663,0.67733,0.60601,0.70487,1.0483,0.51215,0.42892,0.31572,0.62795,0.73113,1.0755,0.59254,0.67935,1.0162,0.81187,0.53082,0.56212,1.0915,0.58369,0.48058,0.66949,0.80284,0.56112,0.60875,0.56764,1.1106,0.97045,1.0253,0.56802,0.40194,0.60109,1.1031,0.80695,0.53976,0.69964,0.78739,0.41948,0.60317,0.77241,0.48922,0.52795,0.37095,0.6254,0.67153,0.39937,0.39096,0.49054,0.36774,0.95594,0.81017,0.61014,0.98038,0.89126,0.379,0.41943,0.39886,0.5907,0.26215,0.56251,0.51764,0.91254,0.53042,0.3429,0.6764,0.93678,0.68298,0.9555,1.0739,0.57872,0.35794,0.67644,0.36423,0.50623,0.52402,0.77461,0.93492,0.46461,0.74671,0.73541,0.55351,1.0745,0.9138,0.84157,0.71841,0.59763,0.79809,0.28967,0.33152,0.57585,0.52971,0.73991,0.26939,0.61979,0.78281,0.43396,0.75356,0.98649,0.84514,0.54401,0.61669,0.96452,1.1027,0.82023,1.208,0.25275,0.581,0.62555,0.47807,0.61874,1.0359,0.91611,0.43788,0.64951,0.56502,0.56212,0.8332,0.55467,0.45054,0.41472,0.92558,0.67117,0.90748,1.26,1.1111,1.0105,1.8492,0.24848,0.54924,0.76025,0.44487,0.37969,0.55469,0.70535,0.40447,0.46305,0.85178,0.42181,0.58264,0.76814,0.6636,0.8705,0.49203,0.49989,0.66705,0.59751,1.1948,0.52141,1.4585,0.82281,0.58703,0.65955,0.72557,0.43061,0.34761,0.75623,1.1745,0.5983,0.65768,0.67771,0.66298,0.61757,0.65791,0.47297,0.7056,0.68402,0.7796,0.91142,1.7436,0.30349,0.71303,0.36824,0.85334,0.91975,0.66714,0.77784,0.82237,0.48121,0.80198,0.65252,0.62622,0.69291,0.43678,0.55858,0.72328,0.62588,0.59364,0.3512,1.0491,0.59026,0.74419,1.1178,0.42565,0.72059,0.54597,0.70236,0.82375,1.364,0.43499,0.61086,0.87903,0.40665,0.54287,0.50315,0.35655,0.56392,0.42154,0.69543,0.42741,1.2069,0.64775,0.59535,0.78277,1.4932,0.67035,0.99567,0.71652,1.1933,0.2717,0.74875,0.59456,0.97387,0.60462,0.83921,0.88482,0.45392,0.42881,1.0984,0.80566,0.71464,0.65472,0.95511,0.80825,0.52639,0.44814,0.61724,0.63759,0.95655,1.4624,0.76122,0.82471,0.27059,0.59307,0.6869,0.5896,0.41393,0.54481,0.46512,0.60354,0.39651,0.89394,0.79329,0.64796,0.42069,0.68358,1.4053,0.75694,0.578,0.27578,0.62111,1.2566,1.3082,0.73047,1.1843,0.59081,0.41973,0.83097,0.65584,0.83976,1.2023,0.97167,0.52038,1.0729,0.6165,1.3711,1.3141,0.64771,0.65141,0.97905,0.71717,1.2454,0.53909,0.56759,0.40188,0.58719,0.8687,0.7752,0.38512,0.66226,1.067,0.72265,0.45291,0.48382,0.71648,0.4607,0.53071,0.54194,0.55966,0.30112,0.58438,0.85976,0.56384,0.46938,0.65316,0.46866,1.1096,0.5731,0.72768,0.6261,0.64195,1.1904,0.47944,0.48491,0.30992,0.75745,0.54365,0.72575,0.72522,1.3203,1.071,0.30285,0.28644,0.98188,1.2717,0.84097,0.54957,0.47667,0.6797,0.53124,0.59963,0.53052,0.54792,0.73231,0.51884,1.1553,0.66933,0.33974,0.26764,0.70126,0.45872,0.58968,0.83741,0.58603,0.57434,0.55687,0.3674,0.53349,0.55717,0.51095,0.96643,0.56002,0.4513,0.88358,0.53574,0.79385,0.57812,0.48894,0.36585,0.35523,1.1805,0.50923,0.4333,0.52204,0.56598,0.75109,0.74819,0.71654,0.74836,0.75793,0.42895,0.68867,0.37099,1.1571,1.418,1.0867,0.39723,0.65764,0.59814,0.59519,0.59202,1.3184,0.32933,0.46887,0.79687,0.65519,1.0572,0.5504,0.64461,0.49869,0.42314,0.68607,0.94286,0.60981,0.63281,0.57476,0.49483,0.79061,0.8132,0.53543,0.43348,0.70629,0.54013,0.42329,0.48392,1.0775,0.80224,0.62469,0.51982,0.38587,0.72411,0.75787,0.54842,0.29752,0.55065,0.51871,0.71438,0.53797,0.50704,1.2331,0.9556,0.77978,0.53328,0.88162,0.64882,0.61859,0.78177,0.76134,0.51489,0.5401,0.48087,0.52936,0.41457,0.51019,0.48251,0.52633,0.64197,1.0411,1.201,0.40595,0.94257,0.50169,0.53622,0.65768,0.53775,0.51131,0.47404,0.66387,0.66412,1.118,0.42626,0.55755,0.56337,0.97894,0.56131,0.86096,0.91821,0.30662,0.37923,0.74661,0.68941,0.80537,0.3911,0.5641,0.74644,0.73841,0.37294,0.62938,0.27202,0.75145,0.53703,0.50273,0.46483,1.0149,0.57094,1.0036,0.71812,0.51074,0.38245,0.571,0.46713,0.31663,0.48575,0.5607,0.53722,0.63257,0.78355,0.28044,0.57923,0.31386,0.41202,0.50036,0.76991,0.41181,0.38537,0.51112,0.9811,0.66048,0.45541,0.51949,0.60832,0.67722,0.57017,0.46735,0.57889,0.60482,0.84801,0.45224,0.56623,0.77347,0.58079,0.66423,0.41516,0.7016,0.6614,0.55852,0.66039,0.8876,0.61458,0.85556,0.78518,0.73698,0.8889,0.68772,1.114,0.72707,0.52507,1.3698,0.59255,0.3045,0.63711,0.63278,0.48347,0.37078,0.47783,0.64448,1.6871,1.0019,0.86933,0.86782,0.82297,0.55698,0.52174,0.96716,0.53862,0.74992,0.53826,0.37849,0.24349,0.47982,0.68661,0.53556,0.70379,0.52053,0.28021,0.38859,0.74625,0.71478,0.60661,0.50642,0.37951,0.50565,0.31476,0.63553,1.0789,0.78652,0.70907,0.47103,0.40878,0.96513,0.45252,0.57765,0.72318
0.49016,0.5575,0.1879,0.76828,0.7595,0.29098,0.35666,1.1322,0.50854,0.67097,1.2973,0.52007,0.61268,0.61116,0.89748,0.47111,0.47648,0.4786,0.73374,0.48502,0.55944,0.41029,0.67552,1.1479,0.98356,0.44076,0.48878,0.39205,0.34823,0.40468,0.56006,0.89462,0.4182,1.4578,0.4354,0.8808,0.43215,0.83836,0.36129,0.72862,0.86876,1.0343,0.93386,0.69122,1.2244,0.46968,0.54968,0.68473,0.617,0.43773,0.73265,0.81138,0.82899,0.47759,0.712,0.7964,0.48895,0.65307,0.47671,0.64393,0.68606,0.59967,0.87116,0.8502,0.45322,0.82133,1.0629,0.4157,0.33022,0.68068,0.7943,0.5139,0.84633,0.78482,1.0065,0.53376,0.54496,0.49829,0.74331,0.37044,0.47958,0.65232,0.69307,1.321,0.84224,0.9044,0.61299,1.1572,0.73394,0.66411,0.70828,0.88361,0.57886,0.3599,1.0254,0.5347,0.91885,0.59989,0.63873,0.76415,0.33946,0.71712,0.74763,0.40856,1.0567,0.82138,0.49699,0.48779,0.84468,1.0751,0.85203,0.84202,0.60969,0.60231,0.31005,0.58451,0.74901,0.71637,0.48197,0.68217,0.45934,0.35763,0.54705,1.1061,0.86454,0.51157,0.42968,0.37771,0.36933,0.73926,0.73059,0.82685,0.99442,0.64758,0.40057,0.64546,0.5581,0.39279,0.28561,0.28688,0.26919,0.30625,0.48252,0.71685,1.0265,0.5115,0.7042,0.73512,0.59329,0.496,0.67912,0.60109,0.7345,0.96952,1.1209,0.62157,0.51906,0.65022,0.25927,0.44451,0.79726,0.50599,0.76156,0.59162,0.3514,0.3909,0.50111,0.54721,0.73242,0.79464,0.50023,0.5378,0.46964,0.70003,0.595,0.33553,0.68374,0.44222,0.40783,0.42922,0.9706,0.94262,0.42987,0.32787,0.7483,0.50401,0.7833,0.81251,0.46152,0.42109,0.97646,0.82882,0.50616,0.67652,0.47882,0.3381,0.91173,0.9007,0.74557,0.82699,0.66854,0.78016,0.61769,0.76229,1.0363,0.7096,1.0792,0.61721,0.47667,0.61913,0.55507,0.62044,0.78288,0.55273,0.74379,0.51365,0.6125,0.68906,0.75343,0.67615,0.6322,0.83103,0.97382,0.67083,0.60846,0.52352,1.042,1.3266,0.40221,0.47129,0.37329,0.4697,0.66352,0.53651,0.78715,0.37173,0.58268,0.25162,0.41828,0.5533,0.31021,0.38641,0.20825,0.39949,0.63072,0.59437,0.96888,0.5534,0.77558,1.2752,0.62286,0.65597,0.66662,0.40994,0.70991,0.45131,0.86839,0.29077,0.51432,0.44709,0.47843,0.5024,0.86953,0.53494,0.77637,0.27767,0.43839,0.72545,0.95854,1.3794,0.84974,0.44745,0.48722,0.49862,0.26809,0.54188,0.9481,0.94856,1.0672,0.43185,0.49056,0.44066,0.53043,0.80045,0.50035,0.67196,1.11,1.015,0.4014,0.83743,0.8902,0.71757,0.61593,0.62445,0.47879,0.63696,0.60834,0.77473,0.59296,1.3243,0.68744,0.70928,0.72765,0.78621,1.0615,0.6402,0.64007,0.79473,0.34982,0.52416,0.52133,0.34143,0.71528,1.1492,0.40003,1.167,0.61472,0.42226,0.58227,0.73745,0.46821,0.6102,0.59356,0.30636,0.39181,0.47616,0.46966,1.3459,0.486,0.63124,0.39099,0.5411,0.62654,0.56924,1.5831,0.58205,1.303,0.75333,0.66371,0.83047,0.7226,0.8459,0.81538,1.2071,0.81064,1.0655,0.52688,0.52377,0.57522,1.4269,0.75144,0.61931,0.86756,0.51632,0.55897,0.84256,0.46974,0.39251,0.33255,0.30885,0.31746,0.47506,0.50651,0.35721,0.72554,0.47563,0.61136,0.74968,0.74932,0.78067,0.64977,0.68426,0.4847,0.55899,0.77107,0.61069,0.42078,0.30542,0.36642,0.67546,0.35936,0.74023,0.78234,0.60341,0.49028,0.61754,0.52211,0.43139,0.67967,0.5248,0.87976,0.52876,0.94785,0.88183,0.67786,0.6125,0.86121,0.29985,0.3532,0.3905,1.6341,0.32459,0.68567,0.8146,0.39737,0.74663,0.55465,0.43787,0.33855,0.58617,0.47034,0.7697,0.41161,0.45976,0.55774,0.3389,0.58206,0.12326,0.96182,0.35787,0.64253,1.118,0.93593,0.81423,0.77145,0.37696,0.42324,0.35098,0.57024,0.73555,0.40162,0.61161,0.77355,2.3438,0.94201,0.29317,0.45926,0.49705,0.24523,0.49743,0.4406,0.39215,0.53789,1.1798,0.68153,1.0165,0.50246,0.43434,0.56769,0.62596,0.86048,0.5606,0.64397,0.57515,0.47262,0.50305,0.92104,0.9805,1.0415,1.3266,0.46711,0.68563,0.72463,0.52077,0.69872,0.3132,0.71529,0.86064,0.34002,0.43159,0.71181,0.41609,0.82148,0.54504,0.87808,0.41521,0.48323,0.74384,0.66269,0.61245,0.7945,0.53531,0.50962,0.44196,0.34524,0.48069,0.56269,0.58116,0.36761,0.36715,0.73896,0.55223,0.56884,0.78072,1.2678,0.43684,0.65535,0.34948,0.83515,0.69257,0.74958,0.75843,0.7401,0.92155,0.30918,0.52041,0.78709,0.61998,0.53913,0.4922,0.7695,0.97481,0.70983,0.811,0.84511,0.71026,0.66061,0.62293,0.56331,0.62647,0.73393,0.58636,0.63275,0.61489,0.34367,0.69757,0.53915,0.46918,0.93256,0.96849,1.1463,1.1091,0.58373,0.47701,0.51659,0.66831,0.52336,0.69595,0.72015,0.58823,0.80729,0.51835,0.60498,1.0209,0.38302,0.42955,0.84168,0.65892,0.54212,0.69067,0.49938,0.58792,1.1975,1.1818,0.44269,0.98237,0.45729,1.5577,0.95851,0.57091,0.48433,0.31936,0.62482,0.71133,0.51634,0.58103,0.26127,0.80532,0.99211,0.41957,1.0158,0.55079,1.181,0.64223,0.46188,0.63512,0.65902,0.92708,1.076,0.98528,0.61931,0.59956,0.37343,0.5716,0.49967,0.46112,0.49368,0.60551,0.48176,0.85161,0.60124,0.58266,0.72404,0.99487,1.1008,0.61744,0.65848,0.57127,0.5168,0.44765,0.96508,0.43044,0.78335,1.0767,0.54976,0.54072,0.68165,0.40873,0.90141,0.93323,0.58405,0.68839,0.39178,0.69163,0.28156,0.52078,0.61637,0.68085,0.40071,0.67497,0.82303,1.5414,0.69442,0.86788,0.93048,0.6975,0.64968,0.5274,0.54101,0.66577,0.55097,0.44052,0.76561,0.58329,0.54049,0.57817,0.87822,0.85049,0.91583,0.61986,0.61296,0.72398,0.97323,0.60879,0.46749,0.46702,0.49231,0.58312,0.81997,0.72257,1.006,0.77996,0.6354,0.83865,0.30835,0.81086,0.6945,0.56454,0.61468,1.1194,0.6932,0.54693,0.53023,0.50047,0.82447,0.99965,0.79719,0.56352,0.63435,0.82713,0.91446,0.91836,0.68588,0.39036,0.41398,0.74801,0.55205,1.0682,0.60677,0.4577,0.93028,0.68131,0.5454,1.2872,0.49421,0.42316,0.51153,0.37686,0.60442,0.27546,0.25345,0.49389,0.29786,0.42916,0.44819,0.53266,1.2258,1.1211,0.75743,0.59551,0.4541,0.60037,0.7195,0.33764,0.8816,0.62965,0.71481,0.63678,1.0764,0.70463,0.93151,0.75634,0.86053,0.59732,0.7275,0.97952,0.53956,0.8275,0.58712,0.63941,0.49264,0.54631,0.6744,0.64807,0.28388,0.84005,0.41129,0.66039,0.80765,0.61221,0.34622,0.43453,1.4072,1.3631,0.65227,0.49264,0.82268,0.57938,0.5331,0.40785,0.40191,1.0388,0.4106,0.60958,0.75774,0.79545,0.59292,0.97186,1.0324,0.46229,1.3639,0.6126,0.52553,0.75747,0.34265,0.92421,0.45656,0.52883,0.2899,0.51618,0.74667,0.33187,0.6002,1.1569,0.59024,1.0166,0.64333,0.34039,0.76513,0.65094,0.46523,0.54139,0.59685,0.61257,0.85002,0.77079,0.29636,0.519,0.58618,0.71869,0.43474,0.79421,0.67911,0.40071,0.56998,0.37871,0.51982,0.92711,0.5228,0.82972,0.38803,1.1189,0.55637,0.59439,0.84384,0.92377,0.56637,0.80517,0.75927,1.1696,0.31633,0.5337,0.40278,0.48666,0.45584,0.76696,0.76815,0.76131,0.28966,0.92713,0.84032,0.48661,0.82998,1.1947,1.1934,0.82391,0.39737,0.75718,0.44154,0.60542,0.35046,0.83081,0.44175,0.43067,0.30453,0.29375,0.55943,0.49578,0.70969,0.74989,0.83691,0.68486,1.0865,0.66885,0.49075,0.4192,0.2227,0.98161,0.57307,0.49875,0.6043,0.89607,0.4689,0.41135,0.80412,1.0205,0.7894,0.54453,0.56643,0.85056,0.4408,0.82341,0.5973,1.149,0.58659,0.46514,0.6283,0.41619,0.60627,1.0097,0.54267,0.471,0.49517,0.92176,0.81316,0.60895,0.73985,0.56671,1.0668,0.52416,0.54426,0.57801,0.92867,0.65248,0.28687,0.65335,0.53783,0.7297,0.73598,0.83451,0.60502,1.1815,0.95067,0.479,0.56352,0.24778,0.60492,0.70579,0.71806,0.48207,0.5974,0.56196,0.39229,0.31249,0.33486,0.31139,0.54961,0.64166,0.65584,0.54086,1.0416,0.84756,0.55773,0.59569,0.68147,0.58641,0.75406,0.75818,0.58581,0.78409,0.52971,0.52083,0.27268,0.3712,0.64201,0.63687,0.55687,0.67452,0.89439,0.79406,0.56394,0.76443,0.55875,0.65309,0.69041,1.078,0.36591,0.37251,0.48247,0.32292,0.59979,0.5095,0.73427,0.85035,0.5541,0.51804,0.82863,1.0377,0.40684,0.49907,0.53597,0.84,0.54002,0.74169,0.63474,0.56577,0.80586,0.86655,0.91279,1.1087,0.49988,0.9147,0.66694,0.7175,0.72574,0.58802,0.78487,0.93169,0.51897,0.98381,0.61058,1.0668,1.0918,0.85274,0.40131,1.0539,0.4788,0.5467,0.65017,0.36797,0.55335,0.45788,0.50602,0.88607,0.35471,0.36075,0.35212,0.3601,0.55894,1.0431,0.5073,0.87407,0.58159,0.49376,0.66042,0.57273,0.28551,0.42762,0.61464,0.89875,0.57309,0.59959,0.42124,0.67289,0.35893,0.61943,0.42072,0.85111,0.62148,0.33336,0.42872,0.42961,0.42904,0.39638,0.51517,0.2967,0.43277,0.24634,0.69688,0.3777,0.43112,0.56978,0.52341,0.33726,0.93512,0.60244,0.50154,0.51074,0.59573,0.64651,0.49494,0.41023,0.36169,0.47237,0.83101,0.76264,1.0101,1.2317,0.8658,0.97435,0.34593,0.34175,0.5178,0.46528,0.65882,0.34829,0.49952,0.6232,0.73081,0.28377,0.89835,0.49375,0.59799,0.70646,0.37778,0.34477,0.73879,0.66699,0.33845,0.57081,1.0322,0.69404,0.59246,0.40729,0.48884,0.65423,0.46189,0.3522,0.76234,0.58257,0.36745,0.86975,0.62962,0.59312,0.58092,0.50812,0.77322,0.60455,0.66141,0.54173,0.50221,0.77847,0.50712,0.96835,0.64755,0.54776,0.68448,0.84542,0.57396,0.28284,0.68464,0.78845,0.97441,0.87234,0.52552,0.44602,0.38319,0.4662,0.52266,0.66523,0.94061,1.3719,0.67454,1.1223,0.52405,1.0039,1.6738,0.43774,0.47851,0.32979,0.6513,0.68606,0.37041,0.36203,0.61929,0.68701,0.54638,0.38388,0.80629,0.77304,0.68375,0.76635,0.59298,0.32671,0.50496,0.7329,0.92514,1.1031,0.85948,1.0854,0.87519,0.84589,0.65591,0.47152,0.32678,0.29752,0.36072,0.55337,0.7428,0.67876,0.44213,0.85523,0.79733,0.76227,0.44712,0.54198,0.37332,0.6744,0.83028,0.77022,0.58537,0.44044,0.71539,0.63284,1.0856,0.56714,0.84007,0.53346,0.33439,0.56878,1.4353,1.0508,0.45429,0.92251,1.0237,0.72392,0.7135,0.79282,1.2867,0.58104,0.39922,0.74656,0.30365,0.4695,0.65088,0.72363,0.51467,0.6763,0.36651,0.52511,1.4423,0.48817,0.56659,0.72245,0.78664,0.86,0.75337,0.93818,0.32914,0.53316,0.25767,0.30329,0.5494,0.32326,0.71531,0.20414,0.6121,0.96029,0.83133,0.88616,0.48484,0.55602,0.91177,0.44543,0.88548,0.79068,0.50473,0.48354,0.55552,0.47074,0.20881,0.5198,0.66215,0.85412,0.70035,0.73246,0.5592,0.7972,0.56084,0.54916,1.1841,0.47206,0.62318,0.45331,0.58087,0.52667,0.55911,0.5452,0.28518,0.54396,0.6233,0.34972,0.45268,0.73253,0.98399,0.72372,0.75015,0.69343,0.38088,0.32553,0.6771,1.4477,0.51711,0.88908,0.58937,0.95506,0.5137,0.32368,0.69294,0.87885,0.78424,0.37309,1.056,0.42921,0.45562,0.80012,0.50695,0.54391,0.7749,0.8745,0.52122,0.8974,0.39922,0.52062,0.45258,0.546,0.52496,0.35261,0.23998,0.50387,0.38884,0.36899,0.33137,0.83303,0.42321,0.6597,1.1424,0.58645,0.47266,0.44076,0.45561,0.79989,0.72118,0.36209,0.60488,0.40548,0.54907,0.38908,0.30386,0.44211,0.34875,0.68982,0.77404,0.56481,0.37457,1.3,0.88901,0.54032,0.53852,0.71607,0.76501,0.37281,0.73752,0.63569,0.59671,0.38454,0.31589,0.93552,0.74944,0.26732,0.97499,0.68517,0.45859,0.54226,0.64429,0.86125,0.51794,0.34479,0.30767,0.51624,0.49744,1.0228,0.74376,0.48613,0.58963,0.86489,0.65422,1.1114,1.2088,0.42481,0.56493,0.84762,1.0205,0.85777,0.81085,0.58043,0.41518,0.26363,0.41299,0.83888,0.65631,0.42625,0.34115,0.40601,0.58845,0.55367,0.57151,0.65594,0.67417,0.70505,0.71602,0.80841,0.61111,0.50405,1.1626,0.55678,0.35225,0.95879,0.68556,0.65609,0.90609,0.46647,0.856,0.75314,0.63041,0.34685,0.56468,0.3785,0.30194,0.74355,0.87788,0.88197,0.41998,0.83962,0.51873,0.45759,1.3349,0.83451,1.0301,0.75631,0.90921,0.81521,0.41857,0.5138,0.38581,1.2541,0.78447,0.53675,0.6536,0.76366,0.62079,0.86311,0.75918,0.70795,0.73814,0.49879,0.50092,0.77598,1.2502,0.61078,0.39633,0.34969,0.44845,0.84225,0.37208,0.64449,0.66708,0.57761,0.80648,0.38383,0.43031,0.44313,0.63702,0.74896,0.39868,0.41827,0.54783,0.36098,0.38425,0.5578,0.67799,0.82181,0.78379,0.78222,0.57806,0.60331,0.63698,0.68514,0.645,0.60261,1.2953,0.5392,1.0158,0.8556,0.59228,0.63603,1.1725,0.4103,0.61864,0.46965,1.0476,0.45681,0.42095,0.4237,0.93193,0.52297,0.854,0.52508,0.64344,0.38953,0.50785,0.54144,0.65127,0.43827,0.60503,0.74772,0.65654,1.3072,0.75191,0.20704,0.31826,0.51359,1.1319,1.1754,0.52602,0.75294,0.64963,0.44947,1.4782,0.84109,0.62467,0.47932,0.8503,1.0583,0.67558,0.72338,0.38153,0.54142,0.39594,0.82463,0.7956,0.37886,0.57679,0.75042,0.48199,0.55906,0.638,0.1763,1.0563,0.96378,1.0695,0.34959,0.65441,0.68398,0.4622,0.56206,0.80218,0.73197,0.35855,2.7302,4.9731,0.51499,0.68724,0.80701,0.53829,0.72459,0.72767,0.65673,0.69096,0.95375,0.26348,0.72604,0.4931,0.52096,0.92066,0.57543,0.79879,0.56245,0.56107,0.49581,0.76699,0.35292,0.90169,0.334,0.87277,1.1186,0.57588,0.46716,0.52675,0.86055,1.2091,0.71986,0.49394,0.7883,0.27121,0.58718,0.6215,0.62834,0.31745,0.8204,0.66451,0.78158,0.52585,0.72277,0.60639,1.1468,0.45841,0.28645,0.28668,1.5813,2.8757,0.47288,1.0175,0.80246,0.59733,0.47673,0.54141,0.40935,0.80937,0.36826,0.77807,0.50134,0.72063,0.74811,0.44981,0.81838,0.80607,0.71173,0.55446,0.5681,0.61064,0.55244,0.64594,0.57337,0.84239,0.93609,2.8862,0.69546,0.91,0.51894,0.94968,0.60709,0.67528,0.49071,0.33336,0.60422,0.64129,0.69416,0.47403,0.59938,0.8113,0.65354,0.57136,0.50541,0.53952,0.5196,0.79378,0.71141,0.69015,0.56872,0.52485,0.6082,0.63009,0.48925,0.62956,0.83939,0.57192,0.80379,0.57741,0.44719,0.61232,1.0572,0.72729,0.36031,0.50712,0.45821,0.35353,0.21962,0.72994,0.54698,0.73321,0.66714,0.8326,0.59844,0.7537,0.71649,0.52086,0.31923,0.6241,0.68976,0.57537,0.70121,0.52742,0.62802,1.3094,0.80741,0.58313,0.64213,0.62693,0.59813,0.4621,0.74718,0.2201,0.47479,0.31086,0.53564,0.76853,0.90735,0.57093,0.42051,0.52226,0.41752,0.55194,0.57278,0.99035,0.78627,0.74492,0.7633,0.63236,0.3544,0.52984,1.4339,0.31743,0.49684,0.78533,0.75871,0.33032,0.56487,0.45033,0.35564,0.83265,0.4426,0.85225,0.82276,1.1606,0.40056,0.91212,0.83223,0.15479,0.26856,0.32348,0.81938,0.37253,0.53203,0.82368,0.39683,0.91125,0.27944,0.4641,1.6743,1.1484,0.64169,0.33693,1.2546,0.69827,0.3517,0.31748,0.84527,0.61705,0.31569,0.39027,0.48789,0.78727,0.63983,0.3669,0.47034,0.87864,0.63412,0.28364,0.37226,0.35451,0.62898,0.66691,0.8163,0.57875,0.54224,0.69307,0.53561,0.7227,1.0358,0.60379,0.81759,0.38812,0.85537,0.56795,0.5931,0.38524,0.46135,0.2818,0.49203,1.4197,1.198,0.37805,0.65324,0.25968,0.67063,0.73638,0.61187,0.78029,0.76779,0.79528,0.67059,0.75074,0.62887,0.93302,0.59535,0.91706,0.89497,0.68827,0.40286,0.46391,1.0074,0.74141,0.44512,0.44057,0.768,0.86857,0.81354,1.1398,0.66286,0.39025,0.97203,0.56548,0.55419,0.44625,1.1423,0.62098,0.50824,0.6239,0.52979,1.0466,0.70397,0.40043,1.0786,0.60608,0.52567,0.74887,0.45608,0.51185,0.5123,1.2003,0.53331,0.52773,0.85575,0.41725,0.36557,0.5018,0.34954,0.47002,1.0806,0.39105,0.96367,0.52853,0.59416,0.75742,0.44156,0.48839,0.49703,0.88404,0.56812,0.36952,0.81716,1.2785,1.5368,0.57125,1.2137,0.66811,0.66668,0.81643,0.7398,0.96898,0.47052,0.3721,0.53864,0.48809,1.1753,0.82638,0.67718,0.53242,0.7929,0.83299,0.67622,0.78859,0.85123,0.93971,0.60492,0.22822,0.32356,0.66585,0.3678,0.80185,0.60777,0.58414,1.2686,0.87849,1.0936,0.58843,0.41527,0.21225,0.52283,0.63796,0.48808,0.8184,0.37735,0.94894,0.94725,0.62057,0.66827,0.45105,0.35924,0.4605,0.5513,0.70147,0.36308,0.69643,0.62998,0.39285,0.57204,0.33707,0.91935,0.38215,0.64509,1.1637,0.67194,0.71953,0.91005,0.48383,0.35692,0.755,0.44132,0.52553,0.83668,0.77172,1.0598,0.89949,0.61266,0.53693,0.68422,0.56245,0.34482,0.75949,0.34632,0.66164,0.49401,0.41617,0.27575,0.51894,0.5756,0.3884,0.52251,0.24528,0.76562,1.0461,0.48767,0.38307,0.55287,0.31922,0.68213,0.67731,0.57559,1.3596,0.83532,0.49248,0.33713,0.35596,0.48559,0.40651,0.54128,0.86485,0.24563,0.50955,0.67468,0.51901,0.71689,0.68738,0.66573,0.78907,0.71293,0.48152,1.0537,0.69688,0.40891,0.4888,0.71573,0.58969,0.75888,0.95428,0.38697,0.68827,0.48109,1.2903,0.3741,0.3783,1.0024,1.238,0.85429,0.56307,0.18334,0.58338,0.59825,0.4963,0.69211,0.54435,0.51687,0.85702,0.39169,0.66894,0.80456,0.71101,1.0672,1.1781,0.52694,0.53909,0.61034,0.35061,0.51631,0.62957,0.52565,0.55549,0.46624,0.57499,0.44716,0.55274,0.53264,0.95981,0.39927,0.30319,0.56467,0.80535,0.48637,0.47451,0.62032,0.56564,1.2282,0.85151,0.33715,0.93539,0.54743,0.42764,0.78416,0.49764,0.96149,1.0207,0.42399,0.37904,0.36784,0.81736,0.63408,0.62614,0.91334,0.78935,0.65063,0.63779,0.4111,0.53061,0.50593,0.843,0.7775,0.74817,0.80138,0.95732,0.84739,0.38708,0.98808,1.2196,1.3698,0.66312,0.52508,0.64473,0.68133,0.40938,0.5412,0.68054,1.5538,0.69993,0.79387,0.44376,0.6383,1.0372,0.52211,0.71202,0.49957,1.1561,0.55718,0.95511,0.79719,0.64829,0.74935,0.48785,0.3947,0.68721,0.50609,0.85912,0.88819,1.2595,0.70173,0.44633,0.42172,0.42357,1.074,1.8135,1.0011,0.40981,0.37306,0.57375,0.42469,0.64818,0.61385,0.61748,0.40513,0.58463,0.56783,0.76258,0.87889,0.83112,0.68556,1.0337,0.46464,0.46376,0.45048,0.42715,1.4227,0.75613,0.6789,0.58576,0.57773,0.71454,0.4591,1.0058,1.7458,0.76088,0.47893,0.57562,0.51255,0.50585,0.33757,0.53264,0.59793,0.70231,0.83745,0.48722,1.1552,0.64724,0.20779,1.8126,0.79864,0.4099,0.5129,0.58361,0.55109,0.66275,0.60047,0.72464,0.28719,0.42659,0.95071,1.0748,1.0211,0.47142,0.85327,0.34704,0.35214,1.1163,1.4689,0.56959,0.59168,0.76308,0.30569,0.2988,0.59182,0.43371,0.51488,0.59003,0.54274,0.63687,0.54707,0.77093,0.99842,0.6928,0.82896,0.56385,1.0095,1.1047,0.60071,0.51273,1.0432,1.2127,0.39831,0.76327,0.46434,0.56856,0.76848,0.60793,0.69483,0.34579,0.55714,0.49677,1.1985,0.43423,0.63164,0.61428,0.68669,0.91789,0.8709,0.3886,0.89144,0.83213,1.2252,1.0321,0.80897,0.71169,0.51779,0.60525,0.53027,0.57009,1.0248,0.43215,0.50248,0.31987,0.47647,0.48047,0.97327,0.61452,0.33622,0.40781,0.3818,0.61888,0.9512,0.74092,0.66854,0.70768,0.37237,0.5258,1.0023,0.735,0.91917,1.7596,0.59762,0.45589,0.67981,1.2946,0.69957,0.70268,0.48722,0.32563,0.41988,1.0204,0.87381,0.70145,0.26215,0.77925,0.39987,0.46189,0.55026,0.6525,0.95394,0.35567,0.5795,1.4703,1.1881,0.43239,0.4117,0.79505,0.47086,0.4967,0.58565,0.71722,0.77769,0.55491,0.66618,0.6386,0.86565,0.52913,0.9356,0.58279,0.48876,0.49754,0.70278,0.75736,0.29522,0.36064,0.3222,1.0315,1.5795,0.87723,0.71277,1.0783,1.0252,0.68385,0.35811,0.46285,0.7077,1.1158,0.32463,0.8581,0.73928,0.52749,0.67874,0.74472,0.25703,0.74761,0.74564,0.30446,0.6258,0.57264,0.59523,0.67734,0.51611,0.54578,0.70053,0.5129,0.32622,0.40662,0.42622,0.81896,0.92964,0.82121,0.56377,0.32035,0.61287,0.96505,0.87364,0.92822,0.77063,0.63388,0.47864,0.722,0.45295,0.63051,0.6245,0.88172,0.41145,0.54288,1.0277,0.40508,0.26238,0.636,0.32827,0.59378,0.41586,0.56474,0.58924,1.0822,0.38465,0.17729,0.40757,0.61553,0.97797,0.7317,0.74354,0.56491,0.53705,0.82012,1.0292,0.55763,0.99828,1.1165,0.69147,0.56809,0.63549,0.46341,1.1492,0.34829,0.50289,0.78252,1.1816,0.50958,0.48177,0.39679,0.33984,0.3619,0.86906,0.96848,0.65012,0.30216,0.70434,0.4704,0.69708,0.31944,0.38962,0.49466,0.49346,0.7886,0.4544,0.98419,0.76286,0.77074,0.59403,0.53076,0.6575,0.64855,0.70279,0.64907,0.58362,0.72695,1.154,1.1486,0.72791,1.0143,0.76895,0.24445,0.77739,0.94708,0.98802,0.57346,0.50335,0.52256,0.63609,0.434,0.42341,0.40322,0.2906,0.45045,0.69294,0.44926,0.63049,1.0158,0.80131,0.42983,0.81154,0.6818,1.0825,0.61853,0.39435,0.44431,1.1452,0.50375,0.29229,0.474,0.8816,0.75158,1.1996,0.71967,0.94599,0.7205,0.63114,0.46569,0.50311,0.65022,0.74339,0.57674,0.68254,0.79361,0.52797,0.86997,0.38201,0.81305,0.56163,1.2558,0.46137,0.95847,1.3077,0.94509,0.67376,0.52817,0.43459,0.38863,0.48848,0.49919,0.52963,0.86429,0.44052,0.54761,0.77514,0.45248,0.31456,0.67846,0.9452,0.88619,0.38689,0.54141,0.76563,0.59195,0.58455,0.5062,0.74726,0.47888,0.21413,0.78653,1.3439,0.91862,0.45565,0.80032,0.78567,0.67514,0.6014,0.41959,0.35057,0.51998,0.56091,0.89764,0.45075,0.63285,0.62518,0.88319,0.56732,0.75042,0.83237,0.77512,0.53478,0.55539,0.48875,0.23509,0.62083,0.63604,0.39259,0.85836,0.49585,0.46011,0.73588,0.529,0.57462,0.57554,0.45528,0.41904,0.41449,0.77394,0.46457,0.81742,0.51515,0.45965,0.69118,0.38167,0.42947,0.58348,0.8161,0.62081,0.63779,0.60088,0.34073,0.42804,0.51719,0.58792,0.94972,0.77424,0.63163,0.64781,0.62103,0.54578,0.57465,0.90388,0.44966,0.39696,1.1171,0.61426,0.5118,0.49696,0.72197,0.31186,0.34618,0.45608,0.6507,0.45039,0.54888,0.6605,0.70476,0.94806,0.58845,0.61837,0.59404,0.69944,0.81993,0.83353,0.50556,0.99321,0.36103,0.84914,0.48594,0.98788,0.52567
0.6309,0.39593,0.67631,0.26965,0.30506,0.48867,0.70796,1.0511,1.5112,0.66733,0.6287,0.41512,0.77647,0.38316,0.79957,0.63038,0.60274,0.38713,0.3503,0.32528,0.62855,0.68502,0.63227,0.75715,1.1479,0.40194,0.60717,0.87779,0.78955,0.54213,0.8124,0.55836,0.45697,0.60835,0.3244,0.55386,1.2566,1.4525,0.30757,0.56196,0.49424,0.53127,0.42767,0.65523,0.68367,0.51109,0.55723,0.59498,0.60759,0.41678,0.60214,0.84641,0.73612,0.40581,0.60484,0.99805,0.64794,1.0301,0.51103,0.43463,0.72066,0.86119,0.80245,0.44991,0.53245,0.51177,0.74858,0.99459,0.63115,0.34606,0.679,0.88773,0.68547,0.76756,0.77827,0.71958,0.3479,0.44131,0.69271,0.57747,0.45633,0.58319,0.64188,0.28384,0.85791,0.81048,0.94651,0.44351,0.32405,0.60812,1.262,1.1315,0.93714,0.69839,0.78302,0.96505,0.78206,0.51388,0.47396,0.45397,1.263,0.85724,0.59255,0.35646,0.72451,0.68875,1.0069,0.62595,0.52233,0.37356,0.96678,1.3696,0.52593,0.99544,1.2044,0.58221,0.74814,0.59386,0.72917,0.31395,0.57534,0.37343,0.67024,0.55006,0.55794,0.75208,0.48559,0.42953,0.50244,0.7935,0.53848,1.4289,0.71042,0.48771,0.76899,0.63113,0.77755,0.45701,0.33267,0.58707,0.58658,0.62979,0.68194,0.77634,0.38671,0.52808,0.69641,1.2123,0.3733,0.71882,0.6582,0.72862,0.89195,1.0256,0.55428,0.53994,1.1402,1.0832,0.478,0.4989,0.94294,0.44665,0.39971,0.80169,0.50993,0.63198,0.33307,0.60612,0.94267,0.75377,0.83939,0.91668,0.62476,0.59064,0.5005,0.52383,0.69206,0.66124,0.65902,0.48605,1.0971,0.67624,1.0248,0.4806,0.65688,0.32406,0.52881,1.0943,0.45739,0.57701,0.51032,0.48765,0.58796,0.8011,0.44854,0.45403,1.0212,1.9416,0.70913,0.46469,1.0411,0.53959,0.43765,0.46939,0.57698,0.49036,0.94957,0.53383,0.6684,0.37972,1.0025,0.66782,0.34335,0.51852,0.67027,1.2303,0.97057,0.7585,1.0299,0.7803,0.55156,0.72664,0.7535,0.52077,0.8061,0.45175,0.84231,0.96932,0.5443,0.63076,0.35878,0.39675,0.49282,0.81635,0.47895,0.98976,0.42319,0.52323,0.62568,1.3973,0.6731,0.76699,0.57782,0.78061,0.50995,0.38448,0.95217,0.67707,0.30646,0.55999,0.35668,0.32962,0.74885,0.50085,0.5114,0.48911,0.7323,0.66738,0.56579,0.65812,0.85425,0.95725,0.56962,0.63154,0.37423,0.91139,0.75134,0.82815,0.90854,0.54841,0.81669,0.67574,0.67933,0.35518,0.33062,0.65976,0.87751,0.55543,0.93771,0.31749,0.45005,0.41962,0.32695,0.78009,0.93864,0.82087,0.99386,0.80637,0.82374,0.44203,0.76862,0.72078,0.44138,1.2963,1.6059,0.71053,0.54043,0.7024,0.56022,1.7249,0.64965,0.65664,0.72438,0.72896,1.0135,0.85542,0.72246,0.50618,0.26999,0.71187,0.58021,0.32972,0.44204,0.38953,0.50049,0.5472,0.97516,0.59319,0.58978,0.40157,0.60302,0.43167,0.44257,0.36544,0.48818,0.32885,0.69043,0.50489,0.49425,0.5488,0.44457,1.3695,0.48611,1.0154,0.43705,0.72626,0.66379,0.76075,0.46555,0.40637,0.68342,0.74031,0.61664,0.77282,1.1082,0.62912,0.44022,0.55156,0.65472,1.0752,0.65199,0.29332,0.80184,0.53403,0.43885,0.36868,0.57005,0.38357,1.5267,0.50354,0.69618,0.91627,0.69248,0.46746,0.72329,0.3847,0.31306,0.43198,0.50195,0.56804,0.73456,0.27726,0.58496,0.49258,0.80362,0.40566,0.4112,0.32718,0.19851,0.51015,0.47423,0.72456,0.75865,0.34431,0.44522,0.54371,0.56934,0.73715,0.50104,0.59175,0.59123,1.0043,0.4649,0.58009,0.28095,0.59893,0.45554,0.75113,0.49635,0.90725,1.1532,0.55954,0.29797,0.38869,0.53001,0.54444,0.70212,0.61779,0.48822,0.57401,0.60653,1.1403,0.89298,0.40884,0.72067,0.50581,0.73607,0.89734,0.68814,0.28122,0.43289,0.67646,0.52015,0.80852,0.45493,0.29261,0.49489,0.43861,0.58013,0.87172,0.81437,0.72403,0.59541,0.39622,1.1545,1.2907,0.78863,0.63863,0.8126,0.71578,1.3842,0.94944,0.71142,0.68608,0.3878,0.782,0.60759,1.2622,0.87157,0.91219,0.61111,0.82467,0.60235,0.47819,0.44289,0.69939,0.66184,0.44474,0.60929,0.73477,0.53082,0.39809,0.39282,0.47585,0.48799,0.69251,0.7833,1.0068,0.9621,0.36537,0.403,0.43484,0.84717,0.42514,0.31714,0.83663,0.73814,0.8885,0.95804,0.38889,1.0596,0.84354,0.3796,0.72365,0.69835,0.46365,0.75721,0.94963,0.49594,0.54743,0.56069,0.83413,0.70575,0.79803,0.44781,0.70771,0.86862,0.73835,0.60071,0.54784,0.67904,1.4449,0.70509,0.73977,0.94782,1.147,1.7692,0.68853,0.78304,0.4836,0.42974,0.56915,0.38891,0.58729,0.8588,0.58481,0.67406,0.41085,0.55006,0.57576,0.9829,1.2451,0.58502,0.57975,0.56843,0.73623,0.35372,0.42064,0.74298,0.62385,0.33597,0.87141,0.51214,0.75813,0.45387,0.38335,0.50971,0.62584,0.43496,0.46602,0.40069,0.38225,0.49793,0.76838,0.69438,0.75153,0.585,0.77321,0.78471,1.3561,0.75002,0.76876,1.245,1.0882,0.47874,0.5142,0.57408,0.5052,0.60164,0.90544,0.67404,0.64698,0.5457,0.85526,0.75608,0.77216,0.38576,0.70667,0.67266,0.67594,0.85191,0.82516,0.76158,0.51525,0.36504,1.0653,0.7949,0.85884,0.40255,0.79184,0.54174,0.47758,0.39662,0.81432,0.49538,0.73204,0.51843,0.36144,0.43104,0.58244,0.55681,0.40775,0.87062,0.61041,1.0002,1.2443,1.4216,1.8829,0.59959,0.55533,0.71991,0.57179,0.45415,0.82685,0.78436,0.82324,0.32936,0.54548,0.76273,1.083,0.47101,0.51417,1.253,0.58951,0.50516,0.66437,0.87446,0.47862,0.36846,0.51923,0.67664,0.57354,0.75331,0.30642,0.66172,0.65158,0.48202,0.36603,0.56638,0.97619,0.47423,0.39862,0.34181,0.91288,0.41587,0.69093,0.76783,0.45624,0.89518,0.7912,0.90537,0.40777,0.39706,0.40639,0.53035,0.70006,1.2895,0.87063,0.54185,0.98774,0.93784,0.56774,0.6077,0.55562,0.53079,0.43067,0.39341,0.57594,1.0032,0.49976,0.37286,0.78799,0.43211,0.76383,0.80092,0.7858,0.39909,0.4991,0.28703,1.0691,0.7421,0.46524,0.63682,0.3883,0.37655,0.48192,0.79441,1.2152,0.47114,0.43465,0.58301,0.47902,0.60013,0.66248,0.65735,0.58367,0.37951,0.53544,1.1281,0.48926,0.50386,0.75644,0.51089,0.6277,0.68308,0.47031,1.488,0.58536,0.5369,0.70395,0.52915,0.73914,0.51994,0.94155,0.75402,0.43898,0.77261,0.531,1.3392,0.49618,0.68561,0.63098,0.57541,0.66435,0.98136,0.75419,0.42463,0.52674,0.51971,0.88451,0.24919,0.46293,0.49126,0.75172,0.50351,0.39764,0.31499,0.75086,0.47089,0.60741,0.73888,0.67434,0.63616,0.77488,0.77659,0.43729,0.29948,0.58187,0.74242,0.44876,0.56088,0.96732,0.45795,0.61365,1.0183,0.90274,0.61103,0.56122,0.75329,0.7072,0.75834,1.2897,0.58084,0.40859,0.46172,0.66382,0.84277,0.45503,0.80949,0.54269,0.22294,0.32395,1.0358,0.40742,0.51475,0.61815,0.46687,0.89193,0.63317,0.81042,0.5413,0.81684,0.50507,0.54866,0.34093,0.86061,0.5796,0.46617,0.48012,0.80504,0.78977,0.61596,0.96251,0.5546,0.55431,0.54463,0.57886,0.29633,0.52287,0.99192,0.86722,0.99849,0.38914,0.4246,0.45209,0.5963,0.76793,1.249,0.42119,0.68635,0.37081,0.44682,0.63353,0.56458,0.36354,0.29495,0.78597,1.0136,0.24912,0.32717,0.62435,0.60343,0.30787,0.37108,0.45721,0.97151,0.50882,0.93851,0.45736,0.36225,0.92984,0.76214,0.55822,0.45899,0.40219,0.54667,0.77841,0.30662,0.99391,0.62965,0.21196,0.65948,0.38091,0.57963,0.49602,0.90589,0.54844,0.93698,0.54087,0.77065,0.69327,0.4497,0.51793,0.90452,0.20948,1.1834,0.85916,0.739,0.81564,0.63915,0.4353,0.34902,0.47984,0.58399,0.71458,0.33789,0.37551,0.5567,0.8106,0.65267,0.54992,0.58676,1.0119,0.67113,0.4844,0.45981,0.62525,0.41903,0.51149,0.52898,0.62949,0.42737,0.40484,0.4979,0.29363,0.40496,0.47529,0.44985,0.78344,0.88996,0.33198,1.0287,0.35331,0.55236,0.42119,0.27221,0.42548,0.74526,1.0326,0.69798,0.67014,0.73786,0.51931,0.72527,0.84019,0.66881,0.43474,0.54246,0.63262,0.4532,0.67439,0.93957,0.55241,0.73781,0.63874,0.37184,0.77467,0.81834,0.51306,0.73409,0.68712,1.0851,0.91071,0.72337,0.60464,0.29392,1.014,0.28823,0.36701,0.96343,0.93298,0.83064,0.58933,0.80587,0.64698,0.71582,0.69995,0.57868,0.71747,0.7924,0.63636,1.0388,0.89382,0.6119,0.726,0.69773,0.49177,0.25835,0.62396,0.77779,1.1002,0.64645,0.5462,0.8915,1.3168,0.4982,0.50709,0.98091,0.82406,0.5629,0.96475,0.59238,0.92191,0.60957,0.71664,0.54039,0.49718,0.87986,0.40233,0.89985,0.86692,1.1501,0.69844,0.48797,0.35306,0.39235,0.56204,0.85553,0.42464,0.60097,0.56409,0.88376,0.2836,0.66581,0.45877,0.56039,0.42475,0.45171,0.70897,0.61027,0.51356,0.74371,0.50401,0.78361,0.48812,0.64735,0.27808,0.49833,1.0515,0.71738,0.60333,0.76669,0.51434,0.5364,0.66761,0.88063,0.7111,0.94637,0.88764,0.54254,0.64658,0.71613,0.56955,0.57463,0.53972,0.4508,0.44988,0.51345,0.38837,0.38936,0.46318,0.7311,0.51034,0.51369,1.1218,0.51002,0.22215,0.45667,0.72395,0.76281,0.5204,0.87659,0.49048,0.34671,0.58715,0.99941,0.44675,0.7377,1.0292,0.82262,0.4822,0.91155,0.57225,0.5115,0.5731,1.1451,0.28977,0.68942,0.79738,0.40871,0.96801,0.54716,0.61861,0.51564,0.28211,0.64949,0.87293,0.48761,0.35988,0.56527,0.53021,0.49518,1.1047,0.56481,0.38965,0.93089,0.70685,0.37711,0.7308,0.75384,0.93705,0.81916,0.57179,0.45389,0.66787,0.66243,0.98579,0.812,0.55116,0.69387,0.32867,0.58718,1.1539,0.58664,0.42242,0.60146,0.35728,0.67832,0.76885,0.23135,0.53396,0.99481,0.89175,0.63496,0.56838,0.62979,0.48335,0.81126,0.61634,0.93829,0.59443,0.6012,0.52051,0.55071,0.73177,0.8244,1.2605,0.92727,1.0379,0.56868,0.56921,0.51528,0.6102,0.26975,0.81703,0.64307,0.5264,0.69285,0.55496,0.626,1.1401,1.0092,0.75483,0.38337,0.58997,0.6775,0.57295,0.80976,0.91546,1.3626,0.83865,0.6089,0.48382,0.61278,0.32094,0.23626,0.3815,0.5078,0.3828,0.32382,0.40129,0.81046,0.93402,0.50216,0.53712,0.4822,0.73257,0.75211,0.5424,0.61418,0.52636,0.73346,0.74063,0.34868,0.52725,0.78617,0.95316,0.55639,0.51607,0.82908,0.5741,0.65019,0.75847,0.92068,0.54996,0.79219,0.69742,0.46194,0.52019,0.39907,0.79376,0.64317,0.48785,0.58443,0.30881,0.54752,0.88509,0.7996,0.82533,0.93464,0.65585,0.55625,0.74669,0.58548,0.66364,0.49374,0.64676,0.77768,0.66768,0.7285,0.27683,0.29728,0.43891,0.64186,0.55154,0.41268,0.45855,0.69096,0.61354,0.49163,0.67634,0.68992,0.96725,0.47675,0.67676,0.69082,0.74482,0.8303,0.50649,0.57184,0.28231,0.45143,0.82968,0.6617,0.97914,0.76031,1.0275,0.61039,0.45374,0.37053,0.64689,1.2901,0.47056,0.58911,0.56931,0.52435,0.50343,0.45628,0.33177,1.0368,0.81346,0.53981,0.33081,0.48106,1.1766,1.0979,1.0424,0.45979,1.3776,0.47364,0.52232,0.46793,0.77463,0.99085,0.5218,0.67835,0.92173,0.80379,1.1505,0.70666,1.0329,1.1549,0.44711,1.2221,0.85144,0.7497,0.56984,0.90259,0.9354,0.37481,0.42043,0.41737,1.1101,1.0985,0.41371,0.94768,0.47767,0.70277,0.6643,0.41556,0.3785,0.3859,0.46994,0.55932,0.77721,1.3999,1.2088,0.44717,0.32032,0.32147,1.2134,0.54951,0.93703,0.52125,0.55819,0.83308,0.70001,0.53817,0.27222,0.56997,1.1743,0.68969,0.60821,0.30478,0.72549,0.40763,0.67686,1.5121,1.1052,0.71469,0.75686,0.60786,0.59435,1.6374,0.80504,0.20109,0.69545,0.5731,0.51719,0.46485,0.85265,0.66596,0.7708,0.56529,1.1721,0.50002,0.56727,0.93299,0.60948,0.60884,0.86159,0.59102,0.39585,0.58188,0.61313,0.71168,0.43028,0.91016,1.0406,0.83297,0.59954,0.65531,0.77808,0.72193,0.55018,1.0423,0.57747,0.73656,0.5304,0.72177,2.8389,1.0939,0.53429,0.352,0.40237,0.86789,0.31748,0.83128,0.73875,0.86538,0.47408,0.63852,0.30254,0.71153,0.46755,0.56245,0.75453,0.51628,0.91584,0.98716,0.60627,0.40295,0.81586,1.0099,0.29221,0.3871,0.9105,0.6764,0.80792,0.56577,0.75532,0.47243,0.53875,0.38998,0.71417,1.2656,0.3748,0.62214,0.82328,0.83268,0.59327,0.68651,0.23158,0.52247,0.34047,0.46778,1.1186,0.63905,0.59364,0.5816,0.83053,0.59442,0.77062,0.57543,0.72087,0.31177,0.3445,0.71056,0.80969,0.80493,0.35792,0.29162,0.52349,0.43675,0.39268,0.35759,0.57098,1.0116,1.245,0.4219,0.34586,0.69529,0.56127,0.79988,0.79804,0.77908,0.27012,0.81426,1.0051,0.59816,0.57096,0.85048,0.71687,0.37829,0.78436,0.84217,0.80128,0.49025,0.35756,0.64346,0.61578,1.1234,0.30702,0.79123,1.4318,0.7854,0.52418,0.42787,0.91963,0.37019,0.78187,0.47727,0.54848,0.67667,1.0307,0.3909,0.76625,0.87922,0.98669,0.70764,0.56682,0.76033,0.49289,0.47405,0.42636,0.30918,0.77877,0.82919,0.72165,0.68273,0.38275,0.28734,0.70358,0.95707,0.80475,0.39137,0.72612,0.87991,0.69855,0.35927,0.50257,0.91447,0.53035,0.52548,0.47522,0.70459,0.84878,0.51771,0.53652,0.58514,0.5744,0.34385,0.53623,0.45612,0.64006,0.62735,0.47484,0.34645,0.93255,0.66517,0.64671,0.55649,1.2841,1.0335,0.65071,0.56396,0.94628,0.84265,1.0845,1.1123,0.65747,0.94736,0.37046,0.60425,0.54866,0.77805,0.4748,0.6362,0.81703,0.35429,0.67996,0.51763,0.87651,0.62655,0.36973,1.2972,1.3062,0.68719,0.67095,0.56963,0.52404,0.40231,0.38744,0.44934,0.52732,0.63849,0.46257,0.5335,0.94459,0.41852,0.40895,0.56912,0.86441,0.60155,0.32779,0.59554,0.7987,0.49055,0.75062,0.45898,0.56991,0.5721,0.65271,0.84501,0.8342,0.77274,0.44869,0.77799,0.9479,0.37822,0.7805,0.71461,0.57108,0.8927,1.6496,0.74943,0.5554,1.0254,0.96608,0.77424,0.43658,0.68861,0.7458,0.55551,0.52973,0.78613,0.64455,0.49571,0.46408,0.57961,0.46894,0.5859,0.65544,0.4431,0.51935,0.38672,1.1788,0.68543,0.70508,0.6786,0.81472,0.78439,0.51116,0.54083,0.77881,0.5069,0.67826,0.70837,0.63604,0.5716,0.69697,0.64756,0.7999,0.67679,0.6915,0.61353,0.80306,0.66579,0.56537,0.42308,0.42104,0.68736,0.26565,0.77588,0.58424,0.47346,0.88026,0.93681,0.40388,0.44124,0.96364,0.68245,0.56473,0.66898,0.46846,1.0677,0.61538,1.339,0.90756,0.73023,0.30409,0.71213,0.88968,0.90736,0.59574,0.68481,0.50138,0.58459,0.80792,0.66876,0.79434,0.68433,0.77781,0.80976,0.73036,0.75055,0.52582,0.86172,0.55663,0.70522,0.31573,0.22862,0.4251,0.30289,0.53349,0.52083,0.50811,0.57175,0.71723,0.39474,0.31794,0.4584,0.67882,0.65916,0.68916,1.8776,1.2673,0.53674,0.39567,0.9502,0.80978,0.39945,0.43009,0.47563,0.61272,0.63004,0.61975,0.51537,1.1853,0.43076,0.40616,0.63608,0.48986,0.45636,0.94463,0.52013,0.73106,0.80176,1.3537,0.39286,0.74802,0.78468,0.81878,0.42811,0.41341,0.94486,0.59933,1.5885,0.43921,0.58186,0.92483,0.70029,0.85816,0.76134,0.58643,0.48959,0.40227,0.40238,0.55606,0.65046,0.59873,0.62606,0.78176,0.59305,0.21971,0.5683,0.82051,0.51772,0.71335,0.62904,0.48599,0.49213,0.60526,0.38947,0.55274,0.74148,0.85002,1.1094,0.66378,0.43773,0.45937,0.4711,0.71389,0.69472,0.5306,0.38832,1.1084,0.63383,1.0518,0.60442,1.2799,0.59689,0.46846,0.62414,0.40405,0.2736,0.46767,0.67198,0.9068,0.94759,0.6378,0.96943,1.3721,1.142,0.70206,0.35389,0.47938,0.79856,0.49824,0.47871,0.50457,0.70256,0.84815,0.61326,0.31938,0.74373,0.5631,1.2182,0.42731,0.86883,0.73647,0.41405,0.89503,0.83415,0.47583,0.94015,0.69537,0.47614,0.31918,0.42289,0.56495,0.71447,0.38123,0.57867,1.0767,0.4833,0.48524,0.48614,0.55734,0.83262,0.80615,0.54988,0.44554,0.38673,0.44782,0.6244,0.44889,0.3869,0.48516,1.2576,0.68347,0.62656,0.59691,0.61704,0.60832,0.67082,0.50759,0.88224,0.59663,0.48438,0.51033,0.88519,0.68421,0.58999,0.69939,0.34997,1.0329,0.38474,0.53785,0.65219,0.6725,0.50857,0.47332,0.77077,0.31619,1.0474,0.57851,0.56838,0.7109,0.70933,0.62665,0.89687,0.97923,1.7088,0.56711,0.37871,0.5109,0.82539,0.44041,0.38653,0.62826,0.74626,0.55166,0.75516,0.68083,0.60209,0.65366,0.76858,0.49866,0.69315,0.55288,0.58626,0.58182,1.2773,0.85322,0.54073,0.73358,1.1089,0.47936,0.72799,0.4088,0.52978,0.67313,0.89394,0.49376,0.45853,0.54722,0.5983,0.33826,0.72739,0.61054,0.78607,0.32744,0.66959,0.7877,0.95622,0.61035,0.39237,0.5233,0.63225,0.45976,0.50521,0.36704,0.85899,0.54277,0.62441,0.84558,0.73689,0.51756,0.36966,0.53711,0.67589,0.379,0.62763,0.29901,0.50537,0.79791,0.44097,0.29885,0.39127,0.79242,1.0502,0.80071,1.4186,0.47658,0.24566,0.49931,0.85391,0.93756,1.5547,0.77109,0.89373,0.39995,0.61416,0.43009,0.9482,0.34483,0.46777,0.39486,0.49335,0.60056,0.72401,0.77845,0.84828,0.38976,0.80464,0.80269,0.24854,0.31117,0.69092,1.2395,0.57892,1.044,0.58339,0.36023,0.55922,0.64447,0.99368,0.51513,0.69384,0.81548,0.4785,0.42768,0.6378,1.1685,0.49919,0.40861,0.28634,0.38473,0.60687,0.45811,0.9432,0.43227,0.49916,0.69208,0.77815,0.464,0.43531,0.76853,0.49021,0.4311,1.0905,0.42865,0.65669,0.48079,0.41895,0.3734,0.29983,0.56126,0.81898,0.7837,1.1707,0.77468,0.61956,0.73683,0.48845,0.28558,0.68917,0.7214,0.55732,0.60282,0.66383,1.1336,0.44478,0.4296,0.61029,0.95298,1.009,0.82204,0.7845,0.6178,0.60687,0.49501,0.5769,0.52174,0.54121,0.60089,0.32757,0.48252,0.80696,0.61737,0.63461,0.82631,0.41639,0.40154,0.69843,0.75318,0.79909,0.5382,0.47711,0.64276,0.67498,0.56591,0.34961,0.70318,1.003,0.68801,0.80763,0.80065,0.53453,0.72262,0.65052,0.7616,0.52822,0.88054,0.74125,0.43671,0.38741,0.40646,0.73118,0.55683,0.40662,0.82289,0.6239,0.35841,0.71644,0.81046,1.0969,0.77638,0.73112,0.52809,0.84164,0.71499,0.55022,0.4616,0.22456,0.48225,0.37258,0.36543,0.61282,0.66344,0.87894,0.48849,0.66465,0.64149,0.96533,0.52842,0.67658,0.76848,0.82593,0.57532,0.83391,1.131,0.77502,0.81785,0.63504,0.69208,0.85249,0.80921,0.43139,0.36466,0.48195,0.97029,0.83771,0.74449,0.57506,0.66391,1.1844,0.85785,0.67263,0.52392,0.68671,0.57554,1.0018,0.72485,0.54583,0.68801,0.61406,0.80531,0.43065,0.73625,0.43714,0.65947,0.69226,0.98673,0.6503,0.64437,0.44386,0.61189,0.38442,0.95223,0.67591,0.50141,0.28147,0.93384,0.56886,0.6756,0.74943,0.66956,0.42714,0.71917,0.44869,1.5675,0.64791,0.53405,0.41098,0.25882,0.49254,0.6772,0.88485,0.35894,0.52945,0.4771,0.56931,0.43473,0.54714,0.41265,0.71405,0.59343,0.72067,0.63401,1.0039,0.55952,0.69395,0.85544,0.9871,0.95473,0.80951,0.54401,0.56389,0.34894,0.54987,0.84029,0.44149,0.40383,0.69947,0.62,0.37781,1.0933,1.148,0.9689,0.56971,1.2026,1.2279,0.73804,0.93543,0.57181,0.92666,0.767,0.52779,1.136,0.82369,0.69569,0.84118,0.5199,0.6651,0.60254,0.56961,0.33229,0.29137,0.36436,0.5396,0.52868,0.46592,0.5353,0.51743,0.53466,0.34053,1.1084,0.42546,0.85037,0.83565,0.50211,0.45897,0.70929,0.66218,0.86044,1.0268,0.72035,0.50402,0.41116,1.304,1.2307,1.0273,0.45659,0.65156,0.50358,0.6359,0.27648,0.50434,1.0395,1.1331,0.73257,0.95106,1.4105,0.64655,0.70786,0.64157,0.85134,0.91078,0.93326,0.56288,0.87029,0.33936,0.45377,0.56243,0.70026,0.69518,0.54318,0.22441,0.44801,0.35526,0.60098,0.63053,0.69103,0.46535,0.42051,0.53795,0.74329,0.52826,0.67345,0.79293,0.68485,0.66238,0.73616,0.86886,1.0808,0.54367,0.45255,0.98892,0.38104,0.58788,0.84433,0.5802,0.65561,0.77004,0.71912,0.95329,0.92843,0.65932,0.59095,0.47704,0.48333,0.5374,0.83465,1.3934,0.74337,0.86335,1.2448,0.51651,0.94386,1.0441,0.51726,0.76303,1.3782,0.34396,0.52949,0.58293,0.40411,0.74916,1.3158,0.80623,0.77296,0.7443,0.81657,0.59169,0.43756,0.33587,0.7135,0.65541,0.58555,0.46187,0.57364,1.2384,0.51172,0.35995,1.1259,0.77046,0.75172,0.32867,0.6894,0.77241,0.58824,0.46252,0.93275,0.75882,0.75933,1.2736,0.93937,0.58409,0.38158,0.45998,1.9101,1.1753,0.79457,0.52809,0.48499,0.61038,0.43895,0.67289,0.47228,0.5425,0.7589,0.95568,0.83866,0.54793,0.43294,0.39406,0.74428,0.51852,0.55457,0.61347,0.9727,0.67097,0.58481,0.846,0.70263,0.36842,0.466,0.94402,0.81415,0.43282,0.80389,0.84062,0.89995,0.70844,0.44831,0.57869,0.7241,0.98872,0.87849,0.73519,0.68539,0.75285,0.75075,0.56075,0.737,0.45136,0.78892,0.38582,0.35818,0.82646,0.47336,0.79847,0.72746,0.59042,0.49265,0.41284,0.33888,0.62497,0.85894,0.88935,0.418,0.60779,0.92627,0.52922,0.58837,0.59149,0.9884,0.70131,0.98096,0.589,0.7883,0.98628,0.699,0.81631,0.80419,0.7427,0.97716,0.78301,0.57938,0.54437,1.3874,0.95869,0.60642,0.67581,0.81814,1.0888,0.73281,0.98717,0.5811,0.40466,0.50178,0.24795,0.85709,0.7305,0.72505,0.41496,1.0858,0.7696,1.0203,0.74223,0.7103,0.61311,0.49901,0.53798,0.5605,0.32474,0.48827,0.7288,0.61689,0.66854,0.73399,0.39556,0.71994,0.3764,0.83968,0.97136,0.40169,1.1831,0.54473,0.3672,0.70084,0.48573,0.66441,0.44439,0.72672,0.6604,0.66555,0.735,0.73709,0.96165,0.47959,0.58545,0.97244,0.75902,0.50521,0.604,0.67617,0.5488,0.89543,0.29221,0.40207,0.55989,0.55371,0.3692,0.41169,0.50127,0.46852,0.7902,0.62224,0.7941,0.40581,0.32448,0.31291,0.4703,0.29389,0.49642,0.67411,0.30746,1.1491,1.2312,0.35312,0.35376,0.7899,0.48764,0.85914,0.7837,0.53097,0.32115,0.52747,0.70292,0.35425,0.55171,0.56478,0.30423,0.45132,0.39515,0.34558,0.3367,0.68849,0.40084,0.63462,0.5949,0.29618,0.50936,1.2457,0.38854,0.66979,0.80324,1.0563,0.64862,0.96872,0.67655,0.29994,0.41764,0.41641,0.37206,0.63411,0.3784,0.46923,0.40032,0.3534,0.4891,0.60085,0.53772,0.47792,0.6582,0.49685,0.2709,0.57811,0.84864,0.82929,0.8296,1.003,0.66209,0.6033,0.81643,0.52927,0.34748
0.41152,0.85847,0.45708,0.58317,0.8766,0.68422,0.52906,0.56034,0.85437,0.26805,0.55006,0.74613,0.47176,0.29408,0.42886,0.55552,0.39824,0.30505,0.62885,0.44191,0.46232,1.2086,0.89901,0.41889,0.77208,0.6809,0.6804,0.59887,0.49427,0.4466,0.32412,0.57786,0.54513,0.42524,0.56356,1.1288,1.0297,0.7005,0.52397,0.31253,0.35829,1.6353,0.62216,0.82498,0.70536,0.35351,0.70726,0.60793,0.72051,0.21899,0.41564,0.62916,0.72045,0.54122,1.0151,1.1423,0.76807,0.71324,1.1695,0.58427,0.88367,0.857,0.554,0.49278,0.39326,0.74358,0.39579,0.42763,0.357,0.58019,0.49686,0.81931,0.72701,0.76558,0.67307,1.0197,0.68616,0.61309,0.49764,0.55692,0.5875,0.82254,0.47403,0.77709,0.88246,0.84937,1.3242,1.0773,0.55426,0.53799,0.47485,0.59288,1.2602,0.51357,0.43864,0.62321,0.55866,0.44033,0.84399,0.81511,1.0749,0.92794,0.90368,0.5393,0.84574,0.72043,1.0034,0.20166,0.43817,0.37257,0.47102,0.89076,0.39296,0.73365,1.429,0.68906,0.98025,0.59687,0.6798,0.40685,0.6096,0.46938,0.94794,0.64048,0.32868,1.0991,0.77933,0.27802,0.5039,0.43114,0.93034,0.45809,0.64804,0.7539,0.43677,0.57874,0.39303,0.62942,0.68429,0.61624,0.41728,0.58879,0.84965,0.70041,0.63114,0.54591,0.51002,2.0387,2.9386,0.69427,0.49291,0.85776,0.48915,0.44935,0.48522,0.76646,0.73253,0.9611,0.59555,0.55403,0.95021,0.32489,0.46947,0.46349,0.46423,0.72008,0.7186,0.38796,0.60975,0.51523,0.53708,0.91217,1.4676,0.52656,0.37718,0.6623,1.1767,0.57619,0.58643,0.97586,0.87764,0.52979,0.91605,1.3274,0.39407,0.80281,0.80888,0.60435,0.49461,0.40305,0.4161,0.81755,0.45902,0.78969,0.8465,0.66416,0.70803,2.6678,5.414,0.47148,0.28295,0.66526,0.57838,0.51463,0.47299,0.39303,0.79642,0.78451,0.17813,0.94528,0.90597,0.36356,0.62312,0.46059,0.38178,1.0553,1.4528,0.50745,0.62042,0.47261,0.72581,0.71008,0.59672,0.89703,0.5212,0.59601,0.54167,0.91016,0.85968,1.0111,0.71153,0.56922,0.56214,0.49509,0.75312,1.1883,0.97817,0.89402,0.70755,0.99143,0.72127,0.51121,0.6693,0.50092,0.36338,0.63303,0.52846,0.42138,0.88679,0.81338,0.57891,0.56607,0.24278,0.56456,0.48846,0.54674,0.29384,0.48132,0.5527,0.43304,0.77806,0.79232,0.40577,0.51832,0.49597,0.84791,0.7168,0.52977,0.63694,0.51674,0.49677,0.80654,1.2618,0.6508,0.77906,0.66948,0.36597,0.57592,0.55467,0.41859,0.41227,0.83517,0.38863,1.133,1.0522,0.72371,0.42686,0.89522,1.1505,0.6254,0.59182,1.1265,1.0173,1.1664,1.0105,1.1379,0.61303,0.48427,0.50915,0.98935,0.52314,0.8022,1.4871,0.47382,0.88935,0.89502,0.40166,0.28172,0.50647,0.5304,0.54667,0.38137,0.47437,0.58532,0.68864,0.5407,1.1589,0.83149,0.50261,0.43222,0.80903,0.87277,0.49445,0.63719,1.3079,0.35996,0.26681,0.597,0.41245,0.69369,0.58151,0.63743,0.86145,0.5533,0.53348,0.7261,0.85868,1.262,0.60624,0.75116,0.86805,0.7785,0.59313,0.88153,0.70407,0.95065,0.78245,0.38727,0.55246,0.89413,0.44593,0.55251,0.77471,0.62679,0.72394,0.90739,0.78842,0.40193,0.74554,5.088,2.8669,0.44074,0.49251,0.40458,1.0305,1.2248,0.52055,0.8245,0.39064,0.62702,0.89888,1.2165,0.50074,0.44718,0.54614,0.98411,0.41357,0.57532,0.61496,0.43631,0.74112,0.40886,0.63825,0.19649,0.56633,0.82989,0.6346,0.68605,1.101,0.69845,0.64792,0.86804,1.073,0.60393,0.47329,0.36885,0.48942,0.72355,0.51291,0.66498,0.93748,1.1281,0.70633,0.75155,0.43969,0.37844,0.98267,0.5722,0.99845,5.0247,2.6777,0.61887,0.66435,0.68956,0.76009,0.40168,1.1661,0.55001,0.24864,0.69635,1.2758,0.69184,0.85998,0.52076,0.80754,1.3531,0.43869,0.66504,0.45677,1.1899,0.36068,0.32056,0.81539,0.94864,0.63761,1.0066,0.69187,0.51721,0.56064,0.44404,0.68117,0.57282,0.42513,0.35819,1.0831,0.49296,0.40254,0.5342,0.77802,0.94985,0.70137,1.0086,0.54054,0.53946,0.74396,0.71069,0.43111,0.47715,0.6492,0.69978,0.58293,0.64448,0.68132,0.97476,0.8042,0.57572,1.0264,1.0563,0.56197,0.7192,0.61802,0.57837,0.331,0.38354,0.52774,0.42041,0.4844,0.65324,1.05,0.91666,0.6517,0.46599,0.89582,0.63214,0.86623,0.80815,0.42956,0.47067,0.34866,0.4638,0.74456,0.98821,0.32224,0.23725,0.45712,0.51833,1.186,0.71882,0.4503,0.56218,1.2898,0.57655,0.48366,0.46661,0.47167,0.42843,0.68408,0.57529,0.51167,0.417,0.52075,0.51678,0.4034,1.0366,0.59851,0.65145,0.52999,0.94296,0.49159,0.46703,0.41113,0.6516,0.28673,0.41328,1.0546,0.7672,0.32531,0.68433,0.60194,0.69463,0.75733,0.77964,0.68345,0.35541,1.0835,0.66582,0.77609,0.29607,0.41831,0.65101,0.37559,0.63456,0.50146,0.78135,0.36425,0.84461,0.96379,0.75478,0.50906,0.92575,0.90997,1.1944,1.0441,0.87674,0.43079,0.71958,0.74427,1.0366,0.64766,0.97851,0.44247,0.59256,0.69435,0.85207,1.5099,0.71707,0.43438,0.64709,0.74306,0.66335,0.46477,0.70331,0.66515,0.61152,0.45968,0.688,0.71673,0.49638,0.30181,0.38182,0.45096,0.74809,0.45271,0.6262,0.80778,1.6571,0.60145,0.80579,0.39701,0.28178,0.47316,0.89123,0.62179,0.91195,0.60838,0.92269,0.83022,0.42196,0.25606,0.55137,0.54625,0.6045,0.56893,0.63054,0.92204,0.39852,0.47983,0.51148,0.56998,0.59931,0.82341,0.23094,0.70471,1.072,0.67083,0.74153,0.39695,0.35747,0.23578,0.40851,0.48936,0.93235,0.60003,0.4646,0.6193,0.76007,0.98024,0.50421,0.58349,0.29993,0.32155,0.67763,0.60412,0.75786,0.93982,0.65896,0.70344,0.62482,0.92095,0.62136,0.56637,0.70404,0.3389,0.52605,0.45644,0.35921,0.57091,0.7045,0.79548,0.71123,1.2,0.56518,0.45445,0.43481,0.58321,0.54704,0.64515,0.73105,1.0295,0.57381,0.48233,0.46094,0.47303,0.69428,0.71687,0.62965,0.9093,0.62071,0.44783,0.41808,0.57535,0.44785,1.0069,0.49759,0.31584,0.97386,0.43884,0.22661,0.8047,0.62235,0.58912,0.68148,0.3622,0.73759,0.59313,0.45961,0.4226,0.46255,0.33344,0.74575,0.76458,0.76602,0.32678,0.38659,0.61223,0.7434,0.41359,0.49401,0.89377,0.62632,0.2967,0.66186,0.36237,0.42411,0.42277,0.57307,0.68661,0.38288,0.73777,0.93276,0.71659,1.088,0.33558,0.84841,0.54736,0.38297,0.49056,0.59327,0.53359,0.42801,0.63375,0.6673,0.63726,0.57348,0.52017,0.59869,0.84141,0.76598,0.80209,0.38676,0.53244,0.86984,0.25565,0.17661,0.79064,1.0124,0.61751,0.44803,0.41876,0.47868,0.39486,0.7699,1.0317,0.38264,1.1553,0.67907,1.0663,0.7886,0.29799,0.42593,0.72198,1.5587,1.2054,0.63545,0.53779,0.78527,0.59735,0.36432,0.97366,0.44366,0.50269,0.52276,0.59463,0.47786,0.55413,0.56638,0.37499,0.38493,0.5479,0.56883,0.89193,1.1931,0.58083,0.53627,0.35299,0.95304,0.78134,1.568,1.1241,0.63562,0.54257,0.89489,0.4797,0.78392,0.50818,0.49648,0.48904,0.46577,0.73597,0.35499,0.6865,1.2018,0.70825,0.65338,0.75128,0.78576,0.62265,1.0568,0.70667,0.38168,0.46153,0.38011,0.55335,0.78609,0.53334,0.51123,0.2695,0.69203,0.4298,0.45989,1.2325,0.38482,0.82142,0.52259,0.69221,1.6364,0.77403,0.89032,0.62993,0.42449,0.51659,0.66438,0.75355,0.42433,0.54272,0.64272,0.39024,2.8674,0.7846,2.0425,0.61877,0.7256,0.33825,0.84573,0.19987,0.48632,0.58605,0.91826,0.61109,1.0919,0.44806,1.013,0.98677,0.89438,0.74665,0.52495,0.6489,1.0346,0.45948,0.61019,0.53227,0.23359,0.57196,0.22553,0.50493,0.46186,0.33042,0.26361,0.79834,0.50005,0.69376,0.63112,0.7184,0.65492,0.53724,0.41011,1.1964,0.88403,0.42358,0.43518,0.69228,0.80455,0.4357,0.249,0.82748,0.35805,0.6142,0.40991,0.86683,1.1434,0.28844,0.4836,0.27311,0.28163,0.37413,0.32663,0.72847,0.66057,0.73273,0.702,0.4919,0.50099,1.1917,0.75971,1.9458,0.78948,0.46969,0.68392,0.46662,0.76775,0.85279,0.34546,0.59557,0.51117,0.43878,0.42944,0.30471,0.35379,0.8922,0.64554,0.82414,0.90001,0.56784,0.82127,0.73606,0.22063,1.022,0.51617,0.29828,0.37512,0.72172,0.50159,0.28162,0.36769,0.35519,0.28416,0.65044,0.6747,0.32616,0.63752,0.63635,0.59161,0.38365,0.4664,0.38484,0.60316,0.58134,0.86452,0.96616,1.3891,0.81711,0.37147,0.54038,0.88577,0.80153,0.58075,0.88619,0.48497,0.91551,0.76865,0.74863,1.088,0.7199,0.48285,0.40929,0.66404,0.45268,0.6202,0.60266,0.42584,1.0521,0.50495,0.49017,0.80363,0.66692,0.52096,0.51021,0.80945,0.56099,0.6537,1.1127,0.82544,0.78042,0.57895,0.3271,0.28,0.64412,0.51942,0.50452,0.37548,0.59832,0.55489,0.55175,0.7126,0.58363,0.35705,0.37622,0.59131,0.5172,0.56817,1.0008,0.61531,0.63316,0.96481,0.67216,1.0039,0.97256,0.93679,0.48822,1.2649,0.66304,0.39757,0.57108,0.58545,0.63144,0.82615,1.4866,0.61943,0.54895,0.63531,0.49535,0.59686,0.36423,0.9076,0.75367,0.49632,0.84133,1.7964,0.84022,1.1233,1.1211,0.48446,0.39743,0.38835,0.33792,0.75392,0.60993,0.96229,0.67144,0.61445,0.55691,0.63582,0.40237,0.96124,1.0902,0.74115,0.66552,0.60277,0.5396,0.65985,0.98764,0.51231,0.36131,0.50492,0.47759,0.59374,0.67805,0.73316,0.26193,0.67694,0.92502,0.65205,0.4353,0.60423,0.64327,0.6288,1.0051,0.82346,0.65903,0.7007,1.3461,0.98932,0.56393,0.33575,0.49311,0.91988,1.2255,1.0731,0.67969,0.68114,0.67482,0.5398,0.49243,0.7302,1.1512,0.95637,0.55411,1.0429,1.6301,0.69541,0.6052,0.43893,0.43112,0.74988,0.502,0.48331,0.45494,0.61176,0.50837,0.34339,0.63877,0.40661,0.75142,0.54547,0.77615,0.54209,1.2169,0.29916,0.61052,0.51638,0.79151,1.0652,0.74389,0.54702,0.5337,0.64343,0.77274,0.59931,0.28893,0.50434,0.55731,0.42247,0.74177,0.72746,0.35306,0.50509,0.50227,0.90716,0.71079,0.75181,0.75069,0.62777,0.92663,0.64231,0.42474,0.77109,0.70104,0.59381,1.4054,0.53962,0.53996,0.64905,0.84326,0.44651,0.71333,1.2085,0.51873,0.49627,0.97716,0.97678,0.35241,0.59143,0.43619,0.75592,0.58385,1.0358,0.59377,0.35131,0.60566,0.76243,0.67509,0.78992,0.6024,0.8611,0.60794,1.2289,1.2738,0.67917,0.43751,0.58185,0.81993,0.71602,0.57918,1.0008,0.32158,0.42975,0.60187,0.61635,0.7785,0.88711,1.3334,0.52238,0.85938,0.76078,0.69527,0.26248,0.77912,1.1236,0.88409,0.58074,0.53155,0.80149,0.61031,1.105,0.54626,0.7305,0.48436,0.62344,0.46442,0.43388,0.43543,0.75459,0.52229,0.51345,0.51592,0.81753,0.9346,0.77314,0.74248,1.0988,0.91133,0.38514,1.1555,1.3188,0.61222,0.92896,0.65877,0.64997,1.0494,0.79063,0.60213,0.71774,0.81474,0.94734,0.34531,0.41361,1.0605,0.80158,0.59609,0.75138,0.37521,0.39739,0.48666,0.56661,0.67376,1.1044,0.45415,0.51843,0.48918,1.5779,0.66277,0.65161,0.57943,0.50435,0.68201,0.92703,0.42466,0.31798,0.64828,0.96282,0.51005,0.31004,0.75448,0.92677,1.237,0.70233,0.59908,0.44414,0.49617,0.72965,0.42344,0.40686,0.54374,0.48638,0.33547,0.70937,1.218,0.80558,0.74693,0.4827,0.46202,1.4094,1.0456,0.62057,0.64834,0.34326,0.33282,0.32327,0.37978,0.47504,0.66977,0.67683,0.53686,0.27936,0.56857,0.65092,1.2871,0.25985,0.31781,1.0022,1.3245,0.83175,0.90181,0.4675,0.25662,1.1956,0.78413,0.57817,0.91631,0.26744,0.75401,0.81977,0.50868,0.63512,0.65554,0.35806,0.49327,0.3361,0.8307,0.48303,0.37045,0.34216,1.0428,0.49646,0.45793,0.57825,0.79163,1.3295,1.1005,0.88317,0.67087,1.0257,0.48838,0.68137,0.4003,0.26494,0.3243,0.5822,0.7138,0.62162,0.70429,1.1253,0.41609,0.48289,0.43048,0.4726,0.42674,0.46191,0.63398,0.53126,1.0461,0.87798,0.50406,0.59402,0.57515,0.43402,0.36461,0.43601,0.52976,0.64899,0.72455,0.3854,0.80617,0.79834,0.59188,0.56083,0.66079,0.31537,0.5905,0.76901,0.58608,0.59061,0.97345,0.71895,0.60596,0.4243,0.56439,0.5692,0.66909,0.70776,0.59591,0.52454,0.42193,0.43045,0.42363,0.58522,0.30047,0.39726,0.66654,0.81326,0.67346,0.30013,0.48325,0.62874,0.65668,0.47791,0.44114,0.3737,0.52292,0.60026,1.0727,1.0481,0.68112,0.27329,0.42452,0.48362,0.44595,0.54444,0.51338,0.38549,0.3429,0.44615,0.89335,0.99422,0.37732,0.50532,0.70676,1.0126,1.21,0.41793,0.60217,0.42118,1.0247,0.82109,0.86372,0.53336,0.37974,0.59322,0.49981,0.52516,0.80235,0.5096,0.91288,0.54781,0.80254,0.31298,0.55327,0.7027,0.81093,0.46093,0.53714,0.7756,0.35733,0.65102,0.63266,0.55751,0.41545,0.37373,0.80923,0.47109,0.57246,0.45091,0.66693,0.6523,0.53652,0.95137,0.67583,0.70686,0.42305,0.42752,1.1145,0.42736,0.2642,0.72463,0.61196,0.4142,0.74911,0.44038,0.51299,0.81178,0.42744,0.3013,0.70518,0.45135,0.29656,0.56258,0.51036,0.94305,0.43731,0.27292,0.37863,0.54993,0.48143,0.31819,0.72658,0.25668,0.65063,1.0001,0.58391,0.46889,0.67223,0.31847,0.40707,0.66239,0.86275,0.33659,0.23462,0.86741,0.6029,0.36815,0.37589,1.0709,1.035,0.43677,0.70425,0.2689,0.51243,0.53663,0.89485,0.68162,0.84778,0.50103,0.43403,0.79877,0.83404,0.63422,0.39274,0.69934,0.54889,0.55394,1.189,0.53644,1.088,0.274,0.52273,0.7243,0.87718,0.59087,0.77402,0.30967,0.55254,0.39665,1.0235,0.64068,0.65208,0.90501,0.4124,0.49193,0.59356,0.47433,0.41541,0.49059,0.68116,0.34567,0.99472,0.5788,0.50398,0.4003,0.64795,0.36437,0.81517,0.58614,0.82709,0.54901,0.75827,0.42532,0.5782,1.2591,0.73388,0.56027,0.7004,0.83241,0.40966,1.282,0.65543,0.58347,0.80062,0.94578,0.53322,0.56504,0.54291,0.49167,0.50398,0.39398,0.50705,0.30822,0.5259,0.43933,0.70576,0.82761,0.90576,0.47831,0.59049,0.57158,0.48861,0.50589,0.48878,0.70747,0.86459,0.62492,0.61194,0.80868,0.6879,0.34853,0.46547,0.77738,1.1063,0.85266,0.58467,1.069,0.51038,0.72686,1.1641,0.37824,0.53056,1.198,0.38529,1.0473,1.7152,0.74113,0.27274,0.54058,0.45404,0.71067,0.5055,0.40669,0.56815,0.43089,0.29283,0.28335,0.18969,0.40154,0.57112,0.65636,0.52754,0.52984,0.63375,0.8733,0.65205,0.33288,0.66195,0.87738,0.52798,0.4568,0.38849,0.54677,0.7801,0.60466,0.88575,0.92302,0.69152,0.63499,0.64296,0.70308,0.70526,0.54322,1.2984,0.72687,0.72338,0.49857,0.374,0.44092,0.39615,0.47825,0.44008,0.73678,0.35854,0.55634,0.37257,0.37354,0.44172,0.50981,0.72851,0.8188,0.43363,0.32724,0.46134,0.51719,1.036,0.70366,1.0089,0.48542,0.34662,1.2257,0.34117,1.024,0.88052,1.0181,0.38679,0.66392,0.83182,0.97963,0.77405,0.84953,0.88363,1.0984,0.83628,0.56743,0.54846,0.75086,0.36869,0.3658,0.88002,1.0624,0.50426,0.58828,0.88875,1.0767,1.3756,0.59898,0.55586,0.58571,0.91916,0.49676,0.62365,0.49727,0.80313,0.84277,0.47246,0.69294,0.29221,0.23764,0.73221,0.4451,0.23397,0.26815,0.59378,1.405,1.2585,1.1548,0.42339,0.4481,0.62976,0.78405,0.50136,1.1483,0.85479,0.84157,0.50336,0.6023,0.41712,1.1101,0.24851,0.39234,0.55527,0.65025,0.57466,0.37827,0.70208,0.68312,0.56414,0.82625,0.63082,0.71572,0.28384,0.42001,0.72904,0.7329,0.78899,0.63936,0.45278,0.61796,1.4183,0.5169,0.5822,0.73803,0.91507,1.0585,0.45807,0.48391,0.54934,0.56666,0.36749,0.52384,0.3295,0.6048,0.91724,1.0678,0.39467,0.57275,0.34287,0.39927,0.7133,0.90691,0.57464,0.69092,0.70719,0.47037,0.32241,0.8819,0.48307,0.73027,0.69958,0.5164,0.42704,0.54586,0.67633,0.62968,0.52276,0.36249,0.44592,1.0812,1.7465,0.58545,0.6702,0.48256,1.1894,0.75452,0.30112,0.74112,1.0091,0.64212,0.50184,0.64248,0.54643,0.44667,0.49791,0.93028,0.39946,0.70606,0.40005,0.57801,0.59366,0.40862,0.46056,0.93015,0.42712,0.41014,0.70163,0.52771,0.53481,0.5527,0.65916,0.5183,0.75839,0.64977,0.39508,0.70172,0.7807,0.70081,0.38414,0.51613,0.582,0.81626,0.82093,1.0046,1.4318,0.46557,0.65813,0.95989,0.90847,0.41095,0.31484,0.58658,0.40284,0.38525,0.4459,0.69168,0.61778,0.72578,0.83348,0.35958,0.64032,0.47061,0.74631,0.53292,0.77869,1.0799,0.43073,0.5195,0.44451,0.8114,0.95132,1.3855,0.55372,1.0169,0.82013,0.56973,0.35611,0.8133,0.80482,0.59816,0.61027,1.5579,0.56489,0.88191,0.38818,0.65756,0.64829,0.40996,0.72973,0.50795,0.47005,0.58279,0.603,0.58173,0.61147,0.50381,0.57955,0.44275,1.0023,0.85434,0.8226,0.50358,0.49263,0.71694,0.58208,0.73955,0.45791,0.75536,0.91112,0.58011,0.68579,0.66324,0.70151,0.32458,0.70572,1.1407,0.56375,0.42921,0.57823,0.48598,0.61352,0.60596,0.65984,0.90886,0.72208,0.67685,0.62174,0.59881,0.57681,1.588,0.36478,0.62805,0.48831,0.78389,0.58052,0.34042,0.58643,0.38576,0.47578,0.59031,0.80587,0.77413,0.61094,0.38545,0.7501,0.59455,0.67805,0.64933,0.63423,0.70319,0.47274,0.42445,0.52597,0.39017,0.40896,0.3502,0.33049,0.51102,0.54347,0.55275,0.60276,0.60306,0.9015,1.1261,0.66437,0.44914,0.50437,0.5254,0.85793,0.36911,0.72428,0.46642,0.71026,0.47558,0.35412,0.42174,0.36115,0.85919,0.51827,0.93169,1.3957,0.53018,0.55174,0.49392,0.65991,0.62593,0.46874,0.43533,0.49442,0.78194,0.55795,0.54683,1.0516,0.53575,0.61075,0.46006,0.40188,0.76191,0.64747,0.68356,0.97239,1.22,0.36263,0.63823,0.93728,0.39868,0.66922,0.38579,0.4271,0.41103,0.62453,0.69044,0.56623,0.55252,0.75158,0.83835,0.38283,0.95117,0.67665,0.5176,0.48025,0.39861,0.56192,0.43868,1.0453,0.47474,0.55133,0.59516,0.7834,1.1914,0.44889,0.20735,0.47687,0.39359,0.88082,0.69406,0.65003,0.55168,0.4293,0.91648,0.54004,0.67121,0.95945,0.47378,0.52844,0.34823,1.029,0.69307,0.28518,0.48841,0.75985,0.50174,0.68155,0.34833,0.5244,0.96667,0.69303,0.69231,0.41899,0.54057,0.63563,0.47937,0.41764,0.49921,0.87036,0.77824,0.52347,0.9499,0.45323,0.62947,0.8748,0.59388,0.29698,0.44669,0.49743,0.59527,0.34845,1.0328,0.46664,0.27992,0.35668,0.84402,0.47968,0.98414,0.38466,0.43678,0.56981,0.48174,0.34559,0.66319,0.64397,0.99716,1.0338,1.2494,0.63533,0.39428,0.90815,0.70832,0.78305,0.17416,0.84806,0.67793,0.78492,0.25435,0.16311,0.49594,0.49688,1.2621,0.79732,0.67436,0.32965,0.16463,0.44084,0.68311,1.1415,0.8375,0.67289,0.69175,0.68026,0.3394,0.56497,0.5207,1.0304,0.42297,0.26126,0.26634,0.77359,0.63724,0.68383,1.0424,0.67062,0.87404,0.70486,0.51365,0.25272,0.81055,0.55837,0.46506,0.58832,0.62209,0.61761,0.97967,0.72262,0.45059,0.66085,0.55049,0.79154,0.31607,0.78551,0.46152,0.8376,0.58555,0.60416,0.69844,0.74521,0.5526,0.3453,1.048,0.55049,0.50741,0.5901,0.3604,0.71957,0.79395,0.48691,0.6135,1.1946,0.66719,1.3997,0.35846,0.69997,0.65718,1.3884,0.56842,0.6156,0.7843,0.66775,0.55874,0.39726,0.52205,0.85088,1.9671,1.5905,0.56885,0.61805,0.82556,0.27491,0.47147,0.88109,0.5139,0.32436,0.40706,0.50495,0.46314,0.51563,0.8793,0.9307,0.90999,0.57816,1.3178,0.37915,0.63751,0.7557,0.70185,0.6865,0.56327,0.62084,0.68209,0.65259,0.47299,0.58288,0.72275,0.82766,1.1117,0.67376,0.35409,0.46974,0.55767,0.90741,0.63962,0.79317,0.99647,0.66282,0.67445,1.0845,0.59068,0.96231,0.42436,0.6663,0.46077,0.65813,1.2762,1.1207,0.4933,0.7496,0.43768,0.73179,0.69996,1.0697,0.60055,0.42672,0.36128,0.37296,0.46607,0.41657,0.92663,0.72529,1.4371,0.38489,0.57059,0.52248,0.52113,0.46571,0.65665,0.39436,0.67588,0.61137,0.42061,0.44491,0.5222,0.84108,0.83256,0.76096,0.82011,0.96478,0.48474,0.39793,0.48318,0.65985,0.42487,0.42281,1.0151,0.57507,0.50511,0.69006,0.45417,0.72035,0.59383,0.55855,1.3278,1.1537,0.906,0.40022,0.62425,0.48691,1.1387,0.23461,0.84037,0.51452,0.73284,0.86736,0.75754,0.75151,0.65753,0.54503,0.75806,0.52001,0.64757,0.50661,0.61723,0.46003,1.3479,0.47958,0.92415,0.42307,0.56062,0.83523,0.4401,0.52186,0.44021,0.78925,1.1637,0.58841,0.77931,0.35606,0.28805,0.59083,1.2203,0.58041,0.43712,0.64777,0.54187,0.54647,0.8863,0.42069,0.73378,1.192,0.48499,0.93223,0.80642,0.9792,0.60243,0.65756,0.44905,0.60811,0.76629,0.3325,0.56097,1.6561,1.2231,0.63964,0.3473,0.59332,0.52943,1.2266,0.78006,0.66966,0.78656,0.68402,0.59593,0.66057,0.87394,0.44314,0.59895,0.62246,0.50814,0.56498,0.60951,0.49883,0.38072,0.60808,0.43192,0.54867,0.32994,0.65304,0.45582,1.1253,0.4933,0.58844,0.72633,0.52002,0.53449,1.2228,0.33633,0.70027,0.62054,1.1411,0.52852,0.92724,0.34626,0.76229,0.64503,0.75103,0.86621,1.0563,0.53846,0.73307,0.71013,0.84117,0.49763,0.63475,0.42017,0.4284,0.86852,0.56708,0.8287,0.46676,0.81994,0.8162,0.84377,0.68503,0.6176,1.1315,0.45722,0.25091,0.60442,0.70435,0.58208,1.3687,0.56121,0.29261,0.42878,0.73824,0.45105,0.51711,0.83064,0.8131,0.35647,0.67422,0.90874,0.99363,0.42364,0.59056,0.458,0.85654,0.44901,0.59221,1.0355,1.3124,0.5439,0.37398,0.44218,0.56677,0.82963,0.64777,0.32879,0.4344,0.42576,0.63051,0.71742,0.49477,0.43348,0.60319,0.56372,0.95548,0.61685,0.56611,0.82925,0.54481,0.79462,0.5912,0.56215,1.2705,0.64203,0.64429,0.62182,0.65739,0.41681,1.0444,0.7183,0.44029,0.31523,0.50653,0.62921,0.38032,0.6634,0.28421,0.78763,0.85389,0.57321,0.55514,0.3387,0.59226,0.45586,0.38143,0.64891,0.78676,0.75996,0.75434,0.59021,0.6522,0.48513,0.69621,0.34485,0.95682,0.27978,0.31118,0.52039,0.40742,0.54611,0.23421,0.61032,0.54049,0.40601,1.2329,0.36948,0.48412,0.66658,0.65362,0.8479,0.79195,0.24954,0.97678,0.65157,0.7063,0.7364,0.50111,0.90939,0.62887,0.34811,0.62098,0.59779,0.34747,0.43189,0.32355,1.2106,0.80282,0.38503,0.53018,1.7786,0.78112,0.53905,1.0265,0.93155,0.55161,0.87453,0.93343,0.18435
0.56186,0.42468,0.63251,0.38652,1.0154,1.1546,0.45414,0,0.36463,0.33048,0.25547,0.56404,0.66566,0.37579,0.82686,0.96377,1.0173,0.80284,0.34957,0.7902,0.48969,0.82791,0.68781,0.41481,0.28134,1.0455,0.36032,0.58532,1.0209,0.48561,0.42429,1.3165,0.97883,0.42466,0.79068,0.42763,0.53322,0.83404,0.81905,0.3374,0.4226,2.0182,0.70386,1.0222,0.6848,0.29113,0.32882,0.58329,0.36562,0.47695,1.918,0.7232,0.67177,0.60769,1.1676,0.93203,0.99417,0.73196,0.4755,0.53013,0.40796,0.46117,0.42189,0.4719,0.36409,0.73281,0.77976,0.90778,0.54639,0.50969,0.41263,0.71497,0.65403,0.4609,0.55765,0.75955,0.64484,0.52398,0.6678,1.1255,1.1064,0.79365,1.3069,0.38136,0.57097,0.4598,1.5993,0.61578,1.06,0.71934,1.0265,0.84142,0.7023,0.76486,0.97154,0.60793,0.57662,0.59846,0.44653,0.45866,1.1676,0.78449,1.8655,0.73294,0.77804,1.8383,0.42716,0.61371,0.20155,0.59128,0.67915,1.3545,0.19563,0.43042,0.50276,0.4071,0.71194,0.46794,0.58338,0.65405,0.80837,0.44836,0.76628,0.71219,0.57013,1.3063,0.88244,0.70551,0.72071,0.61913,0.64954,0.78754,1.2956,0.76186,0.41456,0.3893,0.23635,0.64836,0.61085,0.97131,0.20165,0.54266,0.71746,0.65591,0.87699,0.58986,0.49758,1.1837,1.8199,1.1022,0.57219,0.67776,0.27329,0.63826,0.70255,0.41434,0.77411,0.52906,1.2716,0.79728,1.0595,0.57582,0.8129,0.82952,0.8788,1.5416,0.53045,0.49398,0.41112,0.33777,0.37577,0.18322,0.8667,1.2451,0.62477,0.56821,0.75773,0.83474,0.38033,0.50054,0.85953,0.45446,0.7496,0.53279,0.92701,1.0984,0.34089,0.38693,0.67893,0.99475,0.94717,0.36753,0.5568,0.60067,1.1455,0.63664,1.3648,2.9271,5.1958,0.47294,0.22257,0.59894,0.94332,1.0993,0.3069,0.91434,0.81009,0.93079,0.63319,0.98406,0.82421,0.5136,0.22915,0.4364,0.73564,0.76671,0.30922,0.26095,0.42497,0.33324,0.36632,0.75738,0.82388,0.8104,0.70481,0.8947,0.67379,0.68054,0.35685,0.68476,0.63515,0.49858,0.71928,0.89679,0.8087,1.1807,1.4623,0.564,0.99426,0.59167,0.28985,0.82778,0.51923,0.44137,1.182,0.80673,1.1112,0.62467,0.70723,0.55983,0.67203,0.93327,0.67553,0.70044,0.62576,0.63888,0.60164,0.53266,0.54857,0.35087,0.90306,0.49014,0.76739,0.75449,0.6454,0.88954,1.0004,0.48257,0.42973,0.25676,0.41595,0.60966,0.63501,1.2608,0.50236,0.93163,0.5599,0.70258,0.51138,0.6247,0.50359,0.44909,0.62293,0.39584,0.61619,0.79238,0.83812,0.55386,0.53295,0.64504,0.4074,0.86626,0.41135,0.79724,0.60338,0.80357,0.96864,0.26031,0.41961,0.4892,0.879,0.49824,0.79992,0.65221,0.54784,0.58933,0.28378,0.26627,0.61489,0.74506,0.99959,0.51154,0.84064,0.52367,0.44252,0.37393,0.93668,0.61289,0.74631,0.96131,0.75268,0.9957,0.4656,0.64651,0.74176,0.84189,0.60333,0.82611,0.57747,0.6136,0.52397,0.69769,0.27948,0.48576,0.52467,1.7189,0.65202,0.82307,0.50141,0.49434,0.61402,0.7832,0.84167,0.58907,1.1302,0.76735,0.50794,0.53889,0.79695,0.92907,0.66783,0.4172,0.82283,0.44993,0.37474,1.0196,0.7516,0.30584,1.0442,3.615,1.9602,1.0007,0.88196,0.2446,0.29835,0.85885,0.45923,0.7959,0.98674,0.88517,0.76457,0.85972,0.42796,0.43618,0.60613,1.2467,0.43948,0.33271,0.31337,0.48735,1.3299,0.44683,0.4618,0.30692,0.52592,0.81041,0.58152,0.17479,0.49176,0.3929,0.86788,0.64158,0.70406,0.30123,0.68809,1.0696,0.74631,0.45042,0.47326,0.22473,0.36611,1.3137,0.93345,0.34058,0.3738,1.1881,1.0099,0.49908,0.46424,5.3165,0.54302,0.54509,1.1496,0.48439,0.22669,0.96342,1.0044,0.89769,0.60974,1.1105,0.75348,0.79087,0.9229,0.25002,0.28999,0.65065,0.5544,0.40072,0.51432,1.6579,0.58908,0.51843,0.46608,0,0.75472,1.1157,0.6386,0.61635,0.89248,0.38996,0.30749,0.78851,0.62908,0.61064,0.42766,0.57365,0.27122,0.91986,0.86735,0.92263,0.88999,1.0903,0.54765,0.51466,0.39618,0.9851,0.48112,0.82546,0.36848,0.88604,0.31145,0.2486,0.66723,0.78013,0.6961,0.47503,1.0586,0.4318,0.72091,0.34117,0.69581,0.81337,0.4994,0.4538,0.84645,0.43274,0.56226,0.54611,0.6645,0.70405,1.4174,0.48496,0.79147,0.91513,0.9915,0.49172,1.2398,0.77437,0.3742,0.94318,0.52859,0.48901,0.66656,0.33898,0.49965,0.33812,0.31112,0.48737,0.67055,1.491,0.56237,0.40576,0.39376,0.54087,0.50989,0.57121,0.83291,1.2007,0.47575,0.54291,0.72117,0.63704,0.48474,0.82264,0.89849,0.36889,0.58722,1.169,0.84107,0.41546,0.93891,0.96155,0.75473,0.54617,0.52128,0.84109,0.37387,0.22959,0.51108,0.40138,1.3787,0.67711,0.71636,1.5852,0.87388,0.88237,0.71378,0.91769,0.62764,0.25193,0.66447,0.56362,0.47639,0.30674,0.58093,0.84207,0.78358,1.1935,0.50453,0.71548,0.27083,0.43392,0.79875,1.174,0.82937,0.68911,0.92101,0.53766,1.096,0.56972,0.59005,0.87709,0.41111,0.28123,0.61305,0.52157,0.20998,0.46729,0.60579,0.31647,0.35768,1.1379,0.68202,0.81399,0.62846,0.71624,0.5209,0.33121,0.6041,0.34518,0.9897,0.86728,0.57759,0.21342,0.55043,1.281,1.4166,0.20395,1.04,0.3505,1.9318,1.1525,0.5104,0.36634,0.45357,0.30406,0.96755,1.0337,0.46226,0.93972,1.3084,0.68868,0.68318,0.46026,0.97706,0.4425,0.81942,0.6941,0.4306,0.34575,0.77181,0.31132,0.43583,1.3333,0.26159,0.49519,0.24769,0.22389,0.37414,0.37477,0.47856,0.81905,0.80889,0.28161,0.54405,0.39472,0.55091,0.35483,0.34116,0.39561,0.3957,0.2833,0.58952,1.1748,0.5584,0.37792,0.51565,1.0044,0.62795,0.45178,0.52339,0.36837,0.46954,0.4606,0.59529,0.32979,0.27454,0.74874,0.55788,0.57742,0.73573,0.4326,0.61982,1.2268,0.50013,1.0772,1.0823,0.81739,0.79881,0.70891,0.53153,0.37175,0.43063,0.52332,0.42253,0.88789,0.64454,0.42064,0.7014,0.83681,0.47257,0.44922,0.96667,0.5236,0.32531,0.59242,0.21152,0.28276,0.47313,0.58012,1.0488,0.82139,0.50282,0.77586,1.1312,0.70631,0.77009,0.90092,0.51099,0.42565,0.89457,0.44076,1.2853,0.84465,0.87534,0.61773,0.58725,0.39759,0.61732,1.085,0.70871,0.47714,0.37935,0.43803,0.65015,1.0426,0.41934,0.46097,0.27023,0.79291,0.69676,0.64008,0.50271,0.39662,0.8638,0.51901,0.81701,0.79459,0.56379,1.1142,0.2557,0.42167,0.98026,0.55824,1.0205,1.2954,0.99373,0.71461,0.78818,0.50186,0.37307,0.80943,0.50069,0.78173,1.3552,0.50474,0.65252,0.43214,0.77673,0.45663,0.76258,1.1571,0.52659,0.70701,0.99272,1.227,0.83819,0.41072,0.3704,0.52648,1.6872,0.92572,0.78169,1.1564,0.25668,0.7515,0.52689,1.5262,0.95997,0.26754,0.5045,0.82325,0.4953,0.94562,0.57304,0.32772,0.22782,0.35276,0.76767,0.49818,0.47793,1.2531,0.5256,0.55529,0.46884,0.54802,3.1924,1.3829,0.73015,0.52052,0.40281,0.71264,0.62483,0.41398,0.64424,0.65616,0.39822,0.73429,0.42663,0.76345,0.69979,0.82063,0.78663,0.31184,0.58678,0.64659,0.57566,0.42997,0.61689,0.58964,0.80754,1.3201,0.5415,0.42633,0.1529,1.2992,0.65819,0.40934,0,0.22254,1.2663,0.25588,1.19,0.60826,0.99882,0.89454,0.4016,1.3251,0.17328,0.32342,0.69493,0.74431,0.35346,0.87719,0.48959,0,0.49574,0.37895,0.71047,1.2158,1.1538,0.54186,1.5878,1.3218,0.7363,0.8617,0.31881,0.41745,1.1644,0.29625,1.1527,0.7919,0.59826,0.919,0.63838,0.2428,0.6322,1.0693,0.53188,0.28652,0.25172,0.28452,0.96403,0.85646,0.57828,0.44132,0.80043,0.78581,0.60812,0.49654,0.59106,0.37223,0.61264,0.53347,1.6097,0.51911,0.74204,0.41735,0.59239,0.98259,0.69441,0.26967,0.47362,0.84703,0.28559,0.81859,0.73866,1.1471,0.7108,0.64519,0.7651,0.51432,0.80132,0.15491,0.38819,1.2957,0.6284,0.63655,0.58449,0.52707,0.54314,0.69116,0.51054,0.75568,1.5073,1.584,0.88029,0.72146,0.68981,0.61762,0.57067,0.19438,0.58288,0.57433,0.65764,0.46211,0.88386,0.68145,0.36079,0.67575,0.59774,0.53298,1.9759,1.3266,0.86826,0.79528,1.1514,0.5079,0.9576,1.1394,0.38315,0.28286,0.40589,0.34034,0.22111,0.49858,0.54368,0.57842,0.67394,0.68787,0.45851,0.49154,0.2826,0.43448,0.42884,0.87496,1.3342,0.63893,1.0013,0.58768,0.90491,1.1169,0.7382,0.48129,0.72609,0.87505,0.47725,0.65971,0.68089,0.47589,0.28103,0.79893,1.4241,0.63552,1.5892,0.75073,0.35652,0.173,0.64901,0.83918,0.67915,0.33455,0.77554,0.78365,0.27368,0.52888,0.563,0.65582,0.39649,0.48512,0.62005,0.56069,0.49746,0.33845,0.68109,0.31495,0.61017,0.62243,1.0578,1.3717,0.91574,0.49773,0.55158,1.4835,2.0933,0.66278,0.36883,0.51132,0.56133,0.83754,0.74991,1.483,1.7472,0.71469,0.35514,0.46198,0.6136,0.73322,0.56446,0.27873,0.50816,0.28267,0.58926,0.44824,0.83179,0.43722,1.2194,0.45069,0.74202,0.61659,0.5452,0.45088,0.26678,0.40633,0.31261,1.1538,0.97368,1.1562,0.67208,1.055,0.61949,0.3432,0.5914,0.60344,0.6997,0.22997,0.39241,0.65054,0.38355,0.32486,1.4334,0.38164,0.41334,1.2737,0.40672,0.87366,0.62067,0.73315,0.75401,1.1565,0.87306,1.2741,0.51181,1.1348,0.74992,0.82072,0.74218,1.1718,0.64888,0.60224,0.29572,0.68961,1.03,0.91693,0.60541,1.3421,0.98156,0.69942,0.82947,0.57151,0.49559,0.78713,0.5608,0.48576,0.77665,0.5017,0.82038,0.60011,0.71935,0.61425,0.46602,0.50467,0.78672,0.34853,0.34284,0.73824,0.55397,0.74616,1.0822,0.94851,0.59729,0.57075,1.2084,0.69601,0.53819,0.44826,0.53402,0.38752,0.50059,0.61699,0.47253,0.80941,0.49882,0.34483,0.76182,0.56919,0.82515,0.57946,0.25874,1.5798,0.96029,0.86657,0.92345,1.0613,0.68045,1.1714,0.71737,0.45244,0.42697,0.35445,0.42485,0.67477,0.49122,0.938,1.0465,0.57801,0.51388,0.91119,0.38919,0.64701,0.92839,0.57736,0.77379,0.67237,0.25979,0.65178,0.58509,0.49487,0.44861,0.51396,0.44186,0.53747,1.0644,0.55852,0.57449,0.67975,0.96116,0.50663,0.73829,0.65731,0.37697,0.69432,0.6035,0.58734,0.44669,1.0238,0.50084,0.38314,0.3892,1.22,0.81487,0.83744,0.51948,1.0534,0.5679,1.3305,0.71673,0.70024,0.35435,0.53628,0.43008,0.83201,0.43186,0.72931,0.67012,0.81655,0.69551,0.44924,1.0693,0.95875,0.983,1.1756,0.91277,0.58912,0.50273,0.52909,0.38073,0.37177,0.52145,0.86152,0.8258,0.87505,0.3866,0.73684,0.68045,1.0338,1.1038,0.43095,0.2987,1.0512,0.6011,1.3484,0.70107,0.27537,0.84282,0.82732,0.57653,0.66312,0.76419,2.3267,0.79958,0.56011,0.56678,0.85017,0.46969,0.33405,0.82591,0.26327,1.0454,1.1582,0.54475,0.43562,2.1346,1.1141,0.57121,0.87829,0.45858,0.72717,1.7011,0.79771,0.5659,0.59699,1.1108,1.1298,0.56509,1.0945,0.3385,0.44062,0.5299,0.71228,0.83036,0.80117,0.19052,0.59705,1.6448,0.88511,0.42834,0.94848,0.91016,0.48708,0.30082,0.52759,0.2608,0.87054,1.149,0.72329,0.41492,0.38679,0.80786,0,0.42393,0.84545,0.35207,1.0961,0.35348,0.4542,0.87959,0.67987,0.84932,1.0246,0.63498,1.2605,0.8807,1.2509,1.2819,1.0099,0.35375,0.47433,0.78597,0.51417,1.9231,1.3861,1.221,0.95355,0.59528,1.2883,0.41119,0.25707,0.26828,0.55363,0.6344,0.53164,0.9946,0.3342,0.61436,0.47906,0.39219,0.78446,1.0208,0.89667,0.34337,0.40448,0.62945,0.93773,0.66063,0.39226,0.41316,0.44617,0.72991,0.49895,0.5222,0.78415,1.0369,0.49272,0.56343,0.49042,0.25178,0.4095,0.58786,0.78256,0.83628,0.89604,0.95133,0.54004,1.4106,0.30277,0.42797,0.62945,0.61305,0.80194,0.3183,0.93801,0.62978,0.86979,0.52206,0.64051,1.7576,0.88769,1.124,0.56351,1.0049,0.50577,0.38279,0.71079,0.32451,0.673,0.64063,1.4526,0.23098,0.8418,0.67967,0.32862,0.79635,0.43977,0.47155,0.41507,0.35347,0.75699,0.55442,0.79594,0.41774,0.66006,1.1547,0.50355,0.42772,0.67429,0.76455,0.71999,0.19774,0.56425,0.70132,0.47677,0.50831,0.47974,0.78437,0.81876,1.8408,0.68612,0.58278,0.78374,0.69648,1.2981,0.8685,0.97332,0.55272,1.4257,0.43318,1.0904,0.88826,0.94946,0.47791,1.2965,0.61353,0.89085,0.79555,0.74845,2.0722,0.66775,0.42626,0.72512,0.36162,0.78202,1.4546,0.41173,0.91645,0.57639,0.44848,0.62899,0.59642,0.651,0.30454,0.3408,0.8218,0.39329,0.62511,1.1009,0.58464,0.59436,0.40318,0.20649,0.169,0.78772,0.59547,0.57943,0.42529,0.80691,0.88669,0.53019,0.66994,0.67918,0.55311,0.75318,0.22122,0.85972,0.66761,0.26085,0.65907,0.81209,0.78216,0.63406,0.52631,0.82885,0.56991,0.81762,0.80671,0.92477,0.84399,0.37478,0.56629,0.65909,0.68486,0.10736,0.91084,0.38899,0.65996,1.1437,0.60434,1.0447,1.8044,1.7025,0.84826,0.82001,0.32425,0.37755,0.62549,0.95337,0.55108,0.50463,0.39127,0.57924,0.82435,0.34044,0.73688,0.65231,1.0219,0.55484,0.25832,0.65409,1.1308,0.62786,0.56017,0.53967,0.70585,1.1411,0.30835,0.30011,0.56242,0.83106,0.30948,0.51906,0.26116,0.58534,0.78559,1.1052,0.22264,0.5827,0.37106,0.51678,1.0044,0.74013,0.71424,0.3179,0.14863,0.49856,1.2077,0.96153,0.27827,0.58362,0.83788,0.89775,0.72887,1.7455,0.53786,0.5148,0.64094,0.44542,0.37842,0.23115,0.38077,0.41244,0.58384,0.27075,0.96683,0.82538,0.84905,0.98691,0.75396,1.0819,0.83246,0.33073,0.80515,0.85273,0.46503,0.45721,0.53101,0.65469,1.0452,0.65388,0.95817,1.0056,0.46118,1.4089,0.31411,0.59911,0.83776,0.41832,1.3506,0.91572,1.2597,0.70836,0.39196,0.57824,0.94966,0.65512,0.78612,0.49531,0.51724,0.28279,0.49403,0.29246,0.89575,1.4813,0.65932,0.73426,0.51178,1.1965,0.72659,0.35807,0.75122,0.33276,0.47211,0.51527,0.87019,0.79986,0.66462,0.77306,0.87881,0.64782,0.33692,0.42603,1.1942,0.57968,0.81204,0.37122,0.90904,1.4329,1.1832,0.44593,0.64637,0.42095,0.48097,1.0561,0.47495,0.82743,0.78351,0.54148,0.35641,0.92518,1.0819,0.45208,0.56097,1.2051,1.0088,0.39768,0.29698,0.71157,0.31138,0.48269,0.58388,0.1323,1.0326,0.75048,0.91167,0.52666,0.85814,0.66937,0.39532,0.9217,0.54707,0.39629,1.6379,0.98571,0.84385,0.57025,1.0176,0.43823,0.24116,0.41099,0.58808,0.85918,0.43405,0.53286,0.85537,0.30284,0.65455,0,0.34881,0.80609,0.59906,0.2966,0.58078,1.3308,0.84519,0.75803,0.74712,0.61959,0.41117,0.54961,0.95739,0.36531,0.59648,0.77549,0.73944,0.69659,0.26685,0.45658,0.32199,0.69056,0.8959,0.48631,0.64673,0.65604,0.54268,0.93032,0.24966,0.33193,0.25272,1.0828,1.3598,0.39276,0.68626,0.47745,0.21817,0.70735,0.57067,0.53312,1.1066,0.77371,0.54819,0.32695,0.78242,0.18445,0.90657,0.54073,0.85286,0.48251,0.20539,0.78743,1.2068,0.95348,0.46291,0.60222,0.26839,0.616,0.28881,0.6965,0.38226,0.58749,0.64295,0.16724,0.11848,0,0.54371,0.25238,0.2858,0.64556,1.692,1.3583,1.2051,0.87045,1.0679,1.6118,0.70165,0.68855,0.52436,0.44441,0.3942,0.77202,2.2235,0.83502,0.57613,0.45882,0.65894,0.5242,0.84484,0.66943,0.66715,0.72916,0.58926,0.29132,0.55548,0.40119,0.51456,0.74823,0.28946,0.46811,0.65186,0.4391,0.4678,0.57947,0.46717,0.6285,1.2526,0.87715,0.84807,1.3269,1.7465,1.0095,0.87723,0.64071,0.82006,0.33498,0.75949,0.47586,1.0504,0.56653,0.91615,1.3164,1.1648,0.78842,0.42044,1.2004,0.91742,0.46458,0.46061,0.78726,0.49581,0.27831,0.75217,0.70151,0.82574,0.60913,1.2099,0.2495,0.55467,0.48356,0.56521,1.6211,0.36405,0.3482,0.3107,0.9523,1.6634,1.171,0.69529,0.73633,0.6725,0.92428,1.0882,0.39315,0.64664,0.52268,0.6364,0.37693,0.54005,0.55708,0.6159,0.70784,0.43758,0.82361,1.1841,0.24219,0.6959,0.93332,0.62467,0.38694,1.1973,0.57413,0.49174,0.35486,1.0749,0.723,0.61816,1.0298,0.61339,0.59679,0.47984,0.48099,0.47914,0.37155,0.27436,0.37459,0.86123,0.49323,0.28789,0.7511,0.46843,0.44784,0.35983,0.80612,0.84805,0.82301,0.48509,0.76941,0.62097,0.59594,1.0501,0.72666,0.49682,0.58656,0.61694,0.77037,0.35586,0.2411,0.64134,0.72426,0.78703,0.29847,0.23542,0.53256,0.32111,0.96522,0.74211,0.81776,0.93575,1.0188,0.34865,0.69656,0.42136,0.89152,0.34668,0.426,0.25747,0.4599,0.86151,0.85067,0.8666,0.38426,0.32344,0.82499,0.45694,0.69123,1.0328,0.55841,1.0277,0.87314,0.67571,0.698,0.26104,0.62585,1.3482,0.78998,0.94666,0.58523,0.36542,0.66027,0.61001,0.67334,0.6831,0.63714,1.051,0.62499,1.0923,0.51153,0.98638,1.0374,0.57272,0.52011,0.94361,0.91012,0.58403,0.98304,0.8629,0.55128,0.85171,0.78679,0.97176,0.74696,0.40996,0.25316,1.0198,0.68342,0.60215,0.45026,0.47677,0.5101,0.38444,0.51297,0.61586,1.2271,0.26549,0.32633,0.65585,0.73593,0.56749,2.0285,1.5989,0.5302,0.57079,0.78635,0.54999,1.0434,0.49972,1.0325,0.23485,0.51747,0.54056,0.24686,0.379,0.34073,0.34942,0.38748,0.7128,0.78324,0.95636,0.86484,0.45096,0.936,0.51836,0.72388,0.92739,0.61641,0.53346,0.87857,0.51912,0.64979,0.38018,0.5048,0.91052,0.50019,0.80072,0.70686,0.74748,0.44405,0.4623,0.33138,0.45623,0.35537,0.49407,0.47958,0.96952,0.54499,1.0291,0.97453,0.68208,0.44679,0.31248,0.64818,0.6369,0.5457,0.35062,0.91078,0.56929,0.89945,0.61982,0.29339,1.1198,0.81324,0.36405,0.2346,0.93503,0.44462,0.56472,0.40612,0.54069,0.7235,0.35531,0.53551,0.71757,0.65174,0.25153,1.2218,0.99111,0.7273,0.3944,0.38903,0.40129,0.733,0.73177,0.89028,1.3943,0.55879,0.70157,0.48917,0.26932,0.42419,0.70176,0.6944,0.3766,0.9836,0.99936,0.62271,0.71934,0.55352,0.6902,0.67336,0.36844,0.51404,1.0034,0.50499,0.75073,0.81492,0.70866,0.65783,0.72882,0.60589,0.56886,1.0687,0.43893,0.83068,1.2129,1.1483,1.0068,0.21899,0.33109,0.41124,0.44302,1.0537,0.95078,0.55799,0.35698,0.63619,0.88557,0.67516,0.41206,0.31724,0.50622,0.9235,0.36759,0.41725,0,0.95821,0.72697,0.35034,0.74446,0.35518,0.55835,1.5223,0.49138,1.3553,0.23872,0.32592,0.1962,0.84604,0.33123,0.32912,1.1434,0.63967,0.92584,1.1923,1.283,0.29388,0.39064,0.49069,0.84832,0.75573,0.49792,0.85072,0.4784,0.51858,0.51737,1.5298,0.43822,0,0.59057,0.60329,0.4814,0.65721,0.98951,0.95939,0.41249,0.16686,0.99389,2.2845,0.86332,0.55332,0.78362,0.43446,0.4215,0.94279,0.43679,0.83231,0.805,0.34695,0.98521,0.47145,1.2047,0.45003,0.2331,0.45913,0.68062,0.5625,0.92301,2.013,0.79749,0.57736,0.9479,0.52698,0.48926,0.61419,1.1041,0.53507,0.42214,0.73243,0.54796,0.95781,0.44924,0.55298,0.71043,0.59395,1.1879,1.0712,0.3474,0.4862,0.82037,1.1329,0.36185,1.0862,0.58537,0.8429,1.0991,1.531,0.59078,0.52543,0.43666,0.33437,0.80276,0.66442,0.27037,0.60455,0.87826,0.47804,0.70659,1.0045,1.4471,0.70824,0.56436,1.1148,0.67226,0.46865,0.54818,0.29085,0.38375,0.85404,0.95309,0.3529,1.1792,0.4128,0.95664,1.0074,0.7391,0.27071,0.35466,1.1997,0.92888,0.59165,0.60951,0.34474,0.72919,0.87661,0.86555,0.75129,0.17881,0.76295,0.90206,0.98457,0.45215,0.83441,1.1352,1.2497,0.97368,0.76756,0.52322,0.69479,0.99416,0.22429,0.87452,1.0623,0.8811,0.41283,1.1161,1.7507,0.76968,0.695,1.1166,0.65227,0.78558,0.52244,0.34149,0.71751,0.61492,0.40533,0.2954,0.35541,0.6072,0.90787,1.2553,0.71634,1.1233,0.97132,0.69239,0.23966,0.20481,0.7068,0.44487,0.75202,0.38645,0.59433,0.52155,0.63373,0.53178,0.6413,0.3163,0.63041,0.71153,1.3556,0.61339,0.42164,1.2186,0.939,0.7373,0.88071,0.7314,0.21957,0.49043,0.27499,0.36743,0.58813,1.013,1.3896,0.54665,0.40456,0.57385,1.2181,0.44353,0.49141,0.7612,0.87079,0.34762,1.1578,0.90347,0.53604,1.1368,0.36018,0.24007,0.57511,0.85932,0.83273,0.68497,0.61183,0.93836,0.24922,0.81361,0.29157,0.55939,0.84302,0.73519,0.4765,0.50459,0.70258,0.73708,0.67189,0.70621,0.8238,0.94693,0.58167,0.63827,0.40774,0.82039,0.65683,0.98658,0.71229,0.33187,0.4868,0.4185,0.63434,0.43165,1.0325,0.56295,0.57402,0.71883,0.79167,0.80233,0.89125,1.0666,0.60967,0.86063,0.50109,0.95176,0.43322,0.74773,0.51558,0.31679,0.21163,0.74746,0.60726,1.1871,1.2691,0.8819,0.68249,0.69773,0.78941,0.42497,0.76382,0.37066,0.64444,0.56871,0.31671,0.3951,0.59428,0.92511,0.60772,0.58636,0.9577,0.67159,0.54469,0.86372,1.3266,1.2829,0.63869,0.37006,0.5555,0.49832,0.35913,0.87268,0.33317,0.95971,0.42963,0.42001,0.36986,0.61707,0.62838,0.32551,0.66007,0.5024,0.5782,0.42134,0.72805,0.71531,0.73781,1.0408,0.70665,0.4083,0.30176,0.42772,0.68231,0.45561,0.63226,0.51202,0.46135,1.2855,0.4016,0.80216,0.7567,0.35145,0.53433,1.0582,0.49313,0.72783,0.43915,0.99187,0.70237,1.5605,0.76947,0.56085,0.95471,0.976,0.44201,0.47605,1.0465,0.8124,0.56959,0.56752,1.008,1.0971,0.34926,0.26643,0.87618,0.66259,0.45318,0.54817,0.32169,0.97475,0.60765,1.5341,0.48431,0.62582,0.19231,0.55967,0.58168,0.50379,1.0054,0.77033,0.54481,1.4673,0.31053,1.1432,0.86543,0.8592,0.27345,0.31464,0.43357,1.2432,0.66637,0.72547,0.63868,0.83362,1.2406,0.48439,0.8123,0.47865,0.35324,1.0871,0.6717,0.41287,0.43699,0.49649,0.80227,0.6531,0.21086,0.49422,0.84562,0.33009,0.54773,0.52484,0.74108,0.88482,0.90789,0.51338,0.6639,0.65301,0.47202,1.0137,0.83944,0.72961,0.68124,0.82627,0.31277,0,0.22256,0.46749,0.66441,0.45433,0.76145,0.67584,0.82896,1.0028,0.40374,0.32411,0.55998,1.218,0.91596,0.81057,0.58528,0.69057,0.50363,0.76414,0.83082,1.3483,0.88121,1.0047,0.31872,0.72335,0.93972,0.31513,0.67411,0.5546,0.59286,0.78736,0.47204,0.4515,1.4457,1.9529,0.82507,0.18283,0.43767,0.28021,1.3027,0.44985,0.77791
0.66883,0.38245,0.60241,0.72787,0.57023,1.5458,0.95215,1.3138,0.26551,0.41313,0.34841,0.5854,0.37129,0.81218,0.58397,0.8757,0.58469,0.90926,0.49002,1.0217,1.3714,0.76192,0.67659,0.62507,1.0792,0.54138,0.41675,1.1263,0.62559,0.45275,0.39654,0.56243,0.53675,0.9019,0.48651,0.25317,0.35602,0.58303,0.91789,0.44318,0.60543,0.67743,0.81265,0.95002,0.73903,0.7578,1.2367,0.39387,0.70923,0.84504,0.57278,0.97351,0.61722,0.50266,0.37464,0.62664,1.4169,0.94234,0.30588,0.47409,0.43321,0.41679,0.71137,0.46122,0.36816,0.38942,0.52477,0.4254,0.9619,0.73303,0.29402,0.37037,0.45666,0.40074,0.92522,0.4126,0.30663,0.4666,0.52402,0.6024,0.75674,1.1245,0.65592,0.61957,0.49112,0.80221,0.34678,0.51517,0.49362,0.51203,0.83751,0.60023,1.0919,1.0467,0.76488,0.70461,0.46904,0.54908,0.53409,0.8895,0.98408,0.65746,0.50766,0.49676,0.41908,1.1151,0.85316,0.22122,0.55951,0.73498,0.53514,0.85427,0.32084,0.48843,0.38442,0.53778,0.7471,0.42317,0.66739,0.47907,0.57646,0.4407,0.61749,0.86551,0.385,0.24129,0.76412,0.86561,0.32699,0.66042,0.45177,0.55285,0.47873,1.2407,1.4678,0.39444,0.29032,0.4639,0.66602,0.51107,0.49004,0.52237,0.34407,0.34061,0.27927,0.26756,0.8648,0.46896,0.94343,0.56098,0.81831,0.75392,0.60564,0.6904,0.36417,0.39615,0.65697,0.42822,0.45927,0.69778,0.27736,0.75606,1.3909,0.82042,0.47838,0.39877,0.83715,0.38343,0.38024,0.47109,0.65202,0.32518,0.35047,0.53883,0.9463,0.82393,0.586,0.79391,0.46632,0.33669,0.60607,0.53552,0.43613,0.4826,0.97179,1.0022,0.43785,0.51459,1.0803,0.55138,0.92933,0.91824,0.44267,0.81291,0.92866,0.53766,0.6266,0.52781,0.77293,0.98952,0.50153,0.57381,0.46077,0.37732,0.41292,0.44391,0.30601,0.3652,0.29571,0.91795,0.50531,0.49587,0.65258,0.52995,1.3488,1.1328,0.60691,0.64055,0.33736,0.49012,0.75414,0.39352,0.80971,1.0574,0.68552,0.39583,0.49596,0.31273,0.64356,0.56871,0.59398,0.79273,0.54426,1.0464,0.74748,0.85156,0.66018,0.68969,1.551,0.9281,1.0097,0.53073,0.50298,0.63752,0.90473,0.64573,0.74538,1.1215,0.88041,0.33998,0.54567,1.1221,1.0965,1.0594,0.86423,0.43676,0.69726,0.54903,0.83628,0.75426,0.66307,0.60268,0.76133,0.40454,0.73559,0.6461,0.86515,1.0114,0.53171,0.48264,0.36596,0.47407,0.63412,0.60073,0.23715,0.31581,0.53241,0.74179,0.80161,0.49907,0.73077,0.58888,0.49923,0.71167,1.3754,0.81492,0.33606,0.71399,1.0642,0.61598,0.47192,1.2256,1.4252,0.62397,0.60406,0.5304,0.81537,0.6026,0.51295,0.62998,0.57867,0.67177,0.53417,0.9589,0.86417,0.67458,0.6343,0.45616,0.8431,0.35187,0.30586,1.1104,0.87557,1.3215,0.85563,0.63025,0.75913,0.79509,0.56803,1.171,0.78327,0.58469,0.40084,0.46122,0.65408,0.76484,0.95191,0.66969,0.56361,0.72601,0.68706,0.75438,0.66097,0.74325,0.97935,0.5732,0.55833,1.0296,0.92535,0.81497,0.95394,0.60625,0.55025,0.80588,0.64697,0.55684,0.55573,0.54217,0.71733,0.39314,0.52931,0.79696,1.6777,0.74561,0.94589,0.74715,1.9569,0.53017,1.2497,0.44363,0.59046,0.75524,0.63911,0.52984,0.79796,0.62004,0.57997,0.64937,0.37687,0.7483,0.69196,0.51351,0.83466,0.37498,0.41669,1.3603,0.45777,0.46776,0.33177,0.35808,0.52807,1.0222,0.35129,0.17926,0.78685,0.58431,0.45661,0.52856,0.54118,0.8415,0.58648,0.72856,0.39833,0.36453,0.468,0.75898,0.33796,0.33365,0.36905,0.52513,0,1.6786,0.98217,0.95744,0.39058,0.99862,0.63065,0.50108,0.40791,0.61131,0.39718,0.63917,0.39802,1.4456,0.80411,0.5249,0,0.63612,0.61638,0.46796,0.44472,0.4713,0.9354,0.40672,0.19406,0.44977,0.41698,0.54097,0.5098,0.40677,0.54666,0.6469,0.59179,0.28534,1.3932,0.61051,0.9949,0.66683,1.8806,1.0121,0.32351,0.68675,0.20192,0.33637,0.34198,0.51512,0.46351,0.53995,0.89283,0.29604,1.0516,1.0329,0.64118,0.63878,0.62172,0.83266,0.67088,1.4065,0.91598,0.65882,0.41409,0.38248,0.59345,0.6531,0.55024,0.79905,0.42097,0.31845,0.77387,0.68908,1.0172,0.43502,0.53778,0.36945,0.36832,0.24771,0.47731,0.52454,0.71936,0.62749,0.49964,0.74893,0.45445,1.213,1.4223,0.40694,0.52264,0.88208,1.0567,0.39124,0.48726,0.7459,0.60622,0.50241,0.44648,0.26884,0.80148,0.83579,0.57255,0.67027,0.38346,0.77163,0.71237,0.79003,0.68631,0.56731,0.89362,0.75933,0.99651,0.88728,0.49938,0.78936,0.55322,0.41084,0.42658,0.36665,0.75752,0.49162,0.53382,0.83398,0.4579,0.81818,0.41881,0.6554,0.61203,0.27257,0.89041,0.52811,0.72613,0.44011,0.57388,0.86433,0.73233,0.89715,0.93128,0.48871,0.3335,0.99276,0.56947,0.24527,0.48394,0.29943,0.37682,0.65028,1.0166,0.72936,0.48086,0.82789,0.51065,0.54702,1.0913,0.51036,0.68687,0.99314,0.64578,0.49616,1.1069,0.84155,0.67201,0.42184,0.54646,0.80115,0.48337,0.63768,0.29375,0.66745,0.37979,0.42649,0.76961,0.2631,0.69014,0.76979,0.6187,0.38664,0.54151,0.88717,0.41323,0.31083,0.83814,0.6228,0.48782,0.52534,0.37303,0.52456,0.6028,0.66244,0.76038,0.44307,0.43777,0.54872,0.39229,0.84808,0.51685,0.47005,0.7544,0.49388,0.30729,1.0874,0.70125,1.0077,0.93879,0.46671,1.3324,1.1135,0.27507,0.44363,0.57534,0.90791,0.41237,0.91582,0.741,0.27194,0.4388,0.79986,0.74195,0.34528,0.65847,0.24355,0.40791,0.67985,0.54966,0.35984,0.64932,0.24258,0.38306,0.29979,0.67815,1.0516,0.54986,0.195,0.52627,0.67129,0.7297,0.75585,0.5061,0.86803,0.39748,0.57637,0.53291,0.72516,0.58048,0.28272,0.36255,0.55266,0.77837,0.37323,0.49626,0.33475,0.71337,1.15,0.60424,0.33825,0.94564,0.42917,0.482,0.72957,0.81099,0.9239,1.2036,0.66705,1.2192,0.57736,0.46102,0.55303,0.38796,0.47124,0.2877,0.49921,1.093,0.53413,0.27974,0.67714,0.67402,0.67574,0.41845,0.45146,0.39971,0.48936,0.28485,0.64148,0.3572,0.62298,1.0698,0.76255,0.85628,0.54748,0.45965,0.64942,0.41588,0.23033,0.7385,0.57799,0.36017,0.7973,0.41306,0.4838,0.46245,0.76019,0.58696,0.40136,0.31045,0.44314,0.31711,1.0659,1.0492,0.99697,0.60991,0.53908,0.92349,0.35573,1.2023,0.95172,0.36156,0.26803,0.44614,0.62593,0.9979,0.66869,0.58581,0.66508,0.6306,0.42511,0.70067,0.42942,1.0743,0.961,0.54488,0.65897,0.36604,0.35756,0.69198,1.0376,0.55338,1.0534,0.64515,0.67437,0.45981,0.48453,0.49035,0.58884,0.59651,0.70874,0.48415,0.6959,0.63977,0.82588,0.51094,0.80383,0.38506,0.32462,0.80513,0.56844,0.43263,0.57079,0.34224,0.41833,0.30652,0.64457,0.86919,0.60294,0.31973,0.88855,0.79775,0.79918,0.56252,0.76495,0.78453,0.81946,0.66286,0.36564,0.65584,1.0976,0.68657,0.68087,0.75741,0.46906,0.84969,0.80343,0.36764,0.59542,0.66475,0.72363,0.55086,0.66645,0.79285,0.6949,0.5488,0.75553,0.48984,0.72149,0.45106,0.43049,0.61457,0.57006,0.73842,0.56516,0.57327,0.66027,0.87946,0.66447,0.70398,0.86533,0.61651,0.58086,0.28859,0.67978,1.2334,1.0141,0.57497,0.69487,0.73937,1.1635,1.1185,0.47692,0.26239,0.80891,0.77157,0.74441,0.31714,0.43709,0.97261,0.34659,0.44809,1.9997,0.69544,0.21455,0.89591,1.4117,0.51207,0.67424,0.84771,1.0105,0.72725,0.72474,0.33042,0.35416,0.93436,0.63486,0.60631,0.99084,0.82976,0.49472,0.64126,0.31852,0.48375,0.48352,0.39473,0.97498,0.20683,0.74352,0.58424,0.42975,0.67985,1.1668,0.35278,0.49914,0.59859,0.68315,0.54283,0.33008,0.50199,0.73964,0.53294,0.2564,0.53172,0.59407,0.7762,0.32337,0.51662,0.60361,0.70709,0.75156,1.563,0.83129,0.41185,0.24689,0.68693,1.1811,0.57163,0.70496,1.3191,0.72882,0.5122,0.46484,0.50379,0.63571,0.87963,0.56358,0.76141,0.51482,0.41918,0.52815,0.55552,0.66064,1.073,1.2628,0.53037,0.34776,0.3875,0.87106,0.3298,0.3587,0.88214,0.41783,0.75732,0.70706,0.59756,0.64187,0.40363,0.82347,0.93609,1.2858,1.1551,0.80521,0.85701,1.0096,0.69771,0.3368,0.77981,1.0081,0.77174,0.27729,0.41183,0.38256,0.40722,0.27097,0.70064,0.65211,0.51485,0.57019,0.49561,0.49802,0.76396,1.0236,0.50744,0.43942,1.1429,0.8054,0.62042,0.52319,0.47542,0.65625,0.81876,0.56744,0.84176,0.4947,1.0028,0.38886,0.93431,0.6455,0.52791,0.43381,1.0497,0.94204,1.0159,1.7521,0.73521,0.85597,0.79629,0.45037,0.40449,0.80239,0.48261,0.40374,0.43625,0.47466,0.45977,0.31123,0.51457,0.52216,0.59232,0.44079,0.45579,0.2905,0.33329,0.31187,0.9146,0.66504,0.35487,0.58713,1.0303,0.7652,0.57134,1.2302,1.111,0.74087,0.68754,0.41812,0.4393,0.69832,0.81995,0.47464,0.47531,0.4317,0.82604,0.74894,0.50138,0.5013,0.61771,0.77687,0.90909,0.544,0.96872,0.81145,0.55198,0.44624,0.53011,0.40593,1.2866,0.62888,0.57862,0.54312,0.43357,0.27774,0.72926,0.75849,1.2452,0.36123,0.78991,0.42261,0.42162,0.30874,0.49549,0.51267,1.0915,0.28443,0.40605,0.29744,0.23368,0.63764,0.73712,0.2676,0.48203,1.1292,0.84354,0.51858,0.51395,1.0654,0.66252,0.65672,0.77422,0.62223,0.31332,0.59303,0.57882,0.80717,0.5743,0.72553,0.66878,0.32999,0.73847,0.78067,0.80907,0.75149,0.62156,0.52172,0.93143,0.45897,0.57388,0.55489,0.56492,0.81983,0.6405,0.65099,0.81048,0.59409,0.67957,0.54018,0.78576,0.74417,0.60296,0.59544,0.5423,0.22934,0.70651,0.36133,0.4869,0.48913,0.76007,0.66376,0.30597,0.76513,0.36624,1.0828,0.45262,0.58384,0.40697,0.46179,0.28624,0.48567,0.49502,1.2339,0.60044,0.69147,0.50038,0.78614,0.71274,0.66966,0.96104,0.69959,0.81146,0.75756,0.46398,0.52126,0.57433,0.5069,0.95682,0.34808,0.30267,0.72595,0.66685,0.43653,1.3062,1.1233,0.91047,0.92609,0.64412,0.64545,0.90028,1.0305,1.0265,0.58253,0.65778,0.59579,0.6809,0.60978,1.0451,0.54689,0.48065,0.28131,0.46549,0.7207,0.55665,1.1856,0.48105,0.50689,0.41466,0.70466,0.25091,0.48447,0.66503,0.50139,0.39956,0.93121,0.80305,0.5982,0.39976,0.65176,0.3965,0.78998,0.68847,0.66493,0.66139,0.50031,0.52424,0.68542,0.6056,0.28807,0.40864,0.57046,0.6303,0.52591,0.43967,0.3381,0.52976,0.53551,0.61233,0.64569,0.6521,0.55393,0.95354,0.69,0.6751,0.32284,0.26565,0.22687,0.51149,0.64941,0.91931,0.94708,0.52679,0.6929,0.51008,1.0541,0.34589,0.63109,0.68716,0.34743,0.57304,0.49827,0.30514,0.55736,0.98698,0.58954,0.8417,0.81805,0.4621,0.7162,0.3591,0.43728,0.82091,0.48713,0.92395,0.74427,0.55957,0.67652,0.50504,0.80047,0.3668,0.45076,0.21437,0.35775,0.94745,0.5857,0.31391,0.74009,1.1477,1.035,0.38823,0.58096,0.44067,0.75893,0.72511,0.53212,0.49529,0.97396,0.4722,0.51914,0.6235,1.159,0.41448,1.22,0.4562,0.85426,0.567,1.3603,0.55669,0.68769,1.558,0.4561,0.74356,0.48919,0.4459,0.84216,1.7997,0.8633,0.51814,0.34029,0.33582,1.0168,0.39355,0.52969,0.32586,0.4891,0.86306,0.57766,0.58225,0.52088,0.36857,0.48902,0.48886,0.4603,0.5519,0.51985,0.51943,0.82995,0.80548,0.57423,0.43481,0.28592,0.49117,1.1684,0.54177,0.54775,0.15129,0.58216,0.51235,0.60521,0.2471,0.74012,0.65163,0.6292,0.28823,0.88195,0.12699,0.81007,0.5889,0.87626,0.50713,0.66382,0.5979,0.59145,0.58266,0.69629,0.61585,0.32947,0.57806,0.57159,0.40635,0.99059,0.42674,0.69266,1.0155,0.6784,0.50656,0.98998,0.50275,0.83183,1.1221,0.51765,0.45817,0.66201,0.45132,0.56701,0.43015,0.66523,0.56074,1.7326,0.52594,0.66861,0.56647,0.79089,0.5223,0.95481,0.72137,1.0494,1.1693,0.9246,0.92304,0.55935,0.56168,0.46277,0.78079,0.19224,0.90378,0.95019,0.79642,0.43805,0.17822,0.33074,0.38152,0.46174,0.4029,0.45627,0.61144,0.81106,0.59175,0.52214,1.0395,0.51894,0.86484,0.73939,0.69858,0.89526,0.45719,0.54358,0.71722,0.96935,1.3611,0.54978,0.55706,0.45784,0.40101,0.37081,0.35684,0.30903,0.40337,0.63621,0.69003,0.34151,0.6407,0.95455,1.0268,0.86199,1.385,0.79157,0.88061,0.81917,0.95754,0.40871,0.44575,0.4338,0.57327,0.73772,0.69663,0.53542,0.5074,0.60921,0.32113,0.47385,0.6279,1.1898,0.94599,0.44501,0.25407,0.88867,0.75463,0.45718,0.47833,0.69664,0.55234,0.47954,0.71187,0.72438,0.62503,0.55398,1.0769,0.6129,0.57898,0.42538,0.31214,0.39316,0.3599,0.52577,0.79332,0.86974,0.50182,0.51438,0.8246,0.4558,0.78763,0.54495,0.55677,0.89925,0.90267,0.69997,0.36602,0.75425,1.1819,0.76701,1.032,0.56711,0.7232,0.49827,0.72655,0.66235,1.0735,0.72079,0.54062,1.3302,0.83946,0.56201,0.3116,0.3661,0.77816,0.67952,0.77164,0.71809,1.0259,1.0855,0.62075,0.69062,0.91131,0.73925,0.58451,0.42077,0.67711,0.53195,0.3096,0.37193,0.92957,1.4186,1.0468,0.6282,0.43506,0.39901,0.38788,0.92507,0.58703,0.36715,0.45532,0.52355,0.29133,0.49562,0.70535,0.39458,1.1369,0.86622,0.67735,0.45064,0.34678,0.6705,1.2884,1.4329,1.0259,0.94502,0.49683,0.4826,1.288,0.79598,0.61238,0.33325,0.5682,0.70927,0.46148,0.41991,0.49007,0.6274,0.74217,0.23233,0.74185,0.47175,0.36351,0.5446,1.0139,0.2844,0.55057,0.4987,0.74271,0.39276,0.51561,0.55026,0.58743,0.80593,0.6535,0.38542,0.41593,1.0389,1.2155,0.37964,0.30632,0.93492,1.35,0.60988,0.30282,1.0843,0.99334,0.26239,1.0783,0.33217,0.86957,0.77504,0.96343,0.44137,0.91755,0.51659,0.4248,0.74758,0.93153,0.44402,0.5652,0.7235,1.0824,0.48382,1.816,0.55081,0.25286,0.43972,0.98839,0.50655,0.68389,0.60783,0.58507,0.44878,0.40698,0.8549,0.52925,0.42843,0.57328,0.38382,0.33282,0.24849,0.29325,0.571,0.66151,0.58988,0.49724,0.39168,0.72547,0.69025,0.8176,0.6723,0.59956,0.50052,0.40946,0.52843,0.61216,0.58785,0.89854,0.45615,0.94832,1.8284,1.5141,0.65789,0.31936,0.73742,0.24704,0.54963,0.91263,0.40999,0.78481,1.3015,0.73021,0.6013,0.67062,0.55137,0.70456,0.3036,0.51859,0.47424,0.40169,0.93677,0.83958,0.54353,0.45763,0.26019,0.32498,0.49671,0.43488,0.69952,0.60894,0.57119,0.92847,0.51267,0.31512,0.2883,0.55822,0.51868,0.63359,0.47836,0.91878,0.3697,0.92036,0.60842,0.58002,0.84071,0.45596,0.42783,0.85179,1.5416,1.104,0.98455,0.43336,0.48699,0.41726,0.63427,0.35294,0.60973,0.654,0.19296,0.39271,0.31923,0.38413,0.33876,0.50649,0.51985,0.56602,0.39351,0.54293,0.92132,1.2288,1.0819,0.51428,0.47799,0.27485,0.53052,0.22909,0.25571,0.40304,0.25416,0.5079,0.75928,0.42931,0.89257,0.81115,1.3057,0.65692,0.38261,0.33747,0.61939,1.6284,0.88936,1.1632,0.43136,0.47789,0.90562,0.25005,0.53035,1.2832,0.69685,0.43151,0.87515,0.22868,0.82741,0.85661,0.53045,0.33253,0.84851,0.31503,0.28514,0.73005,0.61681,0.45641,0.95215,0.74336,0.32408,0.65761,0.47929,0.46805,0.7079,1.3883,0.7439,0.63541,0.82833,1.0746,0.45077,0.31285,1.0022,1.0089,0.5505,0.4238,0.46575,0.72978,1.2423,1.7763,0.74227,0.78043,0.42839,0.32684,0.37498,0.29169,1.1368,0.41823,0.67491,0.47149,0.40181,0.50865,0.81869,0.96758,0.57481,0.64437,0.58117,0.47501,0.97395,0.40603,0.57996,0.97552,0.76888,0.52062,0.5368,0.58321,0.49424,0.37259,0.25589,0.78729,0.60571,0.63593,0.70268,0.69457,0.40143,0.42243,0.54134,0.59367,0.59993,0.38063,0.6574,0.3744,0.45302,0.76545,0.58091,0.55315,0.65196,0.43075,0.78362,0.74664,0.5602,0.45392,0.54757,0.41934,0.68348,0.41689,0.69774,0.81306,1.7463,0.26064,0.58545,0.59836,0.86101,0.74303,1.4303,1.1971,0.6488,0.54811,0.80719,0.37417,0.7177,0.7295,0.82794,0.33474,0.76913,0.72971,0.80139,0.80892,0.44967,0.87527,0.42515,0.58561,0.68199,0.7606,0.49756,0.62269,0.68492,0.59906,0.32437,1.0657,0.54867,0.79546,0.73997,0.29796,0.35182,0.22086,0.65488,0.23795,0.42046,0.30091,0.37781,0.29012,0.64816,0.31792,1.2446,0.56756,0.44001,0.43999,0.78379,0.94404,0.68771,0.50431,1.123,0.35336,0.578,0.54109,0.32422,0.81612,0.44491,0.89937,0.56481,0.5812,0.43586,0.48646,0.61458,0.79041,0.78324,0.94985,0.46058,0.31316,0.68216,0.75509,1.0442,0.6804,0.50773,0.52037,0.2876,0.58312,0.82105,0.36732,0.74168,0.99323,0.30796,0.38105,0.54144,0.69454,0.37972,0.45075,0.65407,1.3069,0.96802,0.52949,1.1345,0.49288,0.47568,0.89325,1.1479,0.36715,0.98278,0.41005,0.34637,0.96597,0.56266,0.25479,0.29061,0.6488,0.5817,0.71826,1.9135,1.47,0.57777,0.37828,0.489,0.39464,0.87913,1.0591,0.60301,0.57534,0.67742,0.86726,0.92871,0.56956,0.4284,0.5564,0.53176,0.863,0.55252,1.0127,0.95003,0.52131,0.67996,0.29932,0.30092,0.61142,0.32276,0.59538,0.50543,0.54124,0.40353,0.90053,1.4322,0.70586,0.88597,0.42133,0.87411,0.53372,0.49389,0.36331,0.56022,0.51492,0.70021,0.85926,1.1182,0.59799,0.39487,0.42622,0.74151,0.70934,0.51476,0.97768,0.63984,0.64076,1.0707,0.46242,0.34736,0.44198,0.62409,0.49352,0.42714,0.40403,0.56584,0.46588,1.2326,0.54151,0.55877,1.1441,0.5827,0.561,0.79565,0.38761,0.54833,0.65311,0.38507,0.39305,0.47672,0.60918,0.72356,1.3928,0.34394,0.99423,0.39255,0.736,0.54004,0.48161,0.86509,0.55514,0.82811,0.43062,0.3969,0.7374,0.64927,0.72918,0.99565,0.86759,0.36118,0.64376,0.58224,0.46653,0.90763,0.38776,0.73133,0.46404,0.72989,0.50407,0.99147,0.42979,0.56169,0.86411,0.76312,0.44279,0.49798,0.35031,0.76366,0.5544,0.78498,0.65217,0.20569,0.56008,0.49642,0.43485,0.68133,0.54543,0.9389,0.61033,1.6645,0.7327,1.3659,0.5416,0.57103,0.7375,0.64592,0.62356,0.3105,0.57511,0.55398,0.87093,0.59034,0.3335,0.94194,0.2583,0.53491,1.0995,0.50841,0.56333,0.97878,1.7109,1.9907,0.62948,1.138,0.59293,0.59512,0.40728,0.51829,0.32948,0.47858,0.58585,0.71659,0.66532,0.64609,0.42258,0.5866,0.76399,0.90719,0.43751,0.3057,0.5535,1.1334,0.696,0.32164,1.2913,0.57523,0.70209,0.41558,0.87988,1.2977,1.1696,0.6417,0.9924,0.28957,0.63658,1.2551,1.1592,0.66727,0.2782,0.54487,0.64845,0.42345,0.7545,1.1657,1.2134,1.3461,0.43106,0.52693,0.54097,0.19775,0.67069,1.0582,0.49798,0.57349,0.66429,0.353,0.46708,0.52897,0.27085,0.75378,0.45657,0.53175,1.412,0.52108,0.59105,1.1021,0.86088,0.79922,0.47503,0.69856,0.47195,1.308,0.33116,0.74055,0.47655,0.52724,0.4512,0.44611,0.4782,0.55736,0.36866,0.71815,0.78183,0.80667,0.77292,0.65629,0.53808,0.62973,0.30966,1.012,0.62337,0.31874,0.63166,0.7371,0.30573,0.44072,1.0746,0.31331,0.75343,0.48928,1.4949,0.65107,0.56249,0.42053,0.94166,0.86319,0.49013,0.47631,0.66789,0.5987,0.6717,0.97144,0.58902,0.4811,0.57568,0.45113,0.59877,0.39092,0.57852,0.54507,1.0561,0.95275,0.42004,0.54511,0.72775,0.92797,0.45743,0.25943,0.41923,0.9197,0.52174,0.80442,0.60996,0.64148,0.63737,0.60829,0.73022,0.79639,0.63441,0.57935,1.0533,0.66309,0.69529,0.74234,0.57667,0.48144,0.87563,0.38919,0.60248,0.36382,1.7945,0.53662,0.2554,0.8272,1.2955,0.39968,0.82863,0.96442,0.47635,0.96955,0.90889,0.67868,0.34003,0.86739,0.49373,0.25798,1.1681,0.67836,0.50943,0.87332,0.90728,0.8519,0.68758,0.50037,0.89006,0.58988,0.99874,0.19974,0.24825,0.67595,0.5374,0.39859,0.54146,0.74071,0.58196,0.83206,0.7695,0.74092,0.582,0.67019,0.53969,0.60775,0.70036,1.2517,0.49742,0.68709,0.56937,0.66846,0.63468,0.60857,0.68637,1.3508,0.80267,1.2053,1.1163,0.52606,0.79743,0.72687,0.8035,0.54154,1.1686,0.56796,0.52503,0.31862,0.3091,0.60535,0.5311,0.73337,1.0756,0.68039,0.22544,0.41729,0.48882,0.48551,0.61847,0.33189,0.33427,0.4894,0.42442,0.78174,1.0538,0.45295,0.7129,0.74515,0.56901,0.40289,0.57602,0.4644,0.41353,0.6883,0.84768,0.64173,0.69603,0.30388,0.45599,0.48617,0.86817,0.39364,0.75425,0.55929,1.0562,0.82214,0.93084,1.0497,0.52888,0.88026,0.50594,0.53107,0.35452,0.72441,0.64279,1.0056,0.64384,0.59852,0.35109,0.52689,0.79988,0.81809,0.86118,0.63931,0.32865,0.92907,0.6675,0.58216,0.49842,0.39434,0.48456,0.22363,0.34232,0.38932,0.73224,0.52419,0.72342,0.32488,0.4015,0.29255,1.5838,0.98372,0.46523,0.28337,1.0227,1.1299,0.88966,0.8369,0.66247,0.16061,1.0486,0.75615,0.75695,0.62677,0.94499,0.73687,0.60399,0.4824,0.49231,0.49774,1.1134,0.68906,0.55662,0.61663,1.3435,0.62993,1.1187,0.3876,0.77874,0.91688,0.76977,0.81556,0.58396,0.41383,0.49581,0.30487,0.34382,0.61347,0.40752,0.47979,0.66651,0.47931,0.71398,0.31732,0.46281,0.34645,0.37196,0.36643,0.84923,0.59562,0.53311,0.36515,0.48693,0.54869,0.62491,0.68043,0.58661,0.59981,0.8283,0.71262,0.8557,1.2058,0.66218,0.398,0.78603,0.90404,0.92373,1.1326,1.2689,0.54601,0.54243,0.53375,0.52317,0.44923,0.29316,0.37583,0.83838,0.85009,0.70943,0.95218,0.67571,1.2816,0.75536,0.24588,1.2576,0.52762,0.38007,0.80796,0.84149,0.677,0.54147,0.39206,0.22774,0.51195,0.38513,0.534,0.52617,0.31532,0.65097,0.28751,0.42245,0.6599,0.74179,0.57349,0.45401,0.28438,0.46373,0.33342,0.51605,0.8916,0.65739,1.1145,0.43964,0.23985,0.45196,0.49598,0.48332,0.56522,0.53491,0.8773,0.9555,0.74555,0.42471,0.76191,0.46593,2.2117,0.44941,0.75452,1.1317,0.50217,0.99038,1.0917,0.52004,1.5085,1.0094,0.61657,0.3449,0.81006,1.0929,0.46406,1.0154,0.37237,0.14419,0.39879,0.31861,0.54505,0.4485,0.50985,0.39677,0.50526,0.35311,1.0692,0.51279,1.1033,0.47518,0.22098,0.39019,0.64123,0.21759,0.56253,0.89161,0.70018,0.57326,0.32892,0.53692,0.52202,0.955,0.26043,0.31449,0.5845,0.40282,0.65536,1.7206,0.76763,0.53113,0,0.61126,0.86139,1.2219,0.65365,0.56413,0.50226,0.93064,1.7019
0.55223,0.57784,1.223,0.78049,0.57748,0.66977,0.49266,0.81747,0.26345,0.64245,0.54572,0.2372,0.22746,0.70479,0.62606,1.0027,0.70593,0.87299,0.70828,1.3088,1.0968,0.72419,1.0416,0.6362,0.40657,1.0738,0.709,0.6742,0.65952,1.0917,1.2628,0.22578,0.58317,0.36822,0.44996,0.49172,0.57892,0.44,0.32186,0.68019,1.7335,1.304,0.73648,0.38976,0.26381,0.50307,0.3569,0.71512,1.1035,0.76665,0.75602,0.50181,0.77553,0.54364,0.82095,1.0408,0.66315,0.50905,0.56108,0.48545,0.44518,0.27778,0.56961,0.57057,0.98078,0.64902,0.32529,0.51671,0.81657,0.83906,0.91195,0.48512,0.63235,0.60083,1.6107,0.62743,0.89178,1.0521,0.6086,0.45133,0.48018,0.41483,0.90579,0.7811,0.88878,0.65838,0.67983,0.42295,0.53432,0.3391,0.5569,0.31095,0.8712,1.034,0.55897,0.51922,0.68779,0.58315,0.99222,0.86254,0.74349,0.47664,0.82374,0.63925,0.44901,0.45129,0.66019,0.62047,0.37934,0.84065,0.78853,0.43001,0.48039,0.67041,0.4129,0.43935,0.26597,0.64398,0.5743,0.52922,0.45927,0.77678,0.47485,0.64128,0.69849,0.52309,0.65393,0.49446,1.0318,0.82116,0.74065,0.27143,0.35087,0.45229,0.45396,0.47059,0.31131,0.67135,0.47012,0.42761,0.60859,0.87089,0.45116,0.41095,0.49874,0.64815,0.56712,0.73583,1.2314,0.90067,1.3845,1.352,0.72022,0.6534,0.87274,0.51194,0.42399,0.54434,0.65045,0.67481,0.5558,0.66947,0.89669,0.68165,0.54717,0.2594,0.64596,0.47978,0.65002,0.69892,0.62042,0.74379,0.51509,0.61058,0.64533,0.91431,0.54518,1.1,0.92158,0.95164,0.60931,1.0114,0.41662,0.82611,0.55842,1.0197,0.54431,0.56449,0.87323,0.44467,0.76143,1.1837,0.63556,0.32611,0.43393,1.0358,0.64388,0.45892,1.173,1.1964,0.6261,0.65881,0.58844,0.82095,0.55858,0.45977,0.21655,0.59324,0.99928,1.068,0.93515,1.0288,0.38294,0.63887,1.0538,0.72297,0.48577,0.44335,0.6064,0.75075,1.0549,0.87535,0.9042,0.65186,0.47565,0.55249,0.63082,1.227,0.91736,0.86413,0.44383,0.75138,0.8747,0.85727,0.83648,1.2072,0.99474,0.55617,0.85739,1.1498,0.71741,0.56707,0.50593,0.69507,0.9858,0.54709,0.66861,0.32326,0.83284,0.91576,0.30255,0.76679,0.72575,0.66814,0.93453,0.76023,0.4747,0.67384,0.70163,0.72811,0.52464,0.42594,0.40064,0.48124,0.43541,0.67153,1.0933,0.94893,0.64659,0.56446,0.65153,0.42215,0.54308,0.62916,0.50341,0.59997,0.80041,0.6388,0.60808,0.67889,0.59579,0.82978,0.6909,0.90687,0.36227,0.50986,0.53553,0.55157,1.0701,0.61131,0.91373,0.75955,0.5756,0.95702,0.68524,0.47684,0.39995,0.63461,0.9328,0.46015,0.96919,0.6229,0.79482,0.52128,0.52162,0.76547,0.79221,0.50177,0.72791,0.60313,0.40984,0.871,1.5722,1.1559,1.4217,0.92875,0.58278,0.84273,0.55014,0.68049,0.65327,0.48444,0.6933,0.53265,0.35126,1.0718,0.61278,0.48471,0.67511,0.54325,0.65723,0.88977,0.70376,0.83498,0.38443,0.40422,0.48926,1.7276,1.3833,0.63161,0.45679,0.50659,1.0299,1.1065,1.204,0.79118,0.88714,0.59893,0.55617,0.60872,1.1038,0.96116,0.9391,0.81107,0.59434,0.84865,0.66217,0.56523,0.8279,0.59844,0.43607,0.8983,0.93322,0.76144,0.79175,0.73739,1.3671,0.61292,0.66391,0.59701,0.29609,0.54046,0.80169,1.0782,0.66652,0.37521,0.52796,0.3821,1.1905,0.59425,0.51934,0.67201,0.71054,0.82983,0.96319,0.80057,0.64022,0.59705,1.138,0.36982,0.56926,0.27138,0.40974,1.0835,0.76659,0.55069,0.42442,0.4439,0.98438,0.69896,0.35835,0.82332,0.93524,0.85324,0.44292,0.66933,0.54928,0.29543,0.42163,0.50809,0.76742,0.59454,0.60804,0.57818,1.3635,0.67756,1.1893,1.211,0.59692,0.84224,0.88553,0.60779,0.29691,0.76921,0.64419,0.2817,0.37771,0.35572,0.45839,0.85076,0.68643,0.69296,0.57791,1.284,0.40031,0.77513,0.67851,1.0741,1.1843,0.31368,0.52485,0.98178,1.112,1.0958,0.53493,0.3079,0.5326,0.87624,0.89117,0.76307,0.73879,0.66703,1.312,0.5803,0.82971,0.59164,0.45137,0.46217,0.85384,0.70011,1.3456,0.41934,0.54688,0.4605,0.54204,1.285,0.96997,0.46129,0.40983,0.71691,0.54316,0.69217,0.37938,0.61661,0.51116,0.29192,0.5699,0.46344,0.71944,0.86087,0.81085,0.79097,0.76944,0.78028,0.45907,0.58416,0.58124,0.54938,0.48144,0.66412,0.77173,1.1768,0.49167,0.84437,0.47344,0.66458,0.42221,0.55208,0.91991,0.42932,1.2581,1.0168,0.80017,0.57117,0.95096,0.59647,0.43183,0.44467,0.74722,0.45021,0.76698,0.94301,0.70666,0.37392,0.5894,0.69912,0.79053,0.49858,0.69433,0.78387,1.2948,1.008,0.60687,0.41582,0.49357,0.57534,0.67273,0.45773,0.48948,0.38226,0.5912,0.62138,0.64618,1.1573,0.73925,0.54302,0.85942,1.2787,0.71968,0.44045,1.5675,0.43207,0.55962,1.4742,1.097,0.51434,0.44772,0.67193,0.5075,0.71851,0.86006,0.66041,0.33096,0.72599,0.87025,0.89491,0.83824,0.60763,0.46026,0.52969,0.46429,0.48574,0.6205,0.73326,0.48878,0.51965,0.2843,0.61565,0.65588,0.76504,0.4154,0.53862,0.98222,0.46336,1.185,0.68231,0.48813,0.5011,0.54243,0.71991,0.48262,0.45648,0.40795,0.26737,0.58358,0.56125,0.42777,0.62991,0.65154,0.42215,0.4568,0.51026,0.63052,0.50657,0.56054,0.52041,0.54989,0.44378,0.48003,0.46197,1.2417,0.72711,0.95322,0.64821,0.54849,0.65761,0.84725,1.11,0.63357,0.74163,0.791,0.60941,0.67803,0.69067,1.2765,1.1952,0.66118,0.49998,0.41587,0.61718,0.34523,0.42904,0.84175,0.61534,0.30389,0.66165,0.62484,0.35993,0.94891,0.29687,0.43876,0.48371,0.484,0.61974,0.4782,0.74348,0.48628,0.72322,0.86435,0.7493,0.77835,0.47323,0.32935,0.64617,0.88524,0.64408,0.68855,0.79469,0.92979,1.5368,0.46024,0.66762,0.57574,0.37631,0.56568,0.50226,0.61851,0.95312,1.1435,0.79152,0.4715,0.33606,0.64195,0.64369,0.73847,0.76359,0.41808,0.56814,0.8508,0.66099,0.57698,0.52786,0.57882,0.49891,0.34671,0.98761,0.51482,0.63786,0.44908,0.47946,0.55828,0.36922,0.55657,0.79237,0.70907,0.42757,0.67587,0.67451,0.50907,0.68129,0.38536,0.80045,0.66094,0.7974,1.0415,0.6811,0.82987,0.80864,0.48759,0.41838,1.5093,0.32889,0.9673,0.57332,1.2299,1.0673,0.51597,0.35844,0.74694,0.41852,0.76382,0.8302,0.63249,0.34066,0.51631,0.60199,1.0435,0.65421,0.66769,0.70795,0.9772,0.47525,1.0801,0.94033,0.48082,0.58566,0.46495,0.60284,0.8283,0.5814,0.9675,0.51041,1.2537,1.0171,0.68565,0.56389,0.73517,0.39715,0.67893,0.53421,0.29345,0.379,0.41709,0.69814,1.2776,0.38341,0.629,0.5823,0.61349,0.53024,0.64723,0.83373,0.68386,0.74568,0.69537,0.78113,0.7037,0.50655,0.85644,0.6547,0.38731,0.58932,0.89172,0.44945,0.58267,0.45648,0.62464,0.86059,0.74076,0.41285,1.1886,0.47991,0.56214,0.58226,0.91793,0.44511,0.58848,0.43316,0.55032,0.73498,0.97917,0.59558,0.42382,1.5491,1.0598,0.56869,0.32363,0.4494,0.90788,0.51024,0.68836,0.50466,0.46911,0.61881,0.49778,1.1724,0.57008,1.091,0.74173,0.50518,0.20088,1.0055,1.1759,1.1198,0.36677,0.48364,0.74379,0.54415,0.66034,0.60342,0.62137,0.56354,0.8391,0.35932,0.62498,0.67099,0.44077,1.1671,0.69051,0.60538,0.83586,1.1601,0.45549,1.0251,0.97497,0.58074,1.0892,0.45286,0.19975,0.50584,0.34489,0.39328,0.73567,0.44721,0.68551,0.51191,0.96284,0.51254,1.3248,0.56016,0.52605,1.0818,1.1495,0.43938,0.77357,0.74461,0.89805,0.8067,0.54018,0.68655,0.47673,0.45566,1.1789,0.62398,0.36281,0.39934,1.0372,0.33416,0.58043,0.37329,0.2621,0.80708,0.86167,0.55545,0.77165,0.62349,0.39466,0.57239,0.47705,0.49277,0.45801,0.77495,1.048,0.9165,0.27111,0.66153,0.50241,0.42524,0.61669,1.3552,0.51135,0.53442,0.748,0.57859,0.5399,0.57409,0.51731,0.63391,0.78951,0.79363,0.61121,0.69825,0.50041,0.40417,0.62992,1.3444,0.51746,0.57696,0.39273,0.63635,0.51646,0.77423,1.293,0.98832,0.51588,0.75175,0.81622,0.39829,0.50841,0.39188,0.24885,0.41778,0.43652,0.50069,0.61135,0.41868,0.70298,0.40857,0.50293,0.7142,0.74867,1.0056,0.51989,0.69217,0.59032,0.56895,0.68637,0.45194,0.29965,0.59087,0.59226,0.66527,1.035,0.62982,0.4814,0.75522,0.43446,0.48221,0.44021,0.70724,0.36174,0.56108,0.87905,0.9161,0.89979,0.7387,1.1515,0.57691,0.62345,0.67217,0.77299,0.63973,0.8278,0.9281,0.80843,0.81556,0.49384,0.37632,0.39321,0.49366,0.24209,0.48645,0.56935,0.70688,0.45757,0.41643,0.86623,0.64542,0.50369,0.4483,0.38021,0.65137,0.60021,0.59558,0.36377,0.56496,0.43355,0.48348,0.50294,0.81977,0.38394,0.62278,0.47472,1.4721,0.42018,0.58507,0.41324,0.47838,0.624,0.62889,0.97958,0.4994,0.38964,0.47769,0.72061,0.42961,0.32866,0.26071,0.55583,0.67084,0.58439,0.54429,0.79918,0.88098,0.79071,0.67667,0.47245,0.81882,0.73028,0.663,0.64351,0.69689,0.53627,0.36896,0.70936,0.40721,0.40701,0.40919,0.6529,0.82613,0.40486,0.24243,0.78437,0.55589,0.81794,1.0365,0.55665,0.54851,0.82776,0.59427,0.7201,0.36446,0.61352,0.92314,0.62228,0.58949,0.31526,0.68125,0.72397,0.66474,0.90189,1.1837,0.59138,0.54579,0.3018,0.33874,0.62151,0.54213,0.63126,0.68439,0.74675,0.86681,0.83681,0.79816,0.4671,0.3978,0.71236,0.69441,0.49951,0.78481,0.88931,0.64012,0.57482,0.70254,0.44121,0.40592,1.0092,0.8261,0.68262,0.66667,0.61598,0.59498,0.519,0.70898,0.55743,1.1952,0.74122,0.64702,0.87136,0.71491,0.67491,0.7247,0.32026,0.99324,0.76094,1.3449,0.80158,0.80218,0.74229,0.64363,0.40681,0.41294,0.5555,0.577,0.45728,0.67878,0.59443,0.54438,1.0128,0.63105,0.70193,0.8231,0.6387,0.45736,0.57392,0.50503,0.73968,0.54946,0.48003,0.93071,0.62213,0.5475,0.50831,0.98849,1.2885,0.62043,0.36961,0.3535,0.28525,0.73398,0.58481,0.66049,0.73818,0.32372,0.60909,0.33606,0.90528,0.85131,0.81255,0.78716,0.37326,0.32971,0.6429,1.2727,0.76952,0.77575,0.47989,0.34129,0.86769,0.57621,0.43691,0.72698,0.49136,0.54679,0.96768,0.61541,0.92322,0.48839,0.82182,0.6734,0.47256,0.55643,0.55478,0.59521,1.1324,0.59773,0.65086,0.42146,0.23693,0.42378,0.62154,0.79053,0.44494,0.44643,0.64151,1.1794,0.74027,0.52464,2.0053,2.7224,0.89062,0.69175,0.41584,0.341,0.64888,0.50886,0.37956,0.7274,0.43345,0.95891,0.5412,0.43604,0.36127,0.89607,0.70279,0.48898,0.41295,0.82658,1.1771,0.4787,0.58203,0.4735,1.4279,0.84251,0.74907,0.78352,0.58651,0.34811,0.63342,0.40598,0.83062,0.63613,1.1109,1.468,0.52006,0.34962,0.93145,0.95065,0.62692,0.61015,0.44848,0.52901,0.45441,0.49122,0.7938,1.1129,2.2876,0.73733,0.6153,2.078,0.40421,0.89791,0.57024,0.52687,0.59461,0.21838,0.34714,0.79409,0.86743,0.29958,0.47448,0.59353,0.83548,0.97304,0.71875,0.69517,0.63909,0.43876,0.97124,0.43455,0.58752,1.1061,0.92604,0.78336,1.2826,0.79612,1.3657,0.55342,0.39825,0.27261,0.477,1.0472,0.72428,0.91756,0.88228,0.7591,0.96816,1.1149,0.61174,0.53445,0.50292,0.46825,0.50287,0.70827,0.62339,1.0398,0.56694,1.0004,0.38101,0.47736,0.51769,0.55503,0.35777,0.70212,0.70309,0.2103,0.49823,0.79487,0.40777,0.22196,0.25231,0.48829,0.49001,0.44488,0.35597,1.0714,0.69049,0.57622,0.61979,0.61338,0.76671,0.89021,0.54462,0.75439,0.69071,0.53397,1.0064,0.38067,0.49476,1.3058,0.3841,0.57474,0.50083,0.67997,0.54614,0.59539,0.7275,0.59779,0.83842,0.44823,0.64013,0.54376,0.58998,0.42503,0.72529,0.37047,0.47516,0.75899,0.75139,0.52634,0.62755,0.77034,0.64299,0.57247,0.68361,0.54326,0.63478,0.71023,0.51944,0.53326,0.44466,0.32053,0.52826,0.87844,0.88575,0.45837,0.5472,0.522,0.49396,1.0818,0.61415,0.41463,0.87886,0.36958,0.51478,0.6683,1.1008,0.88684,0.89172,0.43244,0.92404,0.516,0.38138,1.1635,0.57888,0.55831,1.1948,0.73009,0.6476,0.53239,0.50757,0.46075,0.4742,0.69431,0.46593,0.78168,0.73754,0.5642,0.77088,0.74114,0.76729,0.58313,0.68106,0.71101,0.47513,0.35936,0.59635,0.63755,0.89772,0.57834,0.50965,0.63795,0.88525,0.37908,1.0716,0.61034,0.75379,0.69997,0.46784,0.64679,0.56351,0.73403,0.90005,0.53502,0.38362,1.3403,0.42959,0.82821,0.67269,0.52025,0.55159,0.75821,0.70836,1.2198,0.4383,0.51418,0.87677,0.80182,0.60687,0.7272,0.55923,0.67266,0.53152,0.76627,0.43556,0.70827,0.47939,0.80324,0.6708,0.42161,0.20931,0.52715,0.45581,0.92011,0.69246,0.49848,0.58793,0.88827,0.75441,0.60343,1.1782,0.99072,0.55087,0.34081,0.59739,0.78966,0.70029,0.41615,0.71906,0.79779,0.59849,0.56748,0.83213,0.6419,0.62952,0.76113,0.53732,0.7455,0.48094,0.64104,0.3572,0.63898,0.55853,0.49177,0.62256,0.68804,1.2031,0.44266,0.65244,0.51101,0.47828,0.37075,1.1152,0.34147,0.88427,0.52897,0.53388,0.57225,0.80029,0.74635,1.1817,0.43594,0.52248,1.3383,0.6474,0.56081,0.41283,0.88058,0.44341,0.31151,0.52188,0.60645,0.52336,0.69055,0.64332,0.72134,1.1628,0.94601,1.0419,0.90138,0.83806,0.60948,0.80785,0.58401,0.99289,0.64143,0.64093,0.43249,0.52872,0.51722,0.73699,0.34785,0.39009,0.84921,0.44177,0.35235,0.2859,0.66106,0.41656,0.54766,0.42699,0.22534,0.41489,0.63987,0.50435,0.64516,0.70222,0.48828,0.79,0.47001,0.4755,0.95884,0.86198,0.73209,0.73107,0.31707,0.41282,0.43303,0.27172,0.53001,0.51134,0.67525,0.66068,0.62136,0.68468,0.46159,0.4284,0.3119,0.66043,0.82769,0.58941,0.48926,0.53466,0.76583,0.71826,0.66093,0.51788,0.56043,1.1195,0.54662,0.93057,0.39724,0.52647,0.69293,0.56752,0.64963,0.32833,0.55681,0.47591,0.46199,0.62301,0.82912,0.35043,0.39038,0.69283,0.72409,0.98317,0.58729,0.64132,0.73212,0.69566,0.82068,0.38079,1.1303,0.37979,0.5845,0.91138,0.81002,0.8981,0.51703,0.76997,0.70227,0.79936,0.57666,0.76664,0.40458,0.58018,0.49397,0.66657,0.78594,0.70099,0.32511,0.41353,0.50124,0.78171,0.63887,0.55571,0.44629,0.94277,0.51958,0.3547,0.75299,0.66337,0.46258,0.49294,0.78097,0.7826,1.0482,0.36903,0.97188,1.2425,0.55222,0.63709,0.37712,0.62459,0.44041,0.50686,0.66077,0.88917,0.5418,0.78083,0.56471,0.61262,1.1777,0.96038,0.8557,0.31626,1.0633,1.0902,1.2068,0.46381,0.86958,0.46973,0.39478,1.0393,0.48208,0.88821,0.42795,1.1817,0.59582,0.69342,0.31329,0.60563,0.44636,0.51604,0.65678,0.40553,0.40384,1.1424,0.46133,0.47559,1.7845,0.72833,0.62308,0.60357,1.0212,0.89595,0.5458,0.65737,0.81915,0.93481,0.61108,0.40478,1.2754,0.57676,0.88347,0.74711,0.78948,0.25354,0.48682,0.87306,0.63724,0.44384,0.69354,0.36335,0.48866,0.36734,0.66545,0.55608,0.43345,0.42446,0.85951,0.51217,1.1177,1.2846,0.44009,0.85934,0.36879,1.5778,0.78721,1.4019,0.66496,0.35267,0.51587,0.5971,0.85352,0.68152,0.81397,1.1017,0.51389,0.8299,1.5212,1.1504,0.6081,0.78236,0.48476,1.0395,0.63882,0.60488,0.79564,0.74575,0.38038,0.72425,0.67746,2.114,0.65631,0.49812,0.36204,0.29178,0.34945,0.31943,0.53272,0.8874,0.56362,0.63036,0.47517,0.82514,0.76943,0.9997,0.37237,0.52824,1.225,1.0607,0.69446,0.46072,0.46287,0.44704,0.51043,0.36443,0.45778,0.72241,0.33734,0.28357,0.6203,0.97922,0.57521,0.23583,0.35153,0.42752,0.71735,0.59939,0.33878,0.48437,0.50144,0.59345,0.42036,0.99977,0.88947,0.72715,1.1813,0.78573,0.45191,0.64571,0.34127,0.76737,1.1506,0.61063,0.59321,0.51591,0.4418,0.43143,1.0679,0.41561,0.50275,0.67381,1.4314,0.5685,0.62648,0.72504,0.6161,0.66911,1.1916,0.6501,0.58293,0.64737,0.75699,0.59129,0.44007,0.42102,0.48597,0.54849,0.46646,0.91238,0.69412,0.71627,0.99963,0.64925,0.42814,0.59501,0.57012,0.30642,0.48456,2.008,0.67225,0.53674,0.53596,1.1805,0.98394,0.26757,0.56537,0.93879,0.50309,0.94206,0.43991,0.68726,0.48513,0.77232,0.5292,0.37508,0.30073,0.46263,0.29769,0.34095,0.39769,0.21974,0.57443,0.6772,0.60561,0.43721,0.60435,0.5847,0.47556,1.2957,0.57119,0.49401,0.52076,0.69974,0.86373,0.87168,0.59526,0.31583,0.88294,0.85984,0.52644,0.79648,0.69886,0.87065,0.6863,0.28159,0.39178,0.38414,0.82388,0.8,0.65362,0.4644,0.65933,0.44534,0.59461,0.55857,0.26963,0.7954,0.78406,0.56705,0.37856,0.58816,0.86097,0.61409,0.79214,0.7588,0.83214,0.61909,0.53346,0.533,0.40044,0.55517,0.67407,1.1222,0.49556,0.52133,0.70704,1.0055,0.70272,1.1341,1.2108,0.45795,0.36567,0.48029,0.79792,0.96017,0.55591,0.44699,0.59891,0.49748,0.36578,0.51637,0.81124,0.50778,0.38452,0.48025,0.63402,0.79304,0.60359,0.82337,0.85164,0.40137,0.72883,0.29077,0.39968,0.2286,0.45683,0.53442,0.90163,0.71917,0.32896,0.85466,0.58387,0.89359,1.2857,0.56124,0.54223,0.61391,0.44442,0.65331,0.32424,0.87676,0.39411,0.56787,0.48276,1.0153,0.49223,0.67713,0.45142,1.0803,0.61558,0.57618,0.83082,0.53758,0.83182,0.45063,0.5809,0.88645,0.59095,0.50412,0.46463,0.39916,0.79931,0.74319,0.66228,0.63967,0.74275,0.8124,0.72819,0.94473,0.61442,0.65881,1.0107,0.56517,0.70769,0.5511,0.55238,0.54893,0.71429,0.55945,0.51814,0.35451,0.97938,1.1203,0.60429,0.6281,0.55868,0.73508,0.33695,0.40306,0.76106,0.47564,0.41083,0.42726,0.49597,0.55204,0.63945,0.42133,0.33495,0.40012,0.34714,0.83032,0.62683,1.1999,0.72221,0.67609,0.73909,0.58002,0.67553,0.57009,0.86691,0.67798,0.69383,0.52834,0.58637,0.62042,0.75544,0.80079,0.5636,0.51684,0.7434,0.81604,0.85106,0.61967,1.2612,1.0357,0.85902,0.27472,0.98181,0.58669,0.63694,0.93669,0.74313,0.59,0.79314,0.67676,0.94446,0.66034,0.4111,0.49936,0.5776,0.42694,0.74145,0.29211,0.54749,0.4963,1.3717,0.90899,0.59793,0.36782,0.42631,0.64755,1.1862,0.51651,0.42487,0.58724,0.35144,0.40174,0.45464,0.63826,0.526,0.90193,0.46383,0.78827,0.48051,0.48978,0.46805,1.1643,0.93357,0.49385,0.50488,0.29003,0.97461,0.56947,0.70416,1.0144,1.3675,0.89243,1.2948,0.6901,0.60491,0.62971,1.1997,1.648,1.035,0.64293,0.3596,0.89085,0.55041,0.58419,1.3759,0.6421,0.91533,0.58507,0.74347,0.43397,0.68184,0.76834,0.66063,0.95108,0.59452,0.46779,0.73197,0.6438,0.44939,0.43524,0.95476,0.83229,0.5462,0.88467,0.64402,0.63073,0.45669,0.72659,0.29128,0.30061,0.30132,0.67151,0.74536,0.5362,0.51415,0.48833,0.52278,0.51484,0.35044,0.87593,0.47904,0.69053,0.73639,0.48925,1.0558,1.1161,0.91196,0.76258,1.3963,0.5556,0.37216,0.57783,0.35476,0.39172,0.80649,0.62931,0.48148,0.39151,0.62859,0.55687,0.3536,0.46169,0.59604,1.3567,1.1663,0.50189,0.66643,0.58667,0.6919,0.5042,0.87532,0.52562,0.74681,0.60598,0.33285,0.47338,0.81474,0.37376,0.53061,0.67804,0.42953,1.5678,0.67175,0.57971,0.52964,0.28514,0.48563,0.533,0.63778,0.26593,0.61589,0.57529,0.60182,0.61127,0.50126,0.55735,0.5281,0.60676,0.70818,0.6982,0.4696,1.0063,0.64056,0.40306,0.54523,0.83765,0.57668,0.43566,0.4256,0.65325,0.47176,0.81859,0.49927,0.49125,0.41257,0.47688,0.53159,0.53502,1.0218,0.55312,0.51565,0.2646,0.41315,0.75603,0.32845,0.31955,0.57068,0.66418,0.35664,0.50768,0.75042,0.46144,0.53235,0.51161,0.31266,0.88994,0.78385,0.96722,0.39227,0.64845,0.74418,0.61197,0.86303,1.0019,0.47036,0.58359,0.69017,0.78858,0.59292,0.67002,0.76797,1.3767,0.89407,0.48094,0.61244,0.29662,0.29319,0.41868,0.35018,0.64348,0.48056,0.48824,0.55008,0.51828,0.80016,0.87826,0.63552,0.91042,1.0147,0.49039,0.35783,0.62996,0.50206,0.57033,0.41966,0.75186,0.61379,0.55914,0.64364,0.88759,0.84,0.25262,0.31941,0.69379,0.59838,0.66834,0.60953,0.7085,1.004,1.0959,1.4029,0.29856,0.55061,0.47836,0.50183,0.45376,0.38705,0.77445,0.95273,0.76202,0.78597,0.9251,1.2649,0.6953,0.44086,0.31718,0.44312,0.9308,0.49247,0.6249,0.36853,0.61289,0.91265,0.94401,0.96918,0.58101,0.317,0.52707,1.0434,0.39732,0.50984,0.79214,0.6086,0.52218,0.58619,0.5665,0.42564,0.30409,0.52884,0.29303,0.33638,0.94926,0.48324,0.48366,0.59873,0.46832,0.83314,0.92802,0.63517,0.346,0.26197,0.49115,0.43035,0.45954,0.62987,0.78702,0.39708,0.46568,0.60076,1.2486,0.73674,0.66902,1.2755,1.1154,0.52233,0.37736,0.53602,0.74661,0.46181,0.44747,0.41596,0.55878,0.6171,0.38129,0.4585,0.49986,0.56037,0.47462,0.53206,0.88921,1.0872,0.90385,0.20107,0.29269,0.81151,1.2476,0.86222,0.51456,0.32228,0.83578,0.50105,0.68068,0.41093,0.95176,0.65489,0.48576,0.51169,1.0834,0.54749,0.32087,0.4103,0.43894,0.40428,0.4482,0.87399,0.5727,0.68449,0.179,0.60182,0.78841,0.53201,0.63489,0.80403,0.6681,0.43268,0.29437,0.41748,0.51332,0.48286,0.34055,0.69962,0.448,0.64813,0.56819,0.86365,0.65166,1.0129,0.55466,0.60532,0.63054,0.43415,0.59437,0.25147,0.40511,1.4179,0.98348,0.41371,0.66937,0.34339,0.58909,0.65215,0.69885,0.9043,0.3458,0.67968,0.94232,0.68917,0.62333,0.4965,0.38476,0.68109,0.77055,0.48321,0.68404,1.3163,0.62317,0.40277,0.57811,0.86934,0.50433,0.38394,0.92162,0.58125,0.69984,0.42087,0.46011,0.81335,0.82721,0.67769,0.46297,1.6014,0.71869,0.59242,0.44673,0.45919,0.72453,0.46043,0.49397,0.52192,0.64218,0.45952,0.54361,0.95558,0.77765,0.61414,0.64347,0.69215,0.43566,0.42808,0.91836,0.82027,0.84336,0.81111,1.5446,0.5925,0.6109,0.72588,1.4292,0.63729,0.14268,1.1132,1.0839,0.78414,0.48165,0.68066,0.80245,0.75777,0.29903,0.7076,0.42055,0.62926,0.69987,0.78199,0.49941,0.77906,0.65426,0.36562,0.53625,0.70899,0.49173,0.76397,0.32554,0.4158,0.23732,0.51317,0.81546,0.26987,0.67902,1.2609,0.88312,0.40399,0.81106,0.9165,0.46003,1.2728,0.37976,0.57898,0.57312,0.52918,1.4135,0.69749
0.52708,0.46326,0.60652,0.61262,0.50114,0.32859,0.5823,0.49365,0.45338,0.67603,0.58538,0.48574,0.38722,0.48008,0.44528,1.2805,2.0728,0.93756,0.87108,0.83547,0.55,0.73407,0.36184,0.75493,0.78437,0.25436,0.428,0.5513,0.51122,0.49482,0.49719,0.48877,0.77628,0.51847,0.84073,0.46557,0.49715,0.8596,1.0888,0.49356,1.1203,1.2838,0.70091,1.0877,0.92214,0.35373,0.18803,0.34882,0.70382,0.608,0.64102,0.46441,0.81065,0.73188,0.78883,0.8061,1.0818,0.93422,0.40936,0.55338,0.77623,0.67162,0.23815,0.97287,0.83686,0.48492,0.44108,0.48773,0.6671,0.60559,0.63444,0.69572,0.39068,0.4061,0.33451,0.53368,0.47578,0.48812,0.72279,0.46379,0.53817,0.41236,0.37717,0.55597,0.48841,0.75902,0.66274,0.76763,0.39096,0.52875,0.38007,0.41138,0.62982,0.80775,0.39298,0.33534,0.63606,0.53267,0.8381,0.49899,0.88064,1.0721,0.85802,0.43962,0.61409,0.40142,0.71091,0.49484,0.65547,0.6067,0.85781,0.46373,0.60438,1.2334,0.48661,0.37359,0.73855,0.49537,0.49142,0.66512,0.46093,0.86467,0.42562,0.66814,0.71929,0.57219,0.53216,0.39956,0.59574,0.49182,0.68716,0.52778,0.82369,0.83849,0.36392,0.88227,1.1059,0.38553,0.54779,0.30574,0.54309,0.4544,0.44416,0.57328,0.41744,0.63276,0.23641,0.55987,1.0431,0.98916,3.5665,1.491,1.827,0.82139,0.63807,0.83822,0.80706,0.85705,0.83241,0.51298,0.48062,0.38115,0.70452,0.96479,0.95408,0.2761,0.35111,0.76399,0.55119,0.47552,0.67281,0.46312,0.45954,0.73341,0.49372,0.54348,0.72334,0.38396,0.43138,0.56226,0.94435,0.94213,0.73901,1.076,0.46731,0.7699,0.64514,0.42178,0.43017,0.3551,0.59376,0.79992,0.5066,0.78972,0.76001,0.5289,0.35236,1.0857,1.1283,0.89424,0.29219,0.32196,0.60227,0.77734,0.56034,0.53177,0.36455,0.55689,1.102,0.69092,0.7092,0.79476,0.47708,0.83331,0.3984,0.41201,0.3195,0.63886,0.73382,0.67808,0.44002,0.44017,0.81901,0.53352,0.64517,0.41083,0.69556,0.78273,1.1804,0.87427,0.80839,0.33747,0.28934,1.0266,0.55768,1.0798,0.34943,0.49833,0.47356,0.60592,1.1457,0.92079,0.749,0.47825,0.53345,0.99245,0.53595,0.74023,0.6947,1.0357,0.5428,0.43783,0.54013,0.35535,0.57878,0.30363,0.4144,0.60523,0.29124,0.70873,0.55241,0.51089,0.26235,0.66,0.97236,0.38671,0.56807,0.71701,0.54262,0.40256,0.77086,0.39836,0.25762,0.41421,0.49561,0.45571,0.65724,0.74613,0.97739,0.68136,0.42606,0.49518,0.42645,0.81954,0.7242,0.4125,0.51331,0.42581,0.69703,0.52897,0.39522,0.69652,0.72062,0.46708,0.43833,0.30958,0.47688,0.31759,0.81683,0.72879,0.37905,0.46934,0.27938,0.46417,0.68335,0.75975,0.64265,1.6317,1.1007,0.99836,0.4179,0.38213,0.68148,0.91332,0.82285,0.40044,0.39892,0.93155,1.1118,0.72302,0.31302,0.74899,1.3419,0.57147,0.39777,0.49609,0.679,0.46925,0.80866,0.48327,0.56614,0.8197,0.96426,0.52293,0.73519,0.59442,0.60859,0.80677,0.96441,0.42327,0.33728,0.31877,0.75078,0.51006,0.96741,0.50083,0.55322,0.30782,0.71287,0.65874,0.90275,1.0718,0.73024,0.5212,0.33493,0.394,0.6791,0.85071,0.88845,0.62793,0.57179,0.95897,0.40956,0.66276,0.62308,1.3968,0.56323,0.69747,0.83183,0.57853,0.89691,0.57848,0.92743,0.65433,1.2325,1.2653,0.40966,0.41287,0.40434,0.5897,0.44612,0.23818,0.45077,1.1296,0.51948,0.40226,0.86141,0.78275,0.79624,0.53379,0.36149,0.44357,0.7154,0.49897,0.2598,0.36766,0.94218,0.65428,1.1449,0.61625,0.6562,0.71624,1.1107,0.74475,0.63586,0.37039,0.73456,0.32608,0.44972,1.0036,0.89025,1.2334,0.76522,0.45276,0.56998,0.82415,1.2299,1.4097,1.0897,0.70245,0.78546,0.53634,0.54591,0.64897,0.71377,0.4212,0.48182,0.4146,0.17853,0.60136,1.1442,0.64689,0.26436,0.90443,0.75864,0.65869,0.54786,0.50855,0.48884,0.72443,0.30526,0.92502,0.67262,0.76722,0.54167,0.78396,0.75092,0.73841,0.67966,0.9293,0.67809,0.71813,0.90751,0.74143,0.46744,0.57399,0.70119,0.43871,0.61675,0.51225,0.68956,1.0174,0.57769,0.37382,0.63729,0.78587,0.65598,0.92097,0.59084,0.43423,0.79133,0.62445,0.67332,0.71247,0.40585,0.53543,0.66152,0.90569,0.8714,1.0989,0.99538,0.50052,0.52885,0.4662,0.64677,0.73309,0.81456,0.42464,0.2893,0.61017,1.2446,0.47001,0.50988,0.56252,0.68445,0.32241,0.42154,0.87896,0.47832,0.94548,0.84249,1.1486,0.58816,0.49276,0.50549,0.51119,0.77159,0.76975,0.94478,0.63362,0.57658,1.1133,0.73867,0.35315,0.45414,0.61589,0.50167,0.59439,0.57224,0.61051,2.3224,0.62851,0.96152,0.70733,0.67818,0.92694,0.57989,0.59297,0.65664,0.72686,0.35222,0.76385,0.97107,1.1967,1.0693,0.73529,0.3245,0.62832,0.50599,1.0348,0.80818,0.91004,0.62005,1.0481,0.46164,0.99225,1.0835,0.64096,0.41396,0.90986,0.93233,0.41635,0.67219,0.50843,0.59402,0.6656,0.52371,0.64181,0.599,0.618,0.63942,1.0502,0.71263,0.51794,0.33792,1.012,0.41703,0.64828,0.63061,0.48388,0.45143,1.7088,0.75993,0.40922,0.41702,1.0644,1.0209,0.49413,0.54015,0.32492,0.22495,0.37299,0.51322,0.48447,0.82175,0.55404,0.41356,0.41828,1.3788,1.2944,0.53951,0.37086,0.57117,0.54393,0.56785,0.46267,0.69333,0.44068,1.0164,0.96648,1.0697,0.57279,0.47078,0.83238,0.55768,0.42635,0.58904,0.82271,1.0909,0.44063,0.87688,0.72421,0.74083,0.56767,0.62285,0.8503,0.66329,0.56885,0.48221,1.1769,0.80283,0.57938,0.80492,0.55159,0.4762,0.54581,1.0694,0.47008,0.50525,0.32454,0.6681,0.46454,0.70621,0.80762,0.54204,0.45464,0.65989,0.77057,0.81225,0.56948,0.50433,0.78994,0.54242,0.54675,1.4935,0.69034,0.73224,0.76743,0.68402,0.84796,0.4189,0.35771,0.76677,0.65833,0.98722,0.62134,0.53175,0.95534,0.77252,1.1125,0.81284,0.40062,0.42983,0.67456,0.42893,0.55399,1.1992,0.37126,0.86094,0.94659,0.65459,0.4036,0.26518,0.42736,0.55964,0.40304,0.90198,0.63623,0.75419,0.86433,0.54366,0.49275,0.46714,0.38926,0.44888,0.23519,0.64562,0.40173,0.56728,0.64814,0.48745,0.87999,0.52364,0.64443,0.91265,0.97829,0.76215,0.8977,0.5889,0.35355,0.41371,0.97848,1.2325,1.0532,0.95115,0.56282,0.30225,0.94492,0.64717,0.62894,0.60535,0.47701,0.80205,0.90922,0.74562,0.59276,1.1697,0.85359,0.7068,0.63552,0.61678,0.83509,0.60967,0.93877,0.44194,0.71304,0.48226,1.2182,0.77869,0.61383,0.65955,0.31418,0.98352,1.3384,0.34338,0.54905,0.84567,0.45422,0.51289,0.48612,0.26864,0.7042,0.33469,0.60395,1.0257,0.95857,0.56121,0.48482,0.6858,0.89154,0.50451,0.78308,0.64752,0.64228,1.2972,0.53504,0.42027,0.55145,0.61398,0.4634,0.49503,0.47857,0.47616,0.55862,0.45372,0.77616,0.73573,0.38762,1.1049,0.90073,0.56115,0.50731,0.49821,1.1184,0.4857,0.59003,1.0337,0.48804,1.1143,0.90395,0.60478,0.79786,0.68839,1.5088,0.65695,0.56864,0.86115,0.71238,0.37546,0.32159,0.43584,0.68397,0.41199,0.75195,0.40683,0.48548,0.61356,0.47134,0.54267,0.65541,0.48244,0.78986,1.3234,0.47358,0.65881,0.33647,0.59049,0.74362,0.84974,0.79696,1.0817,0.66541,0.93566,0.54696,0.45987,0.27365,0.21167,0.28166,0.43779,0.44398,1.4422,0.63578,1.0893,0.92711,0.49459,0.50513,1.0647,0.97628,0.94109,0.85638,0.32476,0.76256,0.45655,0.85286,0.57081,0.56599,0.39354,1.5061,0.74527,0.73069,0.84047,0.38312,0.81123,0.46497,0.92921,1.6018,0.75987,0.63339,0.6207,0.31211,0.32977,0.6718,0.33053,0.61818,0.71782,0.60866,1.0739,0.37742,0.65775,0.47522,0.39853,0.53815,0.77218,0.59639,0.85507,0.48889,0.40163,0.5132,0.64912,0.61307,0.60186,0.7626,0.61307,0.62728,0.41643,1.1342,1.0509,0.83191,0.59694,1.2,0.70085,0.53934,0.81309,1.1906,0.96665,0.50328,0.37756,0.48898,0.79691,0.34773,0.75341,0.93186,0.39601,0.53227,0.70026,0.94334,0.46736,0.70062,0.34028,0.55824,0.98528,0.69981,0.45052,0.70415,0.81722,0.91912,1.4282,0.88609,0.35515,0.31304,0.32747,0.88398,0.47906,0.30617,0.69015,0.60435,0.35491,0.41894,0.65947,0.31946,0.292,0.72303,0.63243,0.51568,0.68903,0.61521,0.99377,0.27061,0.36879,0.57133,0.5916,0.76858,1.1612,0.52828,0.8913,0.73411,0.85163,0.56832,0.61845,0.565,0.36642,0.36977,0.49644,0.48085,0.68694,0.58877,0.3901,0.62108,0.40248,0.94373,0.82946,1.1046,0.41722,0.41503,0.55851,0.64596,0.853,0.59853,0.28133,0.43204,0.53585,0.43449,0.59516,0.99363,0.75404,0.50303,0.60014,0.57691,0.5149,0.34667,0.50896,0.49526,0.50643,0.56112,0.92051,0.69913,0.49315,0.56384,0.45353,0.21646,0.35237,0.66266,0.40702,1.4131,0.73504,0.68283,0.44222,0.83722,0.92403,0.46285,0.46898,0.42055,0.51239,0.81141,0.38228,0.38746,0.48104,0.23381,0.73242,0.54938,0.40792,0.69126,0.59898,0.74492,0.5783,0.57626,0.61314,0.84945,0.41944,0.58869,0.78546,0.49929,0.59023,0.99603,0.66448,0.60062,0.56015,0.46294,0.52863,0.40261,0.98071,0.48006,0.54639,1.3377,0.72204,0.51432,0.57518,0.50109,0.84605,0.39932,0.36032,0.50131,0.35412,0.32605,0.44993,0.46335,0.4624,0.8228,1.1879,0.63852,0.51328,1.8393,0.88182,0.78478,0.88646,1.0638,0.57729,0.59327,0.36424,0.49176,1.4995,0.52367,0.31565,0.6221,0.63933,0.52893,0.79848,0.94484,0.73273,0.75847,0.50735,0.47033,0.63848,0.3885,0.41269,1.1783,0.65374,0.67563,0.52487,1.0013,0.78184,0.88745,1.1797,0.83968,0.77746,2.0414,0.73787,0.75207,0.80799,0.63538,0.60556,0.90433,0.81463,0.22826,0.41015,0.683,0.54185,0.47046,0.61237,0.38241,0.57095,0.46924,0.76541,0.42243,0.55437,0.97406,0.62705,0.82802,0.71266,0.53186,0.49497,0.51689,0.29048,0.44192,1.0366,0.38694,0.542,0.55591,0.86705,0.52418,0.8871,0.94339,0.56602,0.58989,0.54728,0.5448,0.42252,0.31486,0.52067,0.85236,1.0168,0.90493,1.0017,1.0178,0.96278,0.57908,0.46602,0.40894,0.77796,0.99366,0.66411,0.52553,0.43988,0.32834,0.44144,0.59814,0.47145,0.51969,0.85599,0.51742,0.59576,0.33551,0.3724,0.48788,0.62232,1.0564,0.87251,1.0085,0.63467,0.64088,0.54629,0.32808,0.62559,0.86329,0.77922,0.55933,0.4758,0.53211,0.93687,0.73057,0.89574,0.69572,0.51547,0.4912,0.58059,0.589,0.63328,1.0271,3.4165,5.4684,1.1326,0.31018,0.64257,0.42551,0.5579,0.55156,0.52041,0.58121,0.79166,0.62127,0.59414,0.43306,0.41564,1.2402,0.6192,0.82939,1.1506,0.58334,0.80066,0.32307,0.70554,0.53018,0.71535,0.66807,0.34733,0.73757,0.79661,0.80488,0.24582,0.45483,0.40879,0.65247,0.61664,0.22336,0.68335,1.2679,0.52547,0.48435,0.78698,0.5336,0.62077,0.78657,0.51856,0.69735,0.56449,1.0869,0.56591,1.37,2.2522,5.7047,0.28473,0.53875,0.43511,0.4178,0.22777,0.98045,0.57827,0.77515,0.571,0.31308,0.69109,0.54054,0.51043,0.84621,0.97709,0.541,0.82509,0.86058,0.6199,0.46009,0.31498,1.0262,0.81423,0.5887,0.73957,0.82729,0.64574,0.2889,0.64349,1.71,0.3985,0.77822,0.71379,1.1112,0.8174,0.51716,0.32563,0.32324,1.0579,1.1872,0.81898,1.0676,0.93902,0.86057,0.86176,0.33913,0.73934,0.73202,0.41791,0.98057,0.70719,0.47602,0.56211,0.69726,0.34376,0.40849,0.57109,0.73207,0.53155,0.43817,0.53091,1.0907,0.86359,0.35623,0.58837,0.55793,0.47191,0.85023,0.65672,0.80269,0.30612,0.52154,0.63553,0.63009,0.52249,0.66753,0.4951,0.5524,0.48714,0.83382,1.1107,0.7521,0.84111,1.0045,0.69559,0.74665,0.71567,0.60058,0.42357,0.8555,0.70586,0.61416,0.46509,0.85396,0.76118,0.41844,1.1075,1.0011,1.0633,0.68741,0.97241,0.48829,0.47944,0.81124,0.993,0.51053,0.60745,0.53766,0.35211,0.52336,0.49778,0.60579,0.42174,0.69455,0.38105,0.62966,0.44501,0.60469,0.89958,0.86768,0.77182,0.85181,0.51332,0.67286,0.60778,0.72995,0.67993,0.56657,1.0915,0.65034,0.54788,0.78219,0.65869,0.86629,0.53689,0.27759,0.46121,1.2778,0.58254,0.4186,0.65228,0.6588,1.0141,0.53381,0.42195,0.75985,0.61681,0.7713,0.34389,0.39385,0.31355,0.71299,0.43037,0.66704,0.69945,0.68776,1.0303,0.39976,1.2065,0.78593,0.69965,0.752,0.35367,0.75873,0.34661,0.64541,0.67366,0.39488,0.65712,0.26604,0.55236,0.76493,0.72206,0.51033,0.4792,0.65258,1.113,0.72918,0.61855,0.55349,0.33555,0.65218,0.84325,0.56556,0.43406,0.46639,1.0155,0.47295,0.24455,0.56014,0.9431,1.481,0.71085,1.2093,0.71541,0.94168,0.45888,0.64899,0.60899,0.49975,0.40895,0.51411,0.67008,0.95847,0.46343,0.36707,0.51072,0.39814,0.52322,1.3151,0.7823,0.87315,0.811,0.86794,0.3835,0.72058,0.60702,0.40546,1.0521,0.46014,0.4197,0.50452,0.25815,0.61511,0.46746,0.58866,0.62826,0.50149,0.76827,0.45298,1.0218,0.58433,0.54936,0.58205,0.68992,0.40957,0.56339,0.39476,0.46717,0.43231,0.33982,0.25632,0.48053,0.46282,0.95562,0.5321,0.8144,0.60339,0.79795,0.56118,0.34423,1.0178,0.55765,0.47186,0.38672,0.63622,0.79891,0.5944,0.6972,0.32433,0.7228,0.54215,1.0634,1.538,0.89207,0.56682,0.88109,1.1123,0.80554,0.76213,1.0168,0.98232,0.48764,0.53286,0.59945,0.36704,0.37314,0.42888,0.42422,0.82159,0.49758,0.51988,0.26301,0.56313,0.58348,0.33283,0.49843,0.68203,1.4796,0.60065,0.29553,0.65349,0.33087,0.47344,0.77493,0.5851,0.73459,0.52687,0.39268,0.91656,0.78264,0.58381,0.56636,0.76063,0.68961,0.47456,0.79678,0.514,0.6196,0.85239,0.64298,0.38069,0.51362,0.89659,0.92798,0.54973,0.42055,0.31739,0.36805,0.40042,0.50092,0.37986,0.73294,0.68762,0.93327,0.62589,0.39096,0.53712,0.97737,0.39126,0.46827,0.62303,0.33746,0.53442,0.42545,0.51895,0.46334,0.4861,0.95102,0.41064,0.54102,0.5034,0.95246,0.42168,0.85463,0.81999,0.60878,0.83424,0.36943,0.35074,0.51622,0.39985,0.64396,0.41621,0.3342,0.41739,0.76299,0.49864,1.1663,0.71497,0.4082,0.72387,0.29875,0.86177,0.59424,0.64988,0.44284,0.39178,0.25255,0.75658,0.45645,0.27874,0.43755,0.40097,0.87763,0.44827,0.79014,0.55593,0.66265,0.3109,0.5646,0.71237,0.58866,0.83281,0.57541,0.70647,0.5086,0.81261,0.70947,0.51042,1.1017,0.88111,0.67549,0.53894,0.84859,1.1738,1.2285,1.3946,0.62906,0.6212,1.4417,0.41011,0.49528,0.3648,0.55007,0.56765,0.46016,0.54776,0.74596,0.42871,0.1632,0.64438,0.63267,0.4956,1.244,0.71345,0.7477,0.64891,0.77089,0.45376,0.39575,0.57662,0.52877,0.69789,0.62223,0.93345,0.3591,0.68679,0.49608,1.1973,0.58532,0.65407,0.45411,1.0039,0.63085,0.9595,0.85033,0.66014,0.69578,1.0733,0.60351,0.51192,0.24954,0.42935,0.9875,1.1463,1.412,1.0294,0.48958,0.51017,1.0044,0.62163,0.8767,0.20149,0.4116,0.41832,0.69295,0.42812,0.59873,1.0297,0.32907,0.64521,0.6933,0.79879,0.50978,0.674,0.64166,0.48303,0.88997,0.49648,1.3445,0.73052,0.63602,0.91205,0.4751,0.3257,0.51944,1.0852,0.54372,0.75404,0.5539,0.78344,0.60538,0.58092,0.75443,0.6798,0.65418,0.44265,0.56121,0.68284,0.49419,0.92045,0.75991,0.59711,1.1618,1.187,0.67783,0.53798,0.33397,0.49927,0.40777,0.6048,1.0331,0.67856,0.87162,0.43551,0.39307,0.44919,0.87673,0.64307,0.74155,0.41291,0.58005,0.45873,0.50552,0.59707,0.55471,0.96432,0.96275,0.61883,0.84306,0.46299,0.27379,0.4849,0.77391,0.77985,0.61492,0.24988,1.1082,0.74954,0.82838,0.66025,0.57316,0.53096,0.93035,0.69608,0.38067,0.44493,0.35398,0.74792,0.62135,0.93089,0.36088,0.80543,0.59497,0.49032,0.61271,0.94538,1.0955,0.53874,0.93945,0.63781,0.73408,0.77196,0.7746,1.1767,0.52384,0.35837,0.71571,0.66649,0.9332,0.85316,0.77951,0.84925,0.78509,0.70026,0.65641,0.80728,0.75011,0.32113,0.57306,1.147,0.64095,0.59554,0.76152,1.5416,1.0408,0.99393,0.6187,0.43357,0.49089,0.45315,2.0465,1.4092,0.60537,0.4922,0.69608,0.68001,0.55362,0.90635,0.69021,0.32582,0.52233,0.58131,0.50105,0.5973,0.29453,0.61976,0.44314,0.65261,0.53793,0.58305,0.65413,0.62757,0.84179,0.61656,0.52751,0.97052,0.55841,0.5366,0.88541,0.65843,0.79794,0.82709,0.74986,0.30953,0.55657,0.7901,0.73194,0.77274,0.23765,0.34224,0.59093,0.6098,0.58219,0.49249,0.72028,0.71001,0.60045,1.1095,0.25597,0.48425,0.6254,0.53518,0.36875,0.86087,0.60924,0.71281,0.71948,0.36622,0.54896,1.0319,0.52199,0.57274,0.39664,0.78629,0.62644,0.6547,0.78172,0.66636,0.63897,0.56016,0.465,0.29703,0.40177,0.33368,0.65109,0.7616,0.70045,0.99879,1.6552,0.66666,1.2998,1.1604,0.66687,0.32317,0.41714,0.58742,1.1166,0.4568,0.32818,0.34209,0.76296,0.60611,0.35839,0.9148,0.49422,0.70019,0.51975,0.52032,0.99652,0.66522,0.57647,0.31199,0.37822,0.71711,0.76759,0.29169,0.29692,0.5,0.55056,0.62015,0.73193,0.24442,0.43426,0.40523,0.36337,0.72508,0.54386,0.74263,0.51053,0.83256,0.40936,0.28536,0.4255,0.35931,0.68014,0.59053,0.65245,0.86655,0.67989,0.64476,0.52281,0.69373,0.70943,0.44198,0.90217,0.8898,0.42494,0.43563,0.39505,0.56126,1.2613,0.71661,0.83291,0.81769,0.83309,0.76267,0.48645,0.34002,0.51885,0.59109,0.94262,0.31459,0.56501,0.62028,1.198,0.4155,0.82067,0.74427,0.81397,1.098,0.64261,0.38289,0.71618,0.58964,0.70338,0.77802,0.77834,0.26038,1.4106,0.67098,0.62654,0.51324,0.52207,1.0396,0.49946,0.43413,0.54565,0.95738,0.68071,0.87434,0.8591,0.77491,1.1526,0.79393,1.1016,0.49562,0.36627,0.44076,0.61157,0.3145,0.41427,0.50298,0.70509,0.47671,0.57402,0.25019,0.59366,0.51522,0.91748,0.98714,0.59,0.77012,0.80389,0.9606,0.82225,0.79805,1.2462,1.2054,0.4038,0.35557,0.74015,0.74451,0.57429,0.74056,0.25,0.66369,0.894,0.7119,1.0605,0.76325,0.51894,0.5311,0.8745,1.1594,0.84493,0.43466,0.60661,0.64057,0.94684,0.5805,0.8139,0.40551,0.37559,0.46806,1.0087,0.51807,0.58976,0.48207,0.28923,0.41967,0.6089,0.84997,0.74095,0.56029,0.77574,0.34634,0.92887,0.74034,0.81612,0.31387,0.65138,0.37568,0.42794,0.36088,0.58232,0.60476,0.96814,1.2399,0.64704,0.82874,0.39724,0.68905,1.427,1.071,0.81758,0.85855,0.68675,0.43508,0.47963,0.61933,0.91629,1.1209,1.0081,0.61379,0.77824,0.45992,1.0063,0.46194,0.90497,0.468,0.67608,0.31577,0.60586,0.87299,1.6005,1.2825,0.95115,1.2501,0.66861,0.51692,0.80295,0.62276,0.69926,1.0122,0.90558,0.8161,0.51825,0.39217,1.235,0.63556,0.86626,0.63486,0.43398,0.56459,0.58089,0.55102,0.89139,0.63643,0.19934,0.81423,0.67105,0.67248,0.79478,0.57056,0.8772,0.92416,0.67312,0.63808,0.55915,0.56995,1.0433,0.67811,1.1126,0.48685,0.26307,0.68643,0.59187,0.18528,0.54096,0.74035,0.6362,0.2701,0.7736,0.92978,1.0226,0.66341,0.88993,0.62743,0.58574,0.61117,0.4642,0.49339,0.84419,1.0437,0.44712,0.55527,0.87316,1.8086,0.65702,0.4127,1.2704,1.0152,0.60427,0.66437,0.73579,0.37503,0.45385,0.82524,0.53745,0.59778,0.7085,0.99112,1.3804,0.47188,1.1697,0.75269,0.47344,0.54207,0.55051,0.65295,0.74022,0.61285,0.29753,0.27715,0.40171,0.6214,0.54923,0.5883,0.73006,0.64313,0.25879,0.32758,0.37054,0.9885,0.67166,0.79149,0.61159,0.4869,0.51701,0.50342,0.73682,0.3921,0.6581,1.578,0.64259,0.9636,0.66177,1.2304,0.76405,0.84062,0.33732,0.68633,0.61083,0.37465,0.57034,0.502,0.39279,0.4759,0.63064,0.82281,0.52622,1.2778,0.65223,0.44965,0.40737,0.40711,0.81843,0.71127,0.5574,0.71767,1.2469,1.0923,0.72659,0.56894,0.54046,0.60593,0.35821,0.5364,0.44009,0.48742,0.34926,0.68836,0.66891,0.4561,0.55256,0.47739,0.27895,0.52397,0.49032,0.56804,0.37149,0.48463,0.51475,0.60733,1.1519,1.1901,0.52758,0.62153,0.93043,0.36075,0.76526,0.60901,0.48352,0.80796,0.55148,0.72784,0.75682,0.89849,0.6737,0.5055,0.47903,0.50027,0.83946,0.51059,0.78343,0.80966,0.80037,0.60344,0.54484,0.38793,0.82634,0.70176,1.9297,0.74894,0.3825,0.7066,0.50367,0.54331,0.7165,0.75655,0.63606,0.68632,0.55329,0.53714,0.46248,0.58752,0.42972,0.51853,0.81897,1.0092,0.58741,0.45495,0.86246,0.64851,0.50275,0.26982,0.41648,0.24059,0.50425,0.53234,0.54533,0.41462,0.55438,0.6608,1.352,0.97714,0.84956,0.68956,0.99232,0.34681,0.60646,0.67289,0.3908,0.63132,0.28174,0.78191,0.79987,0.66551,0.61468,0.40991,0.66668,0.44522,0.50784,0.60791,0.67987,0.86242,0.56864,0.38485,0.6877,0.80042,0.44738,0.44829,0.76616,0.71496,0.54449,0.46084,0.46523,0.78759,0.78725,0.43638,0.59308,0.89378,0.92803,0.49103,0.65492,0.39778,0.48986,0.60896,0.67094,1.2144,0.56799,0.67266,0.84522,0.80782,0.68592,0.66876,0.35906,0.44077,0.65808,0.65984,0.82549,0.94117,0.59436,0.40619,0.98244,1.1031,0.64009,0.45056,0.53924,0.61869,0.28244,0.96925,0.80057,0.51773,0.50122,0.34806,0.62088,0.73542,0.44,0.88999,0.92508,1.4031,0.64049,0.44886,1.0424,0.74087,0.34528,0.43,0.41551,0.41932,0.66474,0.62078,0.44978,0.60119,0.37178,0.37557,0.74193,0.6106,0.89827,0.62792,0.65828,0.79106,0.4949,0.55909,0.72991,0.96841,0.74369,0.43276,0.5597,0.27975,0.61886,0.97452,0.62898,0.44921,0.45902,0.84639,0.55875,0.36008,0.85548,1.6345,0.28887,0.57918,0.95465,0.70869,0.46858,0.54188,0.54705,1.0981,0.57253,0.68552,0.5471,0.53886,1.3759,0.64368,0.97605,1.3243,0.94185,0.70007,0.79515,0.75512,0.94013,0.64068,0.49314,0.33234,0.33088,0.52948,0.59456,0.8421,0.6163,1.1065,0.59354,0.57912,0.68061,0.43718,0.80168,0.5613,0.74908,0.69227,1.0587,0.55069,0.76943,0.88551,0.4055,0.51987,0.84838,0.71347,0.53193,0.72514,1.1373,0.43856,1.0607,0.37135,0.64988,0.72465,0.15411,0.48643,0.50251,0.82376,0.71569,0.55406,0.44415,0.83516,0.46134,0.38656,0.82997,0.78546,0.50106,0.58079,1.1835,0.45282,0.51962,0.63088,0.60726,0.6607,0.42304,0.56102,0.79031,0.91297
0.32071,0.57769,0.52363,0.32637,0.63583,0.9636,0.38315,0.67736,0.56842,0.45269,0.72879,0.46217,0.60629,0.58264,0.43777,0.27818,0.48428,0.46193,0.60033,0.36197,0.43601,0.71,0.61994,1.2229,0.97429,0.68328,0.64396,0.43755,0.66988,0.49848,0.56567,1.0125,0.53385,0.72738,0.56506,0.33067,0.35018,0.51208,0.44642,0.81841,0.93408,0.60771,0.47952,0.52707,0.65373,0.873,0.70452,0.53335,0.4511,0.53677,0.50329,0.51362,0.49453,0.91066,0.70732,0.86177,0.54477,0.52238,0.26797,0.53865,0.57456,0.53227,0.42198,0.65382,0.7845,0.75719,0.79462,1.0665,0.5644,0.49411,0.68954,0.7508,0.40408,0.26921,0.54421,0.95615,0.84301,0.65858,0.39595,0.4827,1.1471,0.96856,0.58466,0.59242,0.62352,0.57281,0.71219,0.60859,0.65149,0.5085,0.3981,0.56156,1.1836,0.59452,0.26777,0.43589,0.51716,1.0549,1.0996,0.57212,0.44821,1.2052,0.70421,0.7514,0.76677,0.38998,0.40832,0.54656,0.75001,0.35576,0.50704,0.87807,0.8362,1.214,0.81625,0.48623,0.88301,1.3557,0.80415,0.65308,0.34798,0.59757,0.55921,0.39547,0.70677,0.57028,1.1705,0.76405,1.577,0.78211,0.50649,0.93329,0.88017,0.8155,0.39636,0.48198,0.60009,0.50739,0.66097,0.58379,1.1933,0.92685,1.1046,0.99553,0.38602,0.6348,0.64545,0.58706,0.43312,0.61247,1.4477,0.65801,0.72481,0.76832,0.73875,0.34584,0.81399,0.91164,0.7786,0.40498,0.34898,0.52783,0.94685,0.4553,0.66107,0.27159,0.55391,0.74304,0.36893,0.61016,0.72208,0.54141,0.4922,0.32655,0.47893,0.67629,0.35926,0.21533,0.68037,0.77335,0.69007,1.027,1.4746,0.93614,0.47039,0.63346,0.71308,1.0067,0.5296,0.60213,0.63267,0.75916,0.75435,0.45735,0.8505,0.54093,0.79218,0.59275,0.82255,1.3149,0.63036,0.78834,1.1974,0.28936,0.64172,0.7916,0.62774,0.30767,0.32955,0.43156,0.68942,0.39056,0.40239,0.36084,0.34117,0.5297,0.62245,0.63007,0.4512,0.55924,1.2959,1.3661,0.50413,0.71152,0.56369,0.24468,0.4485,0.72044,0.43596,0.52984,0.99465,0.39843,0.58104,0.85884,0.46899,0.29404,0.29049,0.68422,0.2977,0.75326,0.43595,0.73195,0.48025,0.67962,0.81231,0.98279,0.7016,0.66338,0.32716,0.74242,0.81344,0.51084,0.77351,0.56309,0.56493,0.8781,0.66019,0.21539,0.80229,0.61687,0.86955,0.75111,0.63005,1.3182,0.59277,0.51031,0.74292,0.81289,0.9929,0.88062,0.31384,0.88887,0.75312,0.65911,0.88669,0.59545,0.59534,1.3445,0.43273,0.73815,0.96328,0.7348,0.65962,0.77888,0.84331,0.39973,1.016,0.50968,0.98115,0.62029,0.93498,0.70525,0.66757,0.75221,0.85532,0.52249,0.63638,0.99021,0.70141,0.63774,1.2427,0.46209,0.47778,0.69464,0.64227,0.54644,0.85729,0.45533,0.31087,0.59614,0.46288,0.43165,0.78863,0.37608,0.64345,0.75433,0.26498,0.65464,1.7957,0.54982,0.41172,1.0041,1.0522,0.70587,0.85343,0.73818,1.0816,0.62068,0.48254,0.6962,1.0664,0.92976,0.95541,0.5146,0.36614,0.36597,0.65883,0.63846,0.79313,0.3681,0.54825,0.57476,0.8726,0.44065,0.51101,0.76411,0.71662,0.80689,0.48237,0.69367,1.491,0.52822,0.58724,0.28875,0.65454,0.59488,0.72825,0.78064,0.95969,0.57703,0.64732,0.74791,0.58752,0.63205,0.95953,0.23718,0.8658,0.45093,0.49403,0.74004,0.64055,0.85623,0.72268,0.4146,0.66892,0.88233,1.0696,0.90675,0.37713,0.86045,0.34735,0.35206,0.58618,0.55937,0.62883,0.48368,0.71931,0.69626,1.0523,0.91341,0.53277,0.44015,0.48846,0.90631,0.93622,0.6439,0.88158,0.99987,0.67753,0.64373,0.77798,1.1725,0.4765,0.63094,0.68338,0.89152,0.75908,0.77767,0.31196,0.60509,0.53883,0.56855,0.42825,0.86963,0.82993,0.81583,1.8048,0.9896,0.67218,0.41741,0.86176,0.84991,1.0306,0.55928,0.53728,0.34345,1.0655,0.73042,0.44586,0.73223,1.039,0.32614,0.99586,0.96616,0.77245,0.56071,0.6027,0.68545,0.57589,0.26592,0.36241,0.36988,0.65522,0.35822,0.51826,0.24268,0.9806,0.31067,0.62213,0.45271,0.33898,0.70866,0.53198,0.51962,0.53669,0.44165,0.4747,0.45448,1.257,0.70687,0.41076,0.60179,1.0141,0.77176,0.56666,0.55667,0.53833,0.76955,0.84223,0.44227,1.3459,0.65877,0.73066,0.5685,0.44051,0.69162,0.69853,0.49942,0.92132,0.62833,0.45866,0.56059,0.66287,0.64613,0.63348,0.78249,0.61291,0.3705,0.88416,0.82293,0.66167,1.0313,0.78774,0.56895,0.60265,0.59206,0.73189,0.63052,0.6167,0.47572,1.3351,0.60387,0.58233,0.98457,1.3687,0.57361,0.93615,0.43574,0.77235,0.55437,0.81347,0.50213,0.56372,0.68262,0.47288,0.3073,0.53411,0.41183,0.95717,1.4373,0.65052,0.70823,0.64588,0.40569,0.68178,0.68377,0.85559,0.492,0.56093,0.55773,0.31157,0.47262,0.3904,0.61824,0.7616,0.55852,0.59003,0.3225,0.55576,0.64597,0.72637,0.2436,0.88833,0.44849,0.52458,0.63329,0.48959,0.52495,0.59534,0.6393,0.85367,0.94504,0.65499,0.33466,0.69347,0.55262,0.59525,0.52846,0.48257,0.5316,0.94285,1.4322,0.37693,0.39884,0.64167,1.0934,0.78439,0.51813,0.57871,0.37524,0.56729,0.59487,0.52991,1.1058,0.75074,0.61753,0.79173,0.25849,0.38805,0.68025,0.5629,0.65825,0.74366,0.55448,0.64308,0.73309,0.3821,0.60456,0.8393,0.8347,0.64496,0.5969,0.29606,0.39243,0.52886,0.2787,0.40489,0.50015,0.65241,1.1209,0.77384,0.64064,0.57135,0.58156,0.59026,0.74903,0.83305,0.88637,0.54753,0.42303,0.7594,0.69119,0.49539,0.4663,0.83748,0.583,1.2568,0.83783,0.70109,0.58532,0.6861,0.83565,0.59442,0.9245,0.35547,0.61436,0.7861,0.79856,0.63269,0.37799,0.80637,0.56342,0.50312,0.55247,0.28779,0.35568,0.44252,0.46758,0.48263,0.39516,0.80392,0.97156,0.26091,0.77921,0.78639,0.9171,0.60616,0.35902,0.61223,0.47804,0.73772,0.43626,0.48796,0.8336,0.52868,0.54142,0.7995,0.82223,0.75354,0.56152,0.45014,0.35339,0.57267,0.63614,0.73543,0.38376,0.42319,0.53278,0.4298,0.82712,0.83982,0.54276,0.68445,0.69964,0.4359,0.78815,0.68543,0.64825,0.57977,0.45677,0.58386,0.45104,0.37091,0.18888,0.4827,0.39283,0.4188,0.51541,0.26747,0.7319,0.81825,0.64535,0.71612,0.82106,0.7026,0.94956,1.0444,0.72897,0.79639,0.41094,0.71086,0.53723,1.0692,0.8803,0.67739,0.86867,0.87099,0.72517,0.67386,0.38855,0.65224,0.64518,0.30443,0.76917,0.63809,0.32161,0.6646,0.95336,0.77505,0.65548,0.64226,0.76903,0.39824,1.0345,0.82633,0.6306,0.74671,0.47406,0.82732,0.57289,0.31489,0.49289,0.53128,0.69257,0.47605,0.42549,0.9605,1.0407,0.66038,0.52489,0.4792,0.56471,0.60369,0.4069,0.80999,0.99842,1.0556,0.53285,0.57233,0.72216,0.6495,0.59977,0.92401,0.6126,0.59382,0.52879,0.42096,0.4055,1.1543,0.597,0.52532,1.0142,1.0678,0.42504,0.66939,0.44196,0.25753,0.39117,0.70824,0.69864,0.44638,0.73542,0.58893,0.56648,0.40208,0.46565,0.36059,0.73361,0.94893,0.75167,0.45696,0.75156,0.99825,0.71653,0.67447,0.69831,0.5871,0.85092,0.65326,0.61609,0.86162,0.32196,0.58531,0.48183,0.58141,0.72665,0.46561,0.43106,0.31103,0.36942,0.50212,0.44443,0.96351,0.48531,1.1574,0.39368,0.63795,1.3206,0.75877,0.32296,0.6555,0.88339,0.59516,0.52556,0.63697,0.49026,0.85774,1.1241,0.31566,0.86494,0.56433,0.82684,0.73654,0.79998,0.37693,1.1766,0.3895,0.2654,0.45969,0.54887,1.3164,0.82821,0.67548,0.42896,0.81166,0.64604,0.3594,0.73069,0.52572,0.61978,1.0129,1.2437,0.78189,0.66076,1.0308,1.0743,0.44331,0.60849,0.36154,0.42566,0.26587,0.39135,0.41123,0.56704,1.0123,0.67254,0.63107,0.49467,0.57258,0.51867,0.74446,0.62264,0.73471,0.51469,0.80256,1.121,0.40949,0.47437,0.57299,1.17,0.69736,0.64774,0.64462,0.48882,0.47482,0.62861,1.0853,0.55716,0.81699,1.0442,0.79571,0.42871,0.65887,1.1377,0.56595,0.56121,0.48951,0.36128,0.49375,0.34507,0.74477,0.27657,0.45527,0.73833,0.66088,1.2378,0.40355,0.69194,0.71212,0.57224,0.75799,0.58062,0.61894,0.48452,0.72775,0.78148,0.5616,0.46446,0.40947,0.47936,0.50377,0.67708,0.96589,0.59889,0.53727,0.97248,0.44043,0.85376,0.56092,0.52105,0.44317,0.51358,0.71698,0.56147,0.99053,1.1466,0.89548,0.57573,0.63499,0.78422,0.72922,0.71174,0.41,0.67178,0.75055,0.894,0.43041,0.7677,0.5627,0.64631,0.50267,0.3093,0.86752,0.92857,0.76066,0.78106,0.4987,0.52664,0.81686,1.0127,0.56172,0.51333,0.64443,0.91362,0.78727,0.55587,0.87561,0.59674,0.47813,0.46632,0.95587,0.72894,0.86235,0.53222,0.89977,0.4621,0.57664,0.50562,0.64926,0.63098,0.57183,0.36701,0.37987,0.70399,0.95667,0.4324,1.1001,0.54364,0.82237,0.36339,0.30591,0.60418,0.56365,0.23908,0.89219,0.48021,0.43314,0.37069,0.52249,0.76721,0.6225,0.51374,0.85346,0.48633,0.44575,0.38138,0.41533,0.36188,0.6652,0.6875,0.75468,1.1644,0.52859,0.52757,0.5102,0.6744,0.79937,0.79688,0.65745,0.74069,0.6409,0.46483,0.92231,0.71165,0.99945,0.98774,1.0517,0.50177,0.95542,1.002,0.5241,0.47183,1.2847,0.50655,0.56459,0.62642,0.47226,0.63646,0.61032,0.72181,0.65198,0.30194,0.55906,0.18568,0.25859,0.34492,0.73464,0.63254,0.78844,0.66521,0.83888,0.6353,0.76199,1.3564,1.3244,0.54603,0.78939,0.49718,1.0557,0.68312,0.94214,0.62588,0.81055,0.73475,0.61793,0.49523,1.1763,0.57385,0.6532,0.57138,0.49783,0.5307,0.56693,0.57801,0.34317,1.1106,0.96527,0.91991,0.6381,1.4874,0.84124,0.76277,0.55316,1.1112,0.33876,0.66274,0.49924,0.5167,0.58627,0.5806,0.48761,0.67104,0.73442,0.75863,0.47246,0.74269,1.2029,0.99912,0.56833,0.67426,0.77928,0.31095,0.32158,0.28279,0.69943,0.4034,0.49454,0.91743,0.71785,0.30359,0.6165,0.51499,0.44713,0.96849,0.42121,0.44947,0.7927,0.7842,0.71996,0.77879,0.60153,0.8261,0.59165,0.42558,0.47523,0.7375,0.90759,0.87348,0.39765,1.0325,1.1534,0.85224,1.0479,0.7631,0.90224,1.0295,0.65707,0.54431,0.56362,0.41774,0.52515,0.42666,0.56261,0.7419,0.8696,0.66817,0.71252,0.51371,0.57763,0.45153,0.49919,0.56694,0.409,0.75155,0.35421,0.3839,0.49638,0.54715,1.2576,0.62632,0.53481,0.34622,0.51465,0.55702,0.43146,0.37692,0.41954,0.62956,0.60042,0.99485,0.6007,0.76428,0.96699,0.73394,0.47351,0.75752,0.83408,1.0691,2.0216,0.80913,1.0326,0.34484,0.78312,0.77607,0.60496,0.48981,0.69052,0.94805,0.51949,0.4533,0.3332,0.38191,1.7006,0.91527,1.1036,0.64286,0.69666,0.65756,0.38746,0.28364,0.97315,0.9549,0.51922,0.37229,0.53812,0.45242,0.88576,0.67124,0.65997,0.40525,0.58385,0.75457,0.72033,0.45215,0.30614,0.25871,0.57981,0.31019,0.46762,0.60772,0.88256,0.75255,0.97088,0.41687,0.34494,0.96813,0.76003,0.74941,0.74379,0.68288,0.62984,0.95298,0.5274,0.58635,0.40444,0.5483,0.9639,1.7661,0.90562,0.94028,0.39037,0.66515,1.037,0.54772,0.43864,0.78022,0.77591,0.73849,0.68504,0.59016,1.1028,0.81365,0.53334,0.48876,0.59159,0.99959,0.77812,0.74937,0.64122,0.94264,0.96679,0.6097,0.68118,0.38965,0.78282,0.31993,0.70652,0.87619,0.40237,0.64841,0.76217,0.68745,0.44508,0.4569,0.7328,0.51499,0.75442,0.65063,1.0485,0.57465,0.396,0.63863,0.44868,0.71124,0.62629,0.33751,0.78385,0.68256,1.4185,1.0597,0.59541,0.6815,0.51243,1.3103,0.32377,0.36535,0.32632,0.61919,0.61025,0.76496,0.64964,0.70516,0.57452,0.33552,0.31135,1.0832,0.44176,0.75813,0.69868,0.61966,1.3259,0.45863,0.51426,0.85373,0.56167,0.92628,1.1583,0.80196,0.43856,0.73831,0.88038,0.6852,0.86918,0.46244,0.99909,0.69426,0.65364,1.0332,0.56013,0.85427,0.45436,0.66151,0.47295,1.0057,0.45321,0.66158,0.40207,0.73195,0.91197,0.70198,0.58881,0.49747,0.50883,0.71945,0.67669,0.65716,0.90757,1.1303,1.3049,0.81398,0.64382,0.40444,0.52762,0.38294,0.56155,0.53196,0.48904,0.84503,0.60175,0.32991,0.66287,0.9045,0.85577,0.80132,0.41418,0.39334,0.56162,1.3509,1.3233,0.85703,0.92264,0.71459,0.78524,0.38421,1.1148,0.86224,1.161,0.52516,0.63265,0.75087,0.46505,0.92624,0.85188,1.1532,0.89449,0.65843,0.93805,0.51144,0.59584,0.87161,0.66153,0.46355,0.65063,0.6031,0.32942,0.50145,0.40681,0.47227,0.84412,0.47859,1.2677,0.57439,0.58267,0.3365,0.41657,0.50537,0.45867,0.59368,0.8182,0.41044,0.35097,0.54389,0.66208,0.86986,0.4813,0.56794,0.55811,0.4929,0.71129,1.1239,0.61282,0.53929,0.84721,0.87406,0.47344,0.75362,0.64051,0.90524,0.77596,0.39045,0.43781,0.79534,1.132,0.97027,0.80628,0.7049,0.56002,0.51158,0.89277,0.40998,0.6371,0.50792,0.74867,0.46179,0.41672,0.79341,0.73804,0.66,0.41305,0.59119,0.45395,0.61579,0.44012,0.38077,0.61242,0.55645,0.77992,0.41085,0.63709,1.0831,0.60646,0.81422,0.41513,0.91287,0.84654,0.66821,0.92643,0.64468,0.38246,0.63303,0.42296,0.52536,0.46835,0.46857,1.0727,1.1208,0.71282,0.47592,0.80918,0.81602,0.66408,0.83882,0.86029,0.7212,0.54762,0.84529,0.52648,0.38724,0.43302,0.90035,1.0662,0.98305,0.78178,0.84941,0.81516,0.42288,0.45193,0.72844,1.5702,0.85794,0.3609,0.32822,0.55926,0.45802,0.73237,0.45902,0.37471,0.33269,0.51173,0.61825,0.60246,0.79323,0.39888,0.8779,0.88565,0.34165,0.61106,0.77883,0.86463,0.63619,0.37295,0.46687,0.58045,0.52503,0.88527,0.89775,0.29539,0.81724,0.38643,0.9096,0.80918,0.32658,0.48186,0.72855,0.50307,0.72215,0.90319,0.79862,0.40522,0.67485,0.83109,0.53986,0.93498,0.94164,1.0241,0.47,0.917,0.7263,0.81987,0.51271,0.87188,1.0022,0.93293,0.3382,0.86846,0.48307,0.46308,0.61708,1.0101,0.61356,0.70422,0.39466,0.47499,0.55551,0.47145,0.42833,0.43656,0.53147,0.71724,0.51456,0.43223,0.5232,0.70689,0.79478,0.50882,0.62095,0.52699,0.60886,0.85954,0.61198,0.35069,0.38959,0.85133,0.43782,0.49398,0.83913,0.80406,0.61366,0.57238,0.65357,0.57848,1.0957,0.64663,0.99769,0.55343,0.33263,0.29512,0.7292,0.59262,0.70764,0.31386,0.46278,0.40948,0.60149,0.3746,0.8165,0.84001,0.76848,0.70029,0.54585,0.29058,0.52779,0.38624,0.53921,0.75843,0.48874,0.4687,0.87284,0.49558,0.70685,0.61633,1.0944,0.34695,0.98171,0.49599,0.88487,0.85656,0.96384,0.49399,0.43241,0.70516,0.53355,0.42112,0.5962,0.51755,0.54762,0.54661,0.36499,0.92732,0.7356,0.46791,0.4936,0.56088,0.90295,0.88504,0.39591,0.80551,0.62766,0.63139,0.8024,0.60057,0.2727,0.61319,0.37296,0.38185,0.57574,0.48995,0.37792,0.99195,0.69013,0.65813,0.45511,0.34797,0.87505,1.2351,1.0636,0.39845,0.48808,0.20449,0.57686,0.57008,0.9744,0.40453,0.502,0.82838,0.63631,0.76101,0.66618,0.74466,0.61265,0.71981,0.47467,0.34879,0.58724,0.79687,0.40279,0.75702,0.88683,0.7199,0.25325,0.48118,1.0943,0.29392,0.18706,0.76049,0.6135,0.70667,0.45455,0.4644,0.97407,0.66565,0.68733,0.4535,0.52152,0.40035,0.57053,0.96436,0.63792,0.64598,0.85519,0.59712,0.48869,0.65326,0.44693,0.487,0.54076,0.3318,0.59144,0.64122,0.58075,0.83031,0.35011,0.50166,0.53891,0.67358,1.0183,1.099,0.55391,0.45823,0.54127,0.63614,0.55588,0.45108,0.7934,0.70328,0.8298,0.79761,0.49028,0.641,0.42176,0.40348,0.5821,0.27613,0.49591,0.27414,0.75668,0.8942,0.65517,1.3026,0.83843,0.57111,0.71774,0.71637,0.47578,0.46786,1.034,1.1804,0.59371,0.72442,0.77749,0.40236,0.20773,0.38627,0.7135,0.95394,0.81512,0.32664,0.38347,0.60545,0.56948,0.58698,0.71663,0.5913,0.26365,0.62066,0.28664,0.49238,0.37011,0.84147,0.56926,0.52494,0.35278,0.37149,0.56132,0.40241,0.88207,0.46371,0.4174,0.80794,0.42918,0.61717,0.64553,0.27316,0.9191,1.155,0.55579,0.92187,1.1221,0.85795,0.41149,0.97918,0.43382,0.52459,0.56907,0.34597,0.86915,0.93552,0.85864,0.46989,0.73078,0.52931,0.82847,0.8202,0.83296,0.4391,0.51261,0.60281,0.77932,0.83296,0.85904,0.30635,0.35689,0.42929,0.60911,0.42915,0.42657,0.24729,0.46839,0.45596,0.42317,0.6981,0.52311,0.60148,0.45182,0.49123,0.58338,0.40929,0.64066,1.1311,1.0132,1.1463,0.37075,0.61825,0.40037,0.55689,0.36827,0.38178,0.49273,0.62565,0.73011,0.41287,0.27384,0.81785,0.26829,0.40585,0.58182,0.40694,0.39792,0.46296,1.2068,0.55126,0.39825,0.50795,0.71918,0.51082,0.46628,0.33184,1.2775,0.45085,1.0348,0.63575,1.0821,0.809,0.53779,0.50313,0.47513,0.33881,0.47555,0.62111,0.57151,0.81698,0.98018,0.7853,0.60294,0.8966,0.72418,0.42579,0.54434,0.38853,1.0282,1.0938,0.61702,0.583,0.78076,0.37771,0.86844,0.42888,0.94879,0.94229,0.368,0.63554,0.51971,0.31478,0.22634,0.54673,0.33855,0.4853,0.52002,0.53985,0.70015,0.66506,0.43015,0.45947,0.42511,0.40375,0.59954,0.76926,0.53044,0.69723,0.50075,0.41404,0.88447,0.672,0.42736,0.38272,0.55818,0.55122,0.64798,0.40428,1.038,0.85674,0.28946,0.61254,0.61807,0.6412,0.27501,0.68091,0.48871,0.39419,0.70429,0.45386,0.90714,0.60802,0.94032,1.0786,0.60872,0.35722,0.79827,0.77542,0.322,0.80198,0.30252,0.57893,0.56323,0.72363,0.40698,0.58163,0.43603,0.55641,0.41774,0.52079,0.43086,0.49218,0.55789,0.71506,1.029,1.205,0.44212,1.0506,0.6252,0.32951,0.83208,0.79375,0.9283,0.54485,0.79923,0.29278,1.1814,0.67404,0.59696,0.74627,0.64302,0.91503,0.63829,0.42711,1.0492,1.0081,0.52214,0.52799,0.83493,0.5451,0.74416,1.0525,0.78342,0.78322,0.28957,0.64275,0.425,0.44092,0.57321,0.29721,0.64122,1.0421,0.7273,0.47647,0.56318,0.51007,0.45201,0.70035,0.46519,0.86373,0.48368,0.30906,0.63902,0.72829,0.70392,1.2513,1.0707,0.81211,0.74304,0.60162,0.56099,1.1469,0.3027,0.7134,0.50089,0.38405,0.67279,0.46097,0.48388,1.066,0.40006,0.42532,0.32461,1.3425,0.99223,0.31393,0.34955,0.36201,0.69873,0.45148,0.61069,0.43846,0.64844,0.57303,0.57884,0.554,0.63897,1.0078,1.0874,0.49674,0.50099,0.66106,0.85111,0.45334,0.61683,1.0514,0.59148,0.93615,0.40796,1.1053,0.40725,0.56113,0.57959,0.99583,0.31092,0.85329,0.64242,1.2862,0.47901,0.6364,0.85678,0.77617,0.86722,0.41676,0.24525,0.27145,0.46313,0.54698,0.76311,0.42866,0.22758,1.0659,1.4947,1.3094,0.40789,0.77301,0.46717,0.18912,0.77211,0.64697,0.82201,1.0018,1.4081,0.81913,0.47392,0.72559,1.0869,0.96686,0.76746,0.58506,0.53412,0.70759,0.42154,0.37882,0.50104,0.50602,0.47604,0.68582,0.9855,0.95759,0.71498,0.44712,0.89627,0.9058,0.90605,0.8158,0.5898,0.81529,0.65425,0.36359,0.52475,0.27726,0.88501,0.711,0.57388,0.60067,0.53325,0.74965,1.1937,0.36427,0.40257,0.94706,0.70853,0.6948,0.75235,1.5218,0.48375,0.57827,0.43247,0.69592,0.57901,0.90202,0.88849,0.78986,0.9292,0.66436,0.90224,1.0445,0.58725,0.69079,0.5191,0.42039,0.66572,0.44451,0.5345,0.98738,0.74659,0.82665,1.0219,0.49284,0.47183,0.53874,0.87999,0.62113,0.54517,0.5043,0.39501,0.33947,0.86079,0.60695,0.75306,0.70216,0.85462,1.3637,0.84052,0.55314,0.42087,0.62521,0.32868,0.76329,0.44015,0.83847,0.65387,0.53047,0.7164,0.82477,0.42538,0.74549,0.93942,0.51773,0.50329,0.66062,0.54572,0.57982,0.27092,0.51461,0.47079,0.35681,0.48838,0.7177,0.95881,1.1348,0.69166,0.87609,0.49149,1.0438,0.78633,0.31324,0.40009,0.47913,0.824,0.22295,0.79929,1.1142,0.56379,0.39649,0.74717,0.65336,0.92929,0.50431,0.91041,0.76564,2.1505,0.67518,1.0108,0.59621,0.54631,1.1889,0.65866,0.43068,0.54313,0.88879,0.53285,0.58035,0.82215,0.49906,0.59745,0.34885,0.25133,0.7345,0.46474,0.29722,0.29209,0.74218,0.51705,1.1302,0.37087,0.58431,0.86172,1.5671,1.2486,1.0116,0.72731,0.50847,0.5568,1.4418,0.55939,0.56638,0.26176,0.326,0.45314,0.36363,0.42614,0.38545,1.018,0.83571,0.63366,1.1671,0.52759,0.56622,0.37901,0.65982,0.64251,0.74724,0.61289,0.50548,0.47974,0.40041,0.69077,0.69372,0.29922,0.76412,0.65962,1.4817,0.87445,0.9303,0.94207,0.54582,0.50701,0.80784,0.92127,0.4594,0.52392,0.53159,0.42784,0.3853,0.94465,0.83076,0.66424,0.55727,1.7823,1.057,0.53723,0.84536,0.46417,0.90137,1.0194,0.5731,0.56307,0.73193,0.89427,0.37988,0.75822,0.79705,0.57075,0.61994,0.51401,0.39772,0.65492,0.4628,0.38847,0.52811,0.68548,0.2594,0.46229,0.81031,0.63804,0.58079,0.82354,0.52308,0.84001,0.70054,0.57416,0.46123,0.66013,0.52141,0.71432,1.0628,0.87018,0.71442,0.63179,0.51778,0.48411,0.42908,0.70464,0.9047,0.52236,0.55947,0.81448,0.4942,0.93043,0.8672,0.4678,0.37873,0.59433,0.39667,0.49253,0.5675,0.58895,0.70403,0.72659,0.50798,0.86089,0.76827,0.61546,0.80345,0.93509,0.85752,0.52882,1.0995,0.64539,0.56863,0.50713,0.46471,0.38409,0.58352,0.46751,0.48379,1.0197,0.77965,0.4813,0.59243,0.62478,1.3615,0.68523,0.72509,0.62347,0.75305,0.26249,0.38528,0.35285,1.0165,1.0078,0.49175,0.41744,1,0.77093,0.63889,0.56156,0.46292,0.58175,0.50166,0.59636,0.65795,0.54203,0.62299,0.50985,0.4641,1.0068,0.75795,0.72044,0.56437,0.49909,0.96694,0.37201,0.67909,0.44887,0.90929,0.37503,0.34463,0.54808,0.6219,0.80959,1.0963,0.30676,0.69213,0.94216,1.1741,0.97488,0.68436,0.45885,0.37432,0.54081,1.6118,0.41535,0.28945,0.48195,0.32849,0.52161,1.1968,0.79521,0.58767,0.36656,0.6537,0.64665,0.57579,1.062,1.4061,0.66989,0.59469,0.69672,0.53558,1.0127,0.6778,0.44819,0.50622,0.65236,0.71963,0.5314,0.64716,1.4835,1.5538,0.44387,0.7673,1.1194,0.42398,0.092531,0.81594,0.49076,1.0433,0.69039,0.96583,0.5038,0.88482,0.93376,0.41379,0.59567,0.73594,0.33403,0.34691,0.65902,0.29736,0.71853,0.58202,0.93794,0.40297,0.98656,0.86678,0.7937,0.97089,1.6996,0.47559,0.21452,0.4382,0.53269,0.29576,0.60177,0.59816,0.2781,0.957,0.55868,0.5351,0.95755,0.47815,0.76224,1.413,0.37018,0.77109,0.64747
0.45095,0.2169,1.8061,0.56895,0.67721,0.73542,0.53191,0.48584,0.83804,0.19514,0.87632,0.52217,0.43704,0.41426,0.36032,0.6758,0.58934,0.30613,0.56925,1.0611,0.50856,0.60177,0.81372,0.59771,0.83166,0.75197,1.0918,0.72856,0.5777,1.225,0.82116,0.43846,0.22021,0.64019,0.72944,0.66786,0.60142,0.58382,0.76329,0.43827,0.78007,0.34251,0.38144,0.50104,0.43875,0.41082,0.5183,0.44727,0.50633,0.76697,0.22577,0.64086,0.70205,0.60217,0.65841,0.35644,0.47636,0.24636,0.77286,0.94219,0.6232,1.307,0.5725,0.76877,1.0165,0.69481,0.53506,0.6229,0.32048,1.0479,1.0572,0.58345,0.3871,0.54795,0.79968,0.37992,1.0179,0.70147,0.40259,0.67327,0.61219,0.54781,0.59933,0.81541,0.62842,0.96875,2.0039,0.43276,0.60389,0.29898,0.45754,1.1563,0.94849,0.62344,0.3832,0.55303,0.64751,0.89192,0.78064,0.68645,1.2482,0.62369,1.1706,0.92568,0.74921,0.63471,0.73424,0.60186,0.82834,0.69419,0.62755,0.85341,0.72814,1.0978,0.65979,0.65497,0.75185,0.71537,0.62993,0.828,0.90615,1.2647,0.64305,0.34012,0.32674,0.26354,0.76913,0.91613,0.54766,1.0052,0.76057,0.77137,0.45636,0.68834,0.57051,0.64155,0.41459,0.41646,0.82996,0.38145,0.49593,0.44936,0.32328,0.67441,0.49,0.512,0.48654,0.35625,0.96011,1.176,0.69515,0.54119,0.88967,0.82367,0.545,1.3207,1.3928,1.3348,0.65228,0.73063,0.88282,0.56402,1.0559,1.3117,0.51425,0.61962,0.68524,0.52995,0.64751,0.74997,0.88172,0.51056,0.77271,0.47087,0.42089,0.39805,0.42296,0.45642,0.40261,0.43422,0.5959,0.43732,0.66902,0.89374,0.31678,0.4524,0.44639,0.51342,1.2359,0.55738,0.37254,0.29347,0.64094,0.87021,0.89436,0.71435,0.93088,0.49084,0.93391,0.99359,0.67522,0.92299,0.89635,0.7387,0.54671,0.75441,0.76194,0.94617,0.86869,0.59294,0.61469,0.55981,0.46204,0.44843,0.49283,0.66154,0.91467,0.37378,0.35307,0.44748,0.60938,0.84418,0.69242,0.37823,0.2812,0.33381,0.48331,1.216,0.47942,0.68877,0.5512,0.69763,0.88203,0.64444,0.42868,0.7281,0.85308,0.60367,0.81321,0.45428,0.28472,0.31769,0.69159,0.90373,0.67748,0.58549,1.1111,1.6424,0.58682,1.2647,0.74411,0.63209,0.73251,0.98703,0.57762,0.48414,0.59837,0.57457,0.58182,1.0836,0.66095,0.45305,0.58471,0.54735,0.62188,0.51455,0.8515,0.52899,0.54736,0.55498,0.42901,0.51121,0.39373,0.45905,0.38009,0.35035,0.64323,0.8391,0.41933,0.78946,0.81376,0.50555,0.41973,0.3093,0.71431,1.0001,0.60147,0.4414,0.94705,0.51789,0.59094,0.95647,0.24713,0.72794,0.54812,0.86825,0.90087,0.43265,0.69537,0.74099,0.75783,0.7407,0.4175,0.26944,0.71403,0.36139,0.42893,0.66521,0.51019,0.54948,0.30759,0.58733,0.48924,0.29195,0.45942,0.32908,0.51644,0.68006,0.48501,0.75471,0.34556,0.85753,0.63301,0.83041,0.60994,0.62064,0.51483,0.66511,0.5338,0.64054,1.1735,0.8589,0.60762,0.54651,0.59615,0.53587,0.40988,0.37141,0.65003,0.51174,0.7235,0.66065,0.6723,1.0257,0.63498,0.50664,0.99767,0.87934,0.56202,0.83769,0.60865,0.45693,0.39243,0.44207,0.41895,0.27164,0.49643,0.9873,1.2133,1.1768,0.62056,0.62218,0.77893,0.59976,1.4767,1.1749,0.84012,0.47517,0.9162,0.70354,0.47538,0.82641,0.47425,0.45967,0.72519,0.69416,0.98801,0.55123,0.86345,0.50163,0.54589,0.87243,0.43331,0.45902,0.89422,0.45089,0.75789,1.1461,0.47997,0.64469,0.81954,0.38589,0.56288,1.2997,0.46195,0.41448,1.24,1.1949,1.1651,0.92005,0.51912,0.69235,0.75486,0.95934,0.50196,0.6346,0.5703,1.0338,0.76314,0.61135,0.73059,0.50457,0.76055,0.36364,0.59177,0.92403,0.69271,0.91632,0.55806,0.95052,0.60886,0.44372,0.47888,0.93127,1.047,0.9407,0.76676,0.99902,0.65196,1.0073,0.38784,1.0865,0.3946,1.0351,0.38593,0.97118,0.85311,0.80474,0.21957,0.54495,0.70919,0.63877,0.45842,0.68201,0.50869,0.85283,0.84994,0.9779,0.66674,0.23993,0.78475,0.58762,0.52126,0.56625,0.54428,0.54869,0.36987,0.58609,0.89803,0.78352,0.37462,0.58554,0.60658,0.84283,1.4575,0.60172,0.32071,0.53295,0.66203,0.74975,0.50171,0.90837,0.81374,0.79976,0.55939,0.65316,0.60532,0.50966,0.49703,0.62336,0.51931,0.61037,0.56175,1.0192,0.8862,0.72791,0.3336,0.39345,0.49529,0.52943,0.81501,0.48327,0.4915,1.0564,0.76145,0.74869,0.8059,0.80767,0.41221,1.0394,0.57161,0.46669,0.39887,0.8085,1.0859,1.114,0.54277,0.67649,0.54688,0.58402,0.45086,0.70785,0.72498,0.59611,0.27712,0.30531,0.42123,0.64508,0.84177,0.7736,0.4448,1.2529,0.59119,0.31782,0.4273,0.61343,1.1156,0.6615,0.98385,0.79546,0.85619,0.76751,0.82404,0.97269,0.75858,0.65577,0.41586,0.64688,0.78426,1.0915,0.50882,0.46125,0.40166,0.77006,0.55588,1.1099,0.50546,0.38278,0.80381,0.89704,1.1413,0.55577,0.58771,0.68344,0.61902,0.63396,0.58715,0.26775,0.38445,0.60769,0.45994,0.51054,0.4806,0.4533,0.49871,1.0941,0.66604,0.51139,0.37288,0.51514,1.0688,0.52403,0.92494,0.5583,0.5202,1.2149,0.61197,0.23163,1.1299,0.77718,1.0044,0.57798,0.4082,0.77278,0.44878,0.46051,0.84769,0.53686,0.40071,0.55555,0.55864,0.4672,0.60037,0.39481,0.64498,0.60169,0.74444,0.38269,0.59193,0.69468,0.94259,0.58976,0.54772,0.58864,0.35509,0.51975,0.70913,0.95731,0.55626,0.41615,0.61108,1.083,0.25771,0.36221,1.0264,0.43208,0.82224,0.75426,0.52981,0.5599,0.40847,0.46077,1.1366,0.86281,0.59377,0.68924,1.1932,1.2352,0.48646,0.75909,0.97426,1.1258,0.94496,0.42606,0.51835,0.41496,0.82394,0.86283,0.64137,0.79649,0.48706,0.96946,0.75181,0.5277,0.60966,0.56703,0.48098,0.93145,0.96116,0.98161,1.0673,0.97993,0.84956,0.39068,0.58332,1.0522,0.54925,0.94288,0.64499,0.36876,0.77685,0.61054,0.51484,0.67518,0.78738,0.42124,0.20716,0.41071,0.87408,0.79357,0.86876,0.3209,0.44213,0.52197,0.72041,1.1581,1.1719,0.68226,0.55641,0.55903,0.5631,0.53983,0.51517,0.32813,0.57631,0.43749,0.27141,0.78467,0.57321,0.42065,1.0095,0.65379,0.62242,0.77195,0.71847,0.43447,0.57366,2.1804,0.77992,0.6407,0.68277,0.73443,0.42679,0.50105,0.46397,0.98899,0.98719,0.6617,0.70162,0.4078,0.61248,0.61671,0.53279,0.38003,0.47881,0.71068,0.42016,0.30554,0.47816,1.1526,0.50976,0.67029,0.51031,0.87364,0.83765,0.94235,0.37854,0.45352,0.7113,0.53259,0.60322,0.55376,0.76346,0.18124,0.81399,0.85595,0.86724,0.69787,1.3159,0.64469,1.0664,1.9351,1.91,0.65695,0.49519,0.45789,0.54404,0.53372,0.97243,0.75204,0.77263,0.60339,0.34601,0.56792,0.43,0.86639,0.76599,1.2218,0.65337,0.57877,0.30385,0.40189,0.98811,0.51497,0.29428,0.81517,0.86104,0.71953,0.53873,1.1313,0.53523,0.61864,0.30574,0.55506,0.78013,0.59192,0.3519,0.58209,0.59687,1.0159,0.60496,1.3446,0.71499,0.58633,0.76292,1.3021,1.4927,0.38653,0.70779,0.44763,0.54645,0.42801,0.64454,0.2874,0.32106,0.67757,0.83053,0.52116,0.66666,0.60871,0.49597,0.39777,0.33613,0.48762,0.63037,0.33473,0.72524,1.0489,0.82403,1.0816,0.80001,0.33249,0.70703,0.84259,0.39499,0.81864,0.58542,0.77214,1.0368,1.1032,0.75287,0.72006,0.43184,0.63862,0.43114,1.2742,0.31575,0.35735,0.69939,0.89377,1.1671,0.4215,0.80399,0.89992,0.80132,0.62966,0.46975,0.64264,0.51886,0.42639,0.47046,0.82236,0.76061,0.26595,0.674,0.70664,0.60702,0.81345,0.44534,0.49007,0.68423,0.54843,0.47014,0.81592,0.95234,0.74696,1.15,0.47761,0.67148,0.90209,0.78658,0.6655,0.80173,0.45804,0.91748,0.71672,0.9025,0.29002,0.56679,0.58356,0.97414,0.57746,0.4965,0.6833,0.80706,0.65604,0.46226,0.46945,0.4424,0.70661,0.97693,0.89206,0.42996,0.95125,0.47304,0.56756,0.3151,0.77417,0.32886,0.46313,0.48623,0.80943,0.31111,0.42394,1.1213,0.62191,0.48857,0.77206,0.58799,0.4075,0.59481,0.77286,0.73384,0.82794,0.84631,0.55228,0.32992,0.57859,0.54967,0.40784,0.3991,0.66165,0.58811,0.534,0.34527,0.55175,0.4951,0.64197,0.57919,0.329,0.58801,0.20874,0.63844,0.3267,0.93346,1.0058,0.53814,0.78897,0.76959,0.7913,0.65591,0.78424,0.38928,1.1614,1.1111,0.66275,0.45188,0.332,0.61315,0.64178,0.51386,0.31693,1.0753,0.93614,0.65008,0.75008,0.55206,0.43863,0.96318,0.40126,0.73329,0.87792,0.64733,0.58511,0.70521,0.62383,0.46937,0.72575,0.5128,0.9545,0.49675,0.99225,0.50758,0.55613,0.47395,0.36882,0.32386,0.74131,0.64017,0.3673,0.61702,0.44907,0.62681,1.0337,0.54997,0.76737,1.0628,0.78588,0.67936,0.48268,0.24975,0.37553,0.4139,0.68207,0.99024,0.82419,0.5196,0.34687,0.41585,0.53411,0.57012,0.46211,0.69426,0.53369,0.99101,0.70302,0.46304,0.3442,1.0062,1.2621,0.66162,0.22703,0.62164,0.96793,0.42986,0.57508,0.64077,0.5798,0.70207,0.60921,0.5299,0.6019,0.40084,0.74382,0.58871,0.29082,0.52098,0.60293,0.39371,0.72057,0.50053,0.42282,0.40731,0.54472,1.143,0.62821,0.3048,0.66775,0.45021,0.88136,0.77506,0.55457,0.37215,0.45081,0.54675,0.51755,1.1295,0.868,0.52688,0.85636,1.1593,0.70988,0.86608,1.3487,0.49555,0.61843,0.6175,1.3315,1.3849,1.5735,0.63817,0.29213,0.50161,0.94627,1.5912,0.69587,0.77021,0.86259,0.61808,0.9077,0.81999,0.8372,0.66783,1.3003,0.62532,0.43396,0.47089,0.8,0.69575,0.76594,0.77201,0.68475,1.0136,0.83571,1.0201,1.5979,0.61714,0.47503,0.53875,1.2149,0.53356,0.77184,0.61403,0.37016,0.30029,0.49988,1.3104,1.9928,0.78103,0.82555,0.77033,0.62543,0.5731,0.4787,0.67906,0.56449,0.63422,0.95351,0.86706,0.66436,0.33116,0.42611,0.74717,0.69591,0.76919,0.63176,0.52029,0.81815,0.54764,0.87727,0.59461,0.54294,0.48006,0.59739,1.173,0.49581,0.36415,0.57536,0.44587,0.42162,0.43601,0.37661,0.50828,0.83277,0.46001,0.66457,0.69107,0.3518,0.52136,0.91968,0.32255,0.36438,0.58471,0.71116,0.93826,0.71599,0.75775,0.93282,0.55317,0.54239,0.61841,0.50386,0.70213,0.4394,0.30257,0.4273,0.86419,0.72984,0.76775,0.30389,0.26964,0.49873,0.39749,0.44677,0.64674,0.90991,0.52749,0.87865,0.77431,0.37909,0.49723,0.97809,0.6019,0.57505,0.43651,0.39939,0.73036,0.99187,1.0354,0.60758,0.76041,0.45007,0.77893,0.65159,0.70102,0.50095,0.52153,0.45364,0.56256,0.44814,0.43063,0.77259,0.94965,0.80294,0.39429,0.90534,0.54647,0.76183,0.52753,0.53668,0.70047,0.67977,0.83045,0.35451,0.51855,0.46074,0.46645,0.79117,0.37445,0.62275,0.69062,0.55029,0.49206,0.38344,0.4995,0.49717,0.51459,0.51423,0.58139,0.47199,0.50096,0.6526,0.44037,0.56375,0.56606,0.52976,0.67222,0.51389,0.67022,1.3086,0.51215,0.58041,0.28296,0.70255,0.62892,0.36096,0.57073,0.67673,0.85381,0.90832,0.36588,0.83482,0.83599,0.44446,0.31321,0.38104,1.2271,0.93066,0.72364,0.57743,0.55331,0.57614,0.37166,0.65562,0.76884,0.62557,0.96392,0.72949,0.68556,0.44151,1.0769,0.77835,0.5488,0.33994,0.66468,0.65337,0.65288,0.81856,0.54937,0.89109,0.47824,0.55724,0.62313,0.5974,0.64965,0.40624,0.8749,0.95077,0.63146,0.89923,0.29053,0.64257,0.50356,0.55058,0.94087,0.70526,0.38559,1.0585,0.91829,1.4489,0.98229,0.75251,0.52589,0.92536,0.87862,0.4577,0.93443,0.84091,1.2078,0.50365,0.45226,0.48708,0.71409,0.48826,0.56822,0.91297,0.73482,0.50719,0.98452,0.45857,0.56163,0.60213,0.23287,0.54218,0.54407,0.55024,0.35062,0.36795,0.54423,0.62968,0.63324,0.97906,0.72523,0.6722,0.76125,0.89566,0.44734,0.85775,0.61782,0.48291,0.49964,0.46204,0.38238,0.47386,0.33516,0.94736,0.55803,0.57601,0.53636,0.81406,1.0597,0.51038,0.44348,0.50548,0.48659,0.45767,0.48209,1.0475,0.73667,1.2704,0.7396,0.5805,0.69676,0.79775,0.43467,0.39648,0.28137,0.52034,0.47969,0.34545,0.75912,0.41801,0.49988,0.56884,0.408,0.65975,0.37682,0.53131,0.67101,0.63571,0.79792,0.98861,0.72844,1.1649,1.1324,1.4312,0.63492,0.84082,0.52978,0.87325,0.60106,0.87053,0.78095,0.88914,0.41476,0.60886,0.50954,0.87093,0.91768,0.70381,1.3775,1.068,0.72919,0.38306,0.22512,0.40802,0.41292,0.7253,0.55365,0.392,0.49392,0.95467,0.53265,0.41727,0.34358,0.53016,0.91868,0.77875,0.65794,0.57654,1.2784,0.32771,0.55082,0.79269,0.78107,0.84008,0.65212,0.57099,1.0262,0.6938,0.52746,0.56565,0.94058,0.74318,0.67298,0.40653,0.38874,0.5983,1.0184,0.49214,0.36603,0.58827,0.68086,0.72117,0.97847,0.76875,1.1515,1.1675,0.82037,0.51657,0.60459,0.47905,0.30377,0.34574,0.65572,0.72754,0.49664,0.67328,0.73398,0.69293,0.4528,0.92073,0.55014,0.74795,0.51185,0.64802,0.42589,0.51255,0.74989,1.1751,0.39514,0.57233,0.57663,0.66752,0.90796,0.47628,0.74496,1.6545,0.93782,0.46893,0.45752,0.36302,0.70985,0.81213,0.74837,0.56146,0.61384,0.72021,0.7204,0.45049,0.67796,0.4515,0.40453,0.5529,0.74289,0.47331,0.57224,0.68174,0.63942,0.98829,0.45933,0.34441,0.46409,0.66838,0.53925,0.90887,0.46714,0.5578,0.45521,0.31367,0.42309,0.65031,0.47457,0.8816,0.39197,0.5882,0.57331,0.59561,0.36309,0.83029,0.54126,1.0903,0.94753,0.46939,0.53378,0.39061,0.3026,0.43594,0.62283,0.75068,0.71086,0.58093,0.77417,1.0068,0.8588,0.74454,1.0168,0.74123,0.66653,0.36957,0.4946,0.70706,0.5315,0.69954,0.49677,0.31771,1.1809,0.74054,0.35254,0.40122,0.91083,0.99483,1.4376,0.70746,0.66846,0.59435,1.2792,0.91983,0.42916,0.42104,0.60762,0.85581,0.98685,0.75876,0.70311,0.41651,0.49688,0.61789,0.74935,0.50426,0.50357,0.49048,0.57138,0.35466,0.50426,0.42608,0.42463,0.58866,0.38646,0.36815,0.39876,0.26437,0.76062,0.86815,0.62017,0.57791,0.58437,0.41348,1.0193,0.74625,0.57444,0.39833,0.45428,0.78081,0.60382,0.60908,0.94171,0.83708,0.6418,0.71005,0.98637,0.55,0.98567,0.72736,0.76306,0.74548,0.69642,0.37492,0.69459,0.59668,1.2002,0.56473,0.82859,0.76976,0.8034,0.75367,0.63696,0.60171,0.80423,0.37362,1.0286,0.39523,0.70788,0.77073,0.49871,0.58061,0.41534,0.66613,0.43266,0.48249,0.32295,0.61726,0.65202,0.68051,0.49848,0.71037,0.25763,0.23946,0.54135,0.56123,0.48813,0.40351,0.29898,0.40864,0.9741,0.73887,0.32581,1.057,0.50925,0.92479,0.7415,0.7986,0.77314,0.52964,0.46284,0.74443,0.36482,0.93461,0.41415,0.60938,0.52774,0.29474,0.5211,0.77166,0.77932,0.46293,0.45933,0.52421,0.35508,1.0492,0.94061,0.59371,1.0649,0.54991,0.26042,0.71097,0.76693,0.32913,0.22057,0.462,0.75877,0.84151,0.89819,0.85957,0.51645,0.42306,0.49947,0.46403,1.0803,0.56119,0.48581,0.29139,0.56257,0.82958,1.7736,0.7946,0.25405,0.46528,0.66269,0.35073,0.41708,0.76972,0.71407,0.70348,0.74661,0.55562,0.61734,0.63052,0.65863,0.55956,0.56929,0.55916,0.48096,0.71325,0.37607,0.77685,0.45526,0.47993,0.59484,1.3725,0.35958,0.53103,0.54183,0.51007,0.6334,0.62013,0.57659,0.78756,0.77202,0.52018,0.47782,0.67267,0.40369,0.35217,1.1617,0.67998,0.85423,1.1855,0.95321,1.0428,0.70658,0.6503,0.49963,0.66768,0.95045,0.59577,0.25083,0.73759,0.64486,0.62964,0.69464,0.62523,1.3697,0.88163,0.69621,0.58459,1.0659,0.57843,0.77404,1.1081,0.68024,0.24217,0.58318,1.0192,0.75577,0.51349,1.0168,0.6959,0.58006,0.95221,0.32377,0.47415,0.49328,0.63376,0.79835,0.4411,0.41148,0.64435,0.82167,0.3957,0.6091,0.61991,0.39149,0.38518,0.49665,0.75557,0.98641,0.58409,0.49725,0.71957,0.45808,1.0135,0.93197,0.53436,0.52235,0.28344,0.47591,0.70207,0.42363,0.4139,0.91053,0.63285,0.98375,1.0429,0.87895,1.0611,1.0255,0.7489,0.84769,0.72168,0.49304,0.5538,0.36601,0.69821,0.30968,0.35937,1.0941,1.4155,0.41836,0.78118,0.47586,0.62442,0.79486,0.4852,0.99939,0.34819,0.42678,0.85523,0.50203,0.56928,0.58133,0.42824,0.73702,0.44543,0.90192,0.65044,1.1918,0.68891,0.585,0.70784,0.68943,0.46851,0.54625,0.38288,0.41643,0.41159,0.37501,0.68582,0.52555,0.9655,1.1352,0.46967,0.60496,0.44742,0.81125,0.7065,0.69578,0.52674,0.69275,0.67562,0.43909,0.37327,0.68157,0.46395,0.34812,0.53283,0.45098,0.36619,0.4753,1.2151,0.79841,0.54034,0.3885,0.44037,1.0467,0.4247,0.33088,0.6339,0.41675,0.49314,0.74003,0.54193,0.2671,0.54574,0.47341,0.33197,0.74086,0.72723,0.42384,0.89623,0.3472,1.1129,1.1119,0.53208,0.29987,0.43124,0.64294,0.49006,0.67691,0.68181,1.318,0.94704,0.93738,0.39975,0.40228,0.53127,0.4091,0.79047,0.80777,0.5708,0.62532,0.53006,0.49362,0.58045,0.52412,0.53262,0.95592,1.1044,0.80444,1.187,0.69618,0.98332,0.31144,0.60248,0.4472,0.30475,0.69372,0.55778,1.1999,0.51436,0.41746,0.51942,0.66294,0.82467,0.73495,0.36273,0.57767,0.54282,1.0911,0.9655,0.56688,0.98956,1.3089,0.60643,0.69087,0.71102,0.68038,0.70377,0.77148,0.46002,0.39938,0.60286,0.94889,0.74761,0.45083,0.86319,0.39614,0.63524,0.69502,0.42726,0.51324,0.53465,0.54985,0.67873,0.41201,0.46255,0.54817,0.67571,0.25327,0.6489,0.47033,0.92447,0.68074,0.90544,1.1681,1.1072,1.0344,0.57935,0.91996,0.56931,0.64646,0.50107,0.51331,0.34523,0.53669,0.96271,0.59143,0.52431,0.7071,0.80683,0.77854,0.48911,0.75047,0.75505,0.69773,1.2317,0.62571,0.97945,0.95299,0.73098,0.59629,0.75328,1.025,0.75921,1.0393,0.77141,0.46278,0.35142,0.26494,0.34722,0.63993,0.39059,0.41314,0.65399,0.54806,0.65949,0.83935,0.57755,0.36057,0.41161,0.8005,1.0417,0.86802,0.17468,0.38712,0.43197,0.85005,0.7302,0.43401,0.67629,1.1344,0.91472,0.43151,0.95237,0.63051,0.69249,0.37536,0.50096,0.43913,0.17275,0.58483,0.31569,0.3193,0.5128,0.60371,0.59987,0.69363,0.64727,0.54204,1.0153,0.32141,0.64214,0.76426,0.52077,0.88411,0.85193,0.96356,0.64604,0.68467,0.80033,0.57891,0.58514,0.81434,0.94634,0.38243,0.38015,0.55384,0.89306,0.75406,0.7765,1.2383,0.96054,0.8323,0.3802,0.45731,0.97779,0.37136,0.71072,0.61311,1.2276,1.2168,0.46332,0.84609,0.34258,0.47933,0.59982,0.24545,0.39969,0.60059,0.27647,0.33861,0.81383,0.80096,0.5251,0.86412,1.112,0.46309,0.68788,0.90113,1.2306,0.68502,0.56662,1.0573,0.58186,0.89155,0.90741,0.95238,1.5781,1.3136,0.75026,0.89828,0.87321,0.78506,0.38567,0.35973,0.44132,0.34159,0.57359,0.77633,0.49321,1.0968,0.77073,0.77375,0.88151,0.72403,0.21867,0.73823,0.68344,1.1425,1.0255,0.63962,0.73141,1.4539,0.53916,0.39559,0.70171,0.49103,0.52415,0.41606,0.34507,0.38105,0.59708,0.60322,0.52633,0.31463,0.4659,0.65935,0.57295,0.40833,0.52577,0.73002,0.81402,0.4444,0.31049,0.86716,0.59052,0.61205,1.2506,0.92992,1.1439,0.52454,0.50566,0.45005,0.63202,0.49726,0.6991,0.40985,0.58309,0.52644,0.86296,0.7372,0.8901,1.0427,0.64283,0.64141,0.64295,0.62411,0.32941,0.43053,0.63989,0.87927,0.65973,0.78929,0.91287,0.97676,0.33801,0.9347,0.96395,0.35619,0.5839,0.78482,0.71982,0.42336,0.39908,0.74885,0.46925,0.59709,0.46583,0.4748,0.60675,0.39918,0.70418,0.64278,0.29338,0.45855,0.77838,0.38289,0.36637,0.46952,0.82259,0.72753,0.94369,0.5025,0.43098,0.30688,0.59453,0.62659,0.5541,0.47312,0.28475,0.27639,0.35581,0.65307,0.54097,1.0724,0.75316,0.43872,0.43098,0.59073,0.40582,0.53278,0.65833,1.0327,0.71637,0.73627,0.47866,0.38999,0.52069,0.42935,0.62322,0.48629,0.46664,0.93471,0.37553,1.1527,0.68397,0.61042,0.737,0.33089,0.52404,0.58109,0.4616,0.24981,0.79598,0.69972,0.52982,1.2611,0.49064,0.48943,1.089,1.8815,0.58035,0.66238,0.42583,0.76676,0.94906,0.87399,0.483,0.63616,0.77252,0.4305,0.34556,0.38681,0.56683,0.24665,0.573,0.78875,0.84433,0.88667,0.42069,0.38517,0.40415,0.29449,0.51051,0.33464,0.37502,0.33735,0.91147,0.50321,0.6976,0.98645,0.73996,0.7274,0.61603,0.81772,0.37182,0.59654,0.76341,0.8334,0.26198,0.82113,0.44272,0.60043,0.28404,0.71474,0.75517,0.47342,0.63889,1.1505,0.47083,0.42123,0.87247,0.49606,0.57453,0.89232,0.87993,1.0369,0.43462,0.55872,0.49481,0.59019,0.58982,0.75986,0.66323,1.1754,0.65879,1.7003,0.43996,0.31809,0.32033,0.3897,0.77655,0.57592,0.55106,0.27054,0.52333,0.73561,0.74156,0.89908,1.0731,0.74466,0.66866,0.39659,0.44619,0.29286,0.60798,0.76676,0.50055,0.73684,0.50037,0.39373,0.50196,0.70199,0.92084,0.65066,0.47143,0.72399,0.49018,0.45624,0.41195,0.48723,0.88674,1.1389,0.7789,0.62027,0.53739,0.43946,0.61339,0.94262,0.7853,0.27646,0.57923,0.84909,0.72973,1.2712,0.9087,0.92696,1.0152,0.43628,0.64389,0.62851,0.45225,0.53717,0.4562,0.37389,0.54288,0.55154,0.4154,0.73018,0.33474,0.73873,0.55713,0.48932,0.57961,0.55222,0.48236,0.46684,0.94697,0.56894,0.48591,0.69156,0.42159,0.80576,0.55731,0.5378,0.61814,0.4251,0.46636,0.20853,0.40127,0.47484,0.69856,0.52789,0.52046,0.29521,0.7174,0.55652,0.41103,0.47284,0.21295,0.53311,0.34128,0.46055,0.74293,0.99899,0.51842,0.82463,0.66186,0.84687,0.61327,0.60116,0.7936,0.98275,0.61733,0.44788,0.97669,1.2197,0.69604,1.0027,0.40657,0.5285,0.55702,0.58572,0.62262,0.55111,0.35042,0.43204,0.44213,0.86703,0.59831,0.77667,0.78319,0.56106,0.56254,0.39972,0.50486,0.92387,0.75424,1.0263,0.77478,0.72348,0.75432,0.54292,1.282,0.53738,0.60846,0.4834,0.79722,0.33662,0.48187,0.57331,0.41589,0.4818,0.90249,0.88191,0.32135,0.75836,0.53696,0.58842,0.68784,0.81439,0.67703,0.43854,0.50814,0.94376,0.87007,0.69588,0.55246,0.72042,0.59842,0.62121,0.54051,0.43058,0.86129,0.54247,1.3021,0.52805,0.57345,0.68118,0.70463,0.70077,0.52014,0.74931,0.34217,0.76104,0.54734,0.44376,0.63833,0.90129,0.59768,0.47179,0.64823,0.79074,0.9169,0.43841,0.93422,0.73492,1.0211,0.76467,0.78847
0.42208,0.7375,0.34878,0.81155,0.48452,0.54826,0.45475,0.19287,0.38401,0.46935,0.37163,0.51373,0.28591,0.70951,0.63103,0.97582,0.77955,0.65653,0.62814,0.52634,1.3536,0.51937,0.65768,0.63086,0.63584,0.55567,1.0053,0.72179,0.46727,0.78427,0.81303,0.70416,0.77633,0.63732,1.3109,0.77856,0.59932,0.69573,0.7145,0.51293,0.88753,0.86526,0.23988,1.042,0.55819,0.37984,0.45579,0.3785,0.40725,0.77229,0.58526,0.83068,1.2041,1.1665,0.79542,0.47557,0.46452,0.84027,0.68971,0.67864,0.76998,0.50699,0.60224,0.92376,1.079,0.69247,0.78432,0.43027,1.5451,1.0705,0.78938,0.81968,0.42126,0.54931,0.40634,0.58342,0.51592,0.85347,0.5775,0.55144,1.013,0.50598,0.3586,0.64353,0.46746,0.83859,0.79026,0.88292,0.50012,0.60519,1.612,0.61295,0.36184,1.0875,0.95085,0.5653,0.5217,0.75688,0.50648,0.79274,0.78603,0.65781,0.59801,1.5075,0.78686,0.55404,0.49725,0.62155,0.48602,0.53525,0.57623,0.46458,0.51098,0.50339,0.59446,0.66537,0.43751,0.47799,0.37567,0.68982,0.63512,0.68583,0.4966,0.30708,0.66096,0.61485,0.88599,0.76387,0.4288,0.51164,0.43109,0.60698,0.55539,0.60042,0.90204,0.52438,0.54183,0.44588,0.41903,0.88102,0.72502,0.52558,0.81636,0.64063,0.66143,0.59247,0.51088,0.4716,0.68291,0.67576,0.82839,0.59743,0.30824,0.52419,0.82672,0.67761,0.89713,1.505,1.0667,0.87574,0.35921,0.51418,0.37848,0.39236,0.49481,0.69181,0.46709,0.96844,0.99734,0.56939,0.61884,0.48541,0.53361,0.6335,0.54071,0.83017,0.84404,0.76641,0.68238,0.49836,0.49883,0.58175,0.72256,0.47274,0.67538,0.76263,0.71659,0.52516,0.4001,0.68104,0.66067,0.77894,0.5181,0.59458,1.1124,0.60814,0.55314,0.55062,0.6402,0.53204,0.6207,0.54446,0.82677,0.80548,0.24473,0.43996,1.2133,0.74478,0.57823,0.59506,0.5318,0.77623,0.46298,0.36339,0.38033,0.69393,0.48817,0.3491,0.39778,0.36734,0.74206,0.51238,0.52141,0.51037,0.42903,0.42651,0.34809,1.0197,1.1947,0.65701,0.56708,0.84687,0.95921,0.5846,0.46107,0.58155,0.4832,0.76416,0.62605,0.83176,0.62941,0.62056,0.41962,0.61231,0.32354,0.79178,0.77086,0.50542,0.82592,0.73573,0.65369,0.69667,1.0645,0.69161,0.69692,0.90702,0.31972,0.39372,0.65701,0.55312,1.0499,1.2909,0.8588,0.76685,0.60664,0.26145,0.59892,0.84612,0.63865,0.41902,0.8963,0.59749,0.33075,0.47252,0.75403,0.55936,0.83368,0.54465,0.29043,0.67861,0.39481,0.62878,1.0391,0.72144,0.77699,0.5012,0.75002,0.6474,0.8432,0.88035,0.55387,0.33314,0.43636,0.7567,0.72163,0.73967,0.94204,0.5287,0.33502,1.5039,0.87652,0.53013,0.90556,0.50291,1.1733,0.68806,0.56677,0.72981,0.63711,0.77847,0.48096,0.70904,0.53001,0.37945,0.73588,0.45452,0.85682,0.45238,0.3707,0.56356,0.76379,0.60343,0.48118,0.25755,1.2546,0.5453,0.66242,0.86715,1.1875,0.86377,0.53604,0.72518,0.67699,0.59447,0.69344,0.44876,0.6108,0.97046,0.98245,1.3879,0.70911,0.58305,0.38771,1.1219,0.74115,0.36157,0.70826,0.71415,1.0361,1.3089,0.65699,0.73266,0.62773,0.91169,1.6738,0.55379,0.69284,0.64138,0.52859,0.71865,0.79591,0.57144,0.57361,0.46694,0.89601,1.5861,0.47915,0.18772,0.32934,0.39818,0.34706,0.58499,0.71177,0.32591,0.96781,0.58072,0.32805,0.77,0.93992,0.47821,0.65107,1.0452,0.77832,0.94151,0.71307,0.46599,0.64915,0.92658,0.82538,0.56728,0.76701,0.57945,0.38017,0.77168,0.64443,0.99337,0.57459,0.54344,0.80797,0.66601,0.34741,1.0331,0.96143,0.80045,1.2633,0.75499,0.77392,1.0732,0.84241,0.84336,0.71449,0.80927,0.62591,0.34164,0.75399,1.655,0.88294,0.74919,0.91244,0.83911,0.64665,0.65251,0.4559,0.89781,0.60112,0.59767,0.36386,0.56293,1.2196,0.97404,0.57796,0.82516,0.6563,0.38991,1.0695,0.52307,0.84268,0.80479,0.71436,0.73612,0.33846,0.61172,0.56794,0.80661,1.3154,0.74047,1.5988,0.94296,0.55987,0.24126,0.62323,0.94579,0.93344,1.2649,0.43505,0.5249,0.47882,1.7715,0.77446,0.7493,0.40033,0.48378,0.53318,1.1651,0.62993,0.63652,0.61453,0.3819,0.45224,0.44383,1.0859,0.5341,0.93839,0.58818,1.1378,0.70455,0.81912,0.66837,0.6342,0.7025,1.0107,0.45783,0.86859,0.46355,0.82253,0.80179,0.63837,0.80199,0.35623,0.34284,0.51698,0.45629,0.36365,0.50511,1.3306,0.40025,0.84599,0.32918,0.68707,0.83252,1.0065,0.48959,0.58721,0.68817,0.53623,1.1719,0.5933,0.82719,0.35818,0.56892,0.65586,0.67956,0.34751,0.32346,0.76027,0.41077,0.31758,0.84315,0.71027,0.77845,0.57076,0.54812,0.79211,0.50049,0.77694,0.50085,1.2607,0.51533,0.5936,0.75627,0.63951,0.79064,0.87644,0.54922,0.83304,0.56418,0.4285,0.53666,0.60667,0.85821,1.0482,1.422,0.68911,0.80731,1.0898,0.63951,0.7269,0.70662,0.86351,1.3625,0.84481,0.76719,0.46363,0.77612,0.46408,0.88491,0.66856,1.207,0.62741,0.4995,0.5949,0.5463,0.60979,0.61597,0.4021,0.76429,0.97175,0.8537,0.93892,0.74936,0.68137,0.40429,0.6026,0.89354,0.82487,1.0251,0.62319,0.32829,0.57491,0.60753,0.8525,0.80704,0.50661,0.65269,0.39767,0.54943,0.62675,0.47339,0.70457,0.61904,0.50795,0.87784,0.36195,0.71787,0.88426,0.79807,0.51229,0.69921,0.6306,0.61113,0.48673,0.4528,0.56791,0.44456,0.49496,0.65521,0.53175,0.64674,0.24256,0.93195,0.68804,0.62759,0.67518,0.68049,0.7881,0.6427,1.1289,0.54992,0.34812,0.57679,0.62401,0.88866,0.57384,0.68373,0.46456,0.53795,0.84142,0.46074,0.59356,0.53864,0.79485,0.58977,0.68134,0.52127,0.50351,0.72454,0.92418,0.49529,0.38804,0.91281,0.82028,0.76458,0.93636,0.6593,0.69699,0.6961,0.57046,0.51444,0.6137,0.39206,0.77982,0.93373,1.587,0.55585,0.69673,1.1406,0.4619,0.61733,0.66624,0.34897,0.29634,0.63702,0.82385,0.64437,0.79952,0.97628,0.60821,0.48791,0.69419,0.85898,0.31424,0.50577,0.3634,0.97955,1.1566,0.31429,0.45441,0.29347,0.53965,0.67263,0.42799,0.65743,0.881,0.62228,1.0078,0.4142,0.52135,0.29405,0.89139,0.71613,0.72639,1.2649,0.77359,0.59945,0.45902,0.37653,0.68422,1.1052,0.50813,0.49231,0.89023,0.80706,1.2696,0.55813,0.57663,0.58119,0.57775,0.84448,0.45591,0.45007,0.72159,0.42055,0.60501,0.64892,0.42815,0.49769,1.1034,0.54875,0.792,0.3926,0.56451,0.36249,0.71152,0.43662,0.85312,1.2001,0.6168,0.36683,0.79712,0.8554,0.53249,0.80855,0.31327,0.44153,0.58992,0.98643,0.54689,0.98834,0.62744,0.76319,0.85318,1.2286,0.56318,0.27874,0.48258,0.3221,0.40438,0.45799,0.69621,0.56396,0.73977,0.75748,0.71045,0.75764,0.47996,0.8314,0.90121,0.61347,0.98375,0.53873,1.0161,0.31715,0.7086,1.0354,0.62335,0.61069,0.77728,0.77669,0.68363,0.81259,0.81844,0.61042,0.69416,0.51848,1.2108,0.58298,0.61601,0.28132,0.32119,0.72622,0.8923,0.46057,0.42345,1.2018,6.2998,5.7539,2.1827,0.6778,0.71198,0.47652,0.48793,0.60575,0.35196,0.56795,0.65225,0.59699,0.6639,0.49389,0.55578,0.36292,0.53772,0.57682,0.30451,0.42989,0.35651,0.72205,0.39997,0.21675,0.51277,0.92698,0.57299,0.33257,0.5521,1.4347,0.66685,0.43115,0.19395,0.35063,1.1565,0.92292,1.5167,0.85542,1.6083,0.50864,0.85752,0.71695,0.35455,0.57179,0.26946,1.0766,1.167,1.025,0.81598,0.65577,3.4046,5.1742,0.52208,0.57381,0.8425,0.57228,0.88027,0.72662,0.52196,0.42844,0.87527,0.41103,0.55901,0.39833,1.2229,0.22426,0.84299,0.81738,0.75434,0.86003,0.70426,0.59973,0.44946,0.43771,0.93259,0.77828,0.86277,0.77552,0.7095,0.43249,0.38064,0.39128,0.2952,0.43983,0.90934,0.83979,0.42849,0.84137,0.66656,0.88031,0.40607,0.30631,0.52533,0.51116,0.36611,0.6644,0.79511,0.8653,0.42022,0.46506,0.64151,0.50286,0.35905,0.57087,0.36703,0.97683,0.55076,0.70239,0.64766,0.53067,0.84701,0.67685,0.57571,0.87995,0.85001,0.84441,0.66657,1.0871,0.49789,0.74298,0.61411,0.88112,0.64828,0.55277,0.33463,0.57916,1.004,0.37911,0.43114,0.47193,0.43337,0.41618,0.4611,0.82018,0.34893,0.39636,0.37863,0.66555,0.56364,0.73912,0.58857,0.85522,1.0683,0.64468,0.38563,0.56823,0.76448,0.68209,0.6846,0.83798,1.2474,0.828,0.90923,0.9093,0.58684,0.81096,0.52165,1.0055,0.48609,0.92922,0.62048,0.50466,0.44289,0.55064,0.79644,0.80657,0.73835,0.56776,0.53645,0.61449,0.54933,0.70886,0.90833,1.1936,0.69913,0.84324,0.86346,0.65775,0.33641,0.5332,0.5599,0.50637,0.41331,0.66461,0.42337,0.49917,0.81722,0.65334,1.1026,0.41905,0.76464,0.31766,0.45679,0.88896,0.7157,1.8065,0.53303,0.35426,0.58554,0.72006,0.53137,1.0556,0.6915,0.4655,0.6458,0.59802,0.59167,0.53836,0.60579,0.69236,0.63771,0.671,0.97263,0.75081,0.35811,0.43039,0.84929,0.51459,0.93643,0.53888,0.50194,0.44901,0.5869,0.45507,1.5134,0.46782,0.62116,0.78681,0.70827,0.61792,0.465,0.90826,0.63241,1.0258,0.43348,0.70167,0.93401,0.59072,0.68333,0.58537,0.38399,0.34414,0.45891,0.36766,0.55842,0.77336,0.83267,0.79867,0.60334,0.56966,0.55979,0.56513,0.60568,1.5373,0.86495,0.86004,0.78032,1.0131,0.53697,0.60182,1.1479,0.52884,0.77498,0.88015,0.67613,0.58155,0.67107,0.44587,0.3843,0.76481,0.84636,0.62754,0.43719,0.7588,0.27729,0.6515,0.55647,0.71869,0.42194,0.48422,0.5601,0.57013,0.66411,0.26574,0.42919,0.59927,0.60964,0.81426,0.81374,0.92149,2.6159,1.0634,0.81483,0.58336,0.77671,0.58853,0.33927,0.89537,0.52231,0.60539,0.4984,0.74236,0.75,0.80689,0.49397,0.42242,0.51382,0.56479,0.39612,1.1272,0.64805,0.62651,0.5737,0.83069,0.61728,0.58743,0.52936,0.40786,0.5271,0.35339,0.57836,1.0021,0.4744,0.66806,1.1792,0.44135,1.1301,0.3892,0.69841,0.85049,0.62977,0.49781,0.81772,0.42741,0.7297,0.52375,0.59703,0.47622,0.86888,0.98794,0.59963,0.62416,0.55918,0.63584,0.40115,0.69255,0.69129,0.38802,0.81477,0.69928,0.95594,0.57118,1.1952,0.97703,0.76875,0.63388,0.78761,0.67561,0.34988,0.579,0.41563,0.9408,1.0184,0.6374,0.4175,0.90453,0.89928,0.34523,0.69846,0.37595,1.1864,0.46844,0.59251,0.45088,1.0192,1.0629,0.35576,0.83261,0.40534,0.60165,0.43564,0.41158,0.72848,0.40055,0.53162,0.80154,0.75751,0.83465,0.46424,0.76194,0.73893,0.35169,0.42995,0.42389,0.62227,0.44972,0.38925,0.64456,0.66268,0.90386,0.6063,0.32811,1.054,1.3673,0.59455,0.47919,0.23882,0.41429,0.71445,0.37994,0.49449,0.51721,1.1809,1.0627,0.69937,0.48066,0.61254,0.54584,0.27412,0.91143,0.35688,0.75361,0.93679,0.63097,0.51121,0.54441,0.82797,0.68757,0.60264,0.39261,0.46642,0.5904,0.59296,0.32594,0.38031,0.96126,0.37692,0.62431,0.28691,0.48073,0.19024,0.45494,0.50628,0.45152,0.69441,0.30887,0.33257,0.64244,1.2255,1.0001,1.907,0.716,0.8638,1.0428,0.73432,0.82463,0.4741,0.86698,0.81038,1.0186,0.51086,1.0015,0.69262,0.44312,0.4968,0.25577,0.88829,0.63874,0.74911,0.95626,0.29272,0.64521,0.59478,0.84576,0.89099,0.62457,0.95171,0.40281,0.6098,0.71349,1.1491,0.53846,0.59286,0.36678,0.69223,0.62235,0.44076,0.50084,0.17763,0.35224,0.5007,0.57845,0.48058,0.45797,0.46996,0.24329,0.55256,0.70837,1.6686,1.2251,0.49866,0.82204,1.089,0.62513,0.90555,0.52607,0.57685,0.31473,0.50816,0.29166,0.69158,0.71766,0.55387,0.44553,0.49421,0.52283,0.36751,0.45359,0.56344,0.6086,0.75277,0.27448,0.68719,0.46133,0.53875,0.93954,1.233,0.36958,0.30921,0.88792,0.43108,0.29039,0.7315,0.52268,0.47315,0.38179,0.58726,0.63384,0.32951,0.37178,0.79185,0.36502,0.52967,0.31169,0.62663,0.72517,0.6588,1.2055,1.1876,0.41143,0.20619,0.17084,0.51257,0.6977,1.9902,0.52007,0.32257,0.99678,1.0591,0.81452,0.60961,0.38107,0.55081,0.88599,1.06,0.58162,0.62119,0.75611,0.61878,0.616,0.43528,0.35137,0.56008,0.58314,0.74756,0.65724,0.82849,0.5647,0.45117,0.44266,0.57616,0.74005,0.54583,0.51521,0.74499,0.36283,0.27743,0.59119,0.78809,0.2878,0.43188,1.6594,1.1405,0.5949,0.53784,1.1273,1.479,0.7216,0.37782,0.35475,0.38166,0.50823,0.50504,0.37371,0.47166,0.83085,0.8184,0.59084,0.61655,0.61208,0.57728,0.75721,0.43835,0.36882,0.94281,0.51714,0.7781,1.0404,1.2765,0.48489,1.1951,0.82477,0.78565,0.55801,0.50456,0.4908,0.42383,1.0738,0.72457,0.43543,0.39262,0.77708,0.59139,0.65782,0.55607,0.62366,0.8125,0.85147,0.71294,0.51472,0.75691,0.2794,0.76089,1.0407,0.57604,0.38362,0.4095,0.60803,0.65498,1.0079,0.56183,0.54125,0.38142,0.50478,0.55777,0.67548,0.62058,0.77895,0.53333,0.85315,0.92607,0.74622,0.40907,0.38331,0.5127,0.55045,0.86075,0.59797,0.71686,1.076,0.75856,0.34296,0.69942,0.91194,0.31547,0.40695,0.5517,0.54937,0.51503,0.76274,0.9403,0.26043,1.1175,0.78433,0.7491,0.80638,0.54925,0.57555,0.80856,0.73759,0.65863,0.81069,0.51462,0.33781,0.55394,0.47642,0.87122,1.0609,0.49999,0.34286,0.36628,0.86851,0.75344,0.81251,0.51826,0.53535,0.55767,0.51155,0.38415,0.70133,0.76762,0.50618,0.42941,0.23385,0.70819,0.62256,1.4447,0.67594,0.41897,0.58186,0.85019,0.81206,0.4508,0.67582,0.88577,0.39196,0.35001,0.50555,0.73608,0.62639,0.39109,0.45465,0.86665,0.52495,0.42616,0.50833,0.52319,0.86132,0.69918,0.69018,0.95556,0.66358,0.77018,0.37318,0.32988,0.58756,0.56906,1.1724,0.73907,0.42811,0.79775,0.7117,1.0354,1.2067,0.7337,0.57113,0.63886,0.57103,0.62398,0.64018,0.55039,0.51555,0.58641,0.56481,0.77547,0.93136,0.62828,0.40397,1.1738,0.49231,0.4359,0.62094,0.29905,0.54523,0.66817,0.30921,0.51797,1.0056,1.0638,0.64695,0.73497,0.55345,0.51775,0.46051,0.42926,0.41528,0.35554,0.75724,0.60489,0.72936,0.71077,0.70523,0.41849,0.39482,1.1251,1.4721,0.60373,0.60244,0.32718,0.51232,0.78541,0.70861,0.72407,0.65007,0.41168,0.77694,0.42058,0.51982,0.56313,0.43558,1.1199,0.95441,1.0633,0.97429,0.55865,0.4412,0.73409,0.86245,1.6213,0.56486,0.24993,0.38006,0.34865,0.6247,0.50097,0.30324,0.62472,0.55821,0.47017,0.848,0.31618,0.44539,0.40194,0.31379,0.37192,0.37362,0.57229,0.46149,0.47374,0.32283,0.4302,0.80417,1.1777,0.57825,0.60771,1.0438,0.7681,0.80734,0.55777,0.81283,0.57903,0.5896,0.5466,0.67974,0.56309,0.42342,0.66939,0.50327,0.44969,0.45595,0.87213,0.51964,0.75461,0.43774,0.76786,0.65156,0.65623,0.62891,0.81215,0.432,0.98387,0.50831,1.106,0.34977,0.31473,0.91098,0.69838,0.53351,1.3081,0.46423,0.44156,0.55543,0.52656,0.51534,1.0534,0.45007,0.78033,0.29815,0.61557,0.60017,0.41183,0.40139,0.64605,0.63857,1.1386,0.69727,0.93494,1.3933,0.98812,1.0781,0.7779,1.3182,0.60086,0.72525,0.34299,0.45013,0.72142,0.27346,0.87261,0.53716,0.58262,1.4033,0.77788,0.36635,0.4624,1.8495,0.51167,0.56085,0.39928,0.54536,1.25,0.66997,0.53623,0.98247,0.42665,0.5484,0.971,0.59295,0.7963,0.7556,0.33079,0.59536,0.32902,0.93039,1.072,0.70398,1.0663,0.55273,0.45083,0.36811,0.37892,0.42511,0.67704,0.482,0.72571,0.77885,0.93465,0.70418,1.0601,0.74248,0.43167,0.79218,0.73507,0.36157,0.72118,0.80053,0.61662,0.30116,0.60598,0.71819,0.85377,0.77294,0.51779,0.5671,0.64665,0.31947,0.66384,0.80342,0.48109,0.50815,0.92438,0.29434,0.69692,0.83751,0.92146,0.39463,0.25982,0.98885,0.67983,0.97899,0.54714,0.6373,1.0758,0.82377,0.60846,0.41168,1.2822,0.58873,0.85154,0.50149,0.30832,0.70732,0.54066,0.74564,0.46115,0.58337,0.69832,0.50844,0.55037,0.43024,0.53638,0.8075,0.73806,1.0968,1.0081,0.57404,0.40187,0.76688,0.60608,0.67036,0.37148,0.52813,0.61532,0.77235,0.90716,1.12,0.8674,0.75359,0.915,0.35374,0.42971,0.38262,0.48353,0.57744,0.45884,0.60654,0.31238,0.31158,0.58139,0.56208,0.85379,1.1675,0.54378,0.37848,0.43999,1.1768,0.95507,0.29898,0.57663,0.44896,0.3882,0.97645,1.1287,0.9042,0.65864,0.81643,1.0238,0.80594,0.56021,0.40248,0.54578,0.89305,0.8126,0.70057,0.82603,0.58528,0.62673,0.61701,0.91467,1.1188,0.4625,0.24414,0.53851,0.90725,0.82937,0.66827,0.58725,1.2941,0.81094,0.95872,0.49279,0.66225,0.55926,0.69942,0.65978,0.4274,0.63097,1.0527,1.0102,0.39422,0.83561,1.2496,0.82274,0.53784,0.70258,0.4876,0.48586,0.52991,0.69625,0.9332,0.53163,0.70148,0.96419,0.43237,0.52402,0.33651,0.55309,0.34403,0.57386,0.64549,0.5573,0.36592,0.94832,1.0794,1.1366,0.77157,0.34887,1.0546,0.41415,0.51046,0.55467,0.73978,0.65906,0.7766,0.44825,0.27451,0.98257,0.71047,0.72156,0.52283,0.6718,0.66404,0.64076,0.65115,0.6419,0.61511,0.478,0.62975,0.93166,0.48964,0.59763,0.54278,0.71468,1.3098,0.83839,0.73644,0.86844,0.43498,0.51039,0.93488,1.0927,0.73766,0.35129,0.72575,0.72405,0.35855,0.96414,0.66052,0.47897,0.66271,1.2286,0.54983,0.86278,0.65364,0.76626,0.7272,0.63739,0.3109,0.25225,0.39472,0.41772,0.79622,0.60421,0.63299,0.42778,0.44749,0.66338,0.98997,0.85482,1.036,0.49336,0.69126,0.56705,0.28138,0.38393,0.24971,0.81726,0.60647,0.46941,0.77318,1.1317,0.3657,0.56814,0.45722,0.35939,1.2656,0.95792,0.46552,0.3677,1.0327,0.67564,0.44095,0.86629,0.52293,1.5634,0.75108,0.60479,0.42061,0.55353,0.81763,0.56043,0.81624,0.52936,0.75003,0.31687,0.36869,0.67666,0.73352,0.57768,0.77148,0.4869,0.64748,1.0828,0.57108,0.53525,0.62875,1.397,0.94292,1.1235,0.95599,0.3511,0.55544,0.74523,0.79948,0.2949,1.3438,0.99565,0.4996,0.58337,0.33629,0.57193,0.45893,0.90872,0.39617,0.96199,0.57321,0.7273,0.34445,0.26775,0.52426,0.36221,0.88912,0.61034,0.50645,0.63767,0.54463,0.87054,1.0318,0.83077,0.45354,0.57418,0.79616,0.47753,0.75987,0.78654,0.91577,0.38289,0.62192,0.61497,0.43929,0.49506,0.57172,0.84092,0.61875,0.68154,1.1975,0.6242,0.52597,0.69209,0.63675,1.0211,0.69173,0.77955,0.84754,0.35104,0.97802,0.92421,0.38331,0.29865,0.6038,0.47793,0.6111,0.58473,0.89715,0.66586,0.90937,0.93982,0.90033,0.50614,0.3592,0.3912,0.70204,0.71662,0.36798,0.7261,0.79107,1.2335,0.4004,0.90746,0.50322,0.45919,0.31135,0.71512,1.1186,0.94049,0.71502,0.48209,0.62522,0.61031,0.49901,0.51048,0.51924,1.5403,0.68137,0.45772,0.69224,0.61298,0.36995,0.43234,0.33544,0.73114,0.88167,0.94033,0.6166,0.89255,0.98253,0.74523,0.98602,0.48668,0.51823,0.74571,0.38937,0.84563,0.75928,0.42368,0.57507,0.63584,0.80776,1.2028,0.37783,0.24809,0.37654,0.55521,0.4989,0.5844,0.5483,0.71605,0.64105,0.51831,1.0136,0.4801,0.53385,0.72716,0.78504,0.63027,0.77592,0.35729,0.44027,0.70698,0.74526,0.36313,0.98208,0.4936,0.64478,0.9947,0.82384,0.47179,0.75845,1.0445,0.31239,0.29077,0.36846,0.42101,0.5096,1.3131,0.44361,0.8084,0.8288,0.93888,0.59759,0.59664,0.51327,0.9897,0.70642,0.35866,0.57147,0.40064,0.61175,0.60205,0.7321,0.34272,0.41039,0.58961,0.38104,0.50803,0.63352,0.68117,1.1024,0.46425,0.66563,0.98411,0.70065,0.76184,0.53577,0.98499,1.284,1.1244,1.0897,0.74671,0.63466,0.47918,0.59681,0.43447,0.52397,0.58501,2.2075,0.49638,1.1039,0.76717,0.30604,0.29018,0.99816,0.48936,0.5362,0.57149,0.62763,0.35363,0.73556,0.66052,0.53918,0.33276,1.4399,0.59403,0.50221,0.49875,0.7615,0.82507,0.49841,0.87236,0.78745,0.85062,0.33104,0.69298,0.60844,0.67365,0.62935,0.6611,1.2615,0.50046,0.87683,0.59652,0.58929,0.62665,0.56512,0.54548,0.90608,1.2328,0.30349,0.24893,0.34525,0.6586,0.91477,0.62549,0.67237,0.44667,0.56712,1.1664,1.0207,0.62787,0.494,0.65431,0.91175,0.77912,0.66473,0.541,0.65094,0.70657,0.81536,0.3717,0.41501,0.70797,0.53959,0.77907,0.99919,0.55552,0.33412,0.91301,0.6341,0.75072,0.54446,0.83818,0.54244,1.0398,0.8636,0.57552,0.70833,0.57193,1.1841,0.81292,0.80639,0.73475,0.61587,0.55197,0.48505,0.438,0.82205,0.45692,0.45108,0.32671,0.56563,0.72517,0.74544,0.83279,0.4234,0.82051,1.0345,0.79417,0.86496,0.92088,1.0455,1.1995,1.0613,0.67287,0.52086,0.78586,0.37182,0.68578,0.56657,0.49985,0.79419,0.42933,0.35038,1.1828,1.0023,0.48134,0.70566,0.8656,0.64421,0.44351,0.65766,0.71966,0.87819,0.66614,0.35529,0.42252,0.45637,0.5279,0.76904,0.69079,0.35844,0.366,0.8748,0.89866,0.68003,0.44796,0.7991,0.79313,0.39603,0.54001,0.45928,0.53895,0.88188,0.75351,0.80594,1.1784,1.1018,0.35474,0.78375,1.1446,0.51702,0.7662,0.52229,0.77721,0.83022,0.7329,0.6768,0.5403,0.56019,0.61307,0.91617,0.59481,0.43829,1.3743,0.78877,0.53665,0.84627,0.83379,0.87686,0.53232,1.2395,1.2126,1.656,0.95008,0.3147,0.35635,0.59684,0.50455,0.66165,0.46555,0.87351,0.33134,0.26646,0.59093,0.5439,0.59005,0.31649,0.27328,0.51108,0.29816,0.57103,0.67794,0.93667,0.53705,0.48893,0.73814,0.52066,0.38928,0.57948,0.3915,0.79023,0.50135,0.60738,0.67746,0.30724,0.74336,0.59794,0.4337,0.38773,0.90246,0.42161,0.35741,0.4687,1.1782,0.90791,0.8272,0.51426,0.31995,0.55552,0.59266,1.2548,0.4328,0.75542,0.66864,0.51951,0.65213,0.64294,0.31464,0.90255,0.60037,0.51183,0.47316,0.22025,0.4771,0.80309,1.0833,0.5879,0.56913,0.49477,0.6802,0.47251,0.43374,0.67151,0.62989,0.72454,0.30961,0.52894,0.59043,0.2802,0.71389,0.61359,0.77316,0.94256,0.37951,0.45426,0.58062,0.40062,0.34412,0.87778,0.56388,0.61621,1.0239,0.78203,0.96899,2.7784,0.56212,0.92934,0.44341,0.74525,0.67597,0.69188,0.34073,0.78988,0.62653,0.83908,0.6108,0.58066,0.76899,0.76722,0.544,1.4779,0.84235,1.0057,0.57107,0.91064,0.76156,0.54656,0.61801,0.32414,0.48648,0.33881,0.40219,0.37748,0.56981,0.63723,0.54124,0.91424
1.4532,2.1852,0.51028,0.47327,0.68938,0.47114,0.66205,0.54252,0.98585,0.48386,0.4647,0.65881,0.47786,0.38142,1.0518,0.41341,0.7677,0.48206,0.68703,0.30738,0.4508,0.5976,0.42261,0.5393,1.2575,0.76681,0.83741,0.99318,0.36529,0.54384,0.70892,0.68314,0.38399,0.67159,0.54458,0.84958,0.36104,0.65397,0.46007,0.98422,0.78419,0.24814,0.76114,0.51701,0.66124,0.42591,0.41405,0.75396,0.54624,0.80087,0.84322,0.90099,0.81327,0.80152,0.73189,0.69219,0.50121,0.26787,0.69088,0.31598,0.43201,0.30616,0.38303,0.34149,1.0362,0.75588,0.85737,0.45925,0.72769,0.76011,1.0193,0.43501,0.46161,0.44071,0.69146,0.51724,0.93688,0.93077,0.50646,0.6641,0.93856,0.516,0.41563,0.55441,0.67413,0.86764,1.1793,0.74571,0.47978,0.81044,0.82071,0.67677,0.37796,0.63468,0.39238,0.39809,1.0234,0.79623,0.98744,0.7118,0.52807,0.53967,0.4759,0.74229,0.717,0.57385,0.34842,0.37946,0.53524,0.60889,0.43804,0.35564,1.0753,0.64533,0.88935,0.55879,0.8999,0.5267,0.33233,0.8405,0.35787,0.44195,0.45969,0.39889,0.58124,0.57728,1.3387,0.64244,0.72318,0.28714,0.39786,0.89558,1.0009,0.60939,0.79291,1.0577,0.90918,1.0015,0.5487,0.83677,0.91179,0.52075,0.66813,0.54193,0.75339,0.62253,0.64826,0.68076,0.91677,0.55149,1.0919,0.66933,0.50061,0.57984,0.38955,0.81728,0.73359,0.3488,1.139,0.82662,0.69065,0.48842,0.64503,0.85392,0.56846,0.65795,0.88619,0.84239,0.56826,0.49846,0.42658,0.30872,0.41772,0.34957,0.54699,0.96724,0.485,0.71497,0.53334,0.45365,0.43176,0.73515,0.50076,0.45124,0.85308,0.80805,0.82245,0.46666,0.37455,0.76713,0.58298,0.75955,0.29406,0.75338,0.42111,0.9352,0.48556,0.42116,0.34819,0.61136,0.9962,0.63202,0.83753,0.45791,0.54992,0.53294,0.92739,0.55941,0.58592,0.55577,0.45061,0.43388,0.52305,0.37691,0.77196,0.6304,0.84757,0.75759,0.92433,0.53071,0.40772,0.49266,0.5884,0.51116,0.54607,0.3345,0.49794,0.69437,1.0125,0.69022,0.71995,0.74444,0.38838,0.61927,0.93206,0.44137,0.23021,0.48401,0.47016,0.6642,0.65579,0.75222,0.3177,0.34988,0.35542,0.77689,0.78927,0.80519,0.83095,0.57515,0.99264,0.69249,0.78359,0.50617,0.3621,0.56048,0.60863,0.47274,0.85992,0.72512,0.5183,0.51712,0.66251,0.70541,1.0098,0.50175,0.5984,0.72143,0.79487,0.51874,0.80984,0.7493,0.53162,0.52681,0.8374,0.3799,0.48159,0.35795,0.35768,0.68874,0.63993,0.71177,0.38041,0.36635,0.33529,0.32663,0.52536,0.89197,1.0737,0.67738,0.77365,0.26209,0.70598,0.58845,0.3847,0.33132,0.87859,0.7423,0.73677,0.70091,0.63454,1.1295,0.97232,0.34646,0.83071,0.38031,0.27164,0.75945,1.0597,0.6888,0.40746,0.47001,0.9254,0.70127,0.8248,0.39073,0.28196,0.52215,1.076,0.54111,0.74062,0.6968,0.38715,0.64659,0.8391,0.62248,0.72875,0.72025,0.56458,0.59723,0.32363,0.66183,0.39734,0.49724,0.67784,0.75529,0.45162,0.9423,0.71485,1.3965,0.62797,0.53701,1.6992,0.66249,0.83451,0.23122,0.36814,1.2216,0.95241,0.7271,0.87803,0.66011,0.58941,0.76826,1.5783,1.2407,3.0475,0.96174,0.91076,0.46637,1.0243,0.64628,0.39716,0.62889,0.70904,0.53712,0.89272,0.78085,0.62485,0.85697,0.30956,0.45016,0.72139,0.4742,0.42769,0.33871,0.31633,0.90876,0.94228,0.48382,0.46995,0.67005,0.52871,0.7667,0.64248,0.61079,0.3779,0.68674,0.63449,0.64793,0.89093,0.91215,0.53245,0.42022,0.75279,0.68479,1.1501,1.0296,0.51205,0.76037,0.60108,0.5527,0.62345,1.2804,0.65962,0.48178,2.5815,0.75718,2.0056,0.53179,0.67345,1.1502,0.53527,0.55837,0.73468,0.48819,1.401,0.9462,0.87524,0.71523,0.7186,0.47959,0.47895,0.39461,0.54046,1.0651,0.16568,0.32598,0.91018,0.34318,0.52178,0.51732,0.84693,1.3598,0.9312,0.4922,0.50493,1.5107,0.45442,0.56649,0.64606,0.52169,0.80003,0.68846,0.84934,0.41507,0.9824,0.57268,0.6763,0.54041,0.46993,0.47831,0.50147,0.60299,0.72979,0.64925,0.39044,0.80899,1.005,0.65168,0.68076,0.67385,0.80905,0.4104,0.5845,0.66017,1.4425,0.73565,0.62129,0.61246,0.65101,0.74517,0.5387,0.54792,1.5281,0.64561,1.0566,0.71182,0.71297,0.48758,0.50392,0.28465,0.76474,0.93488,0.56432,0.78045,0.81862,0.82347,0.64688,0.4136,0.94808,0.91427,1.0113,0.60728,0.58464,0.29569,0.42622,0.49939,0.4743,0.68395,0.56047,0.40632,0.54569,0.60312,0.83743,0.53663,0.47492,0.84083,0.71704,0.73191,0.83944,0.41484,0.74492,0.54175,0.62644,0.3931,0.72449,0.63543,1.0002,0.61524,0.53454,0.85049,0.76404,0.6753,0.55241,0.65302,1.4367,0.50847,1.0322,1.0282,0.86175,0.51272,0.71298,0.54866,0.51537,0.45732,0.93475,0.41947,0.52995,0.5887,0.59943,1.0657,0.60042,0.65931,1.4536,2.0988,0.53636,0.65228,0.7386,0.26089,0.6579,0.80041,0.36711,0.48332,0.53636,0.48206,0.53046,0.52905,1.2343,0.24522,0.48575,0.70026,0.69693,0.83153,0.74183,0.52159,0.601,0.48652,0.61442,1.0858,0.34709,0.6496,1.0976,0.72103,0.82496,0.52932,0.80257,0.31028,0.59439,0.78772,0.45966,0.55776,0.74376,0.52297,0.49826,0.41583,0.37196,0.47633,0.52119,0.66757,0.60444,1.0558,0.81174,0.78835,0.71291,0.72518,0.56639,0.63949,0.62209,0.63723,0.44277,0.55939,0.87039,0.86925,0.65865,0.44267,0.51387,0.52591,0.86401,0.77739,1.0602,1.2713,1.9548,0.90077,0.83185,0.78679,0.60716,0.59035,0.99739,0.62166,0.76036,0.98086,0.53852,1.2159,0.70522,0.48816,0.82004,0.63,0.30375,0.73751,0.79942,0.35137,0.83629,0.92976,0.3827,0.50433,0.59211,0.38623,0.65681,0.48188,0.29799,1.3472,0.75133,0.88045,0.75215,0.33382,0.78128,0.52609,0.48475,0.6251,0.51787,0.51758,0.50013,0.70144,0.64832,1.0048,0.75549,1.1328,0.74734,0.56706,0.43128,0.6262,0.365,0.89456,0.87331,1.1532,1.0029,0.78136,0.28455,0.49921,0.23771,0.59223,0.41108,0.88226,1.3562,0.70814,0.40171,0.43594,0.68502,0.57256,0.45456,0.59057,1.306,0.62077,0.60239,0.63214,0.88154,0.56957,0.41554,0.51903,0.84245,0.40479,0.81492,0.70842,0.33879,0.30387,0.23215,0.57111,0.61196,0.86542,1.4342,0.92219,0.67637,0.58206,0.73826,1.0368,0.50024,1.017,0.74873,0.54899,0.61231,0.78162,0.64684,0.67686,0.25519,0.75366,0.53074,0.97948,0.81203,0.67809,0.55979,0.47349,0.43936,0.31877,1.1893,0.61895,0.68852,0.58591,0.96944,1.0034,0.52512,0.50018,0.33854,0.56681,0.81474,0.66323,0.73652,0.85951,0.76659,0.44746,0.61431,0.58566,0.76837,0.45426,0.34066,0.48297,0.45568,0.57041,0.42154,0.50467,0.4442,0.60722,0.84908,0.38201,0.79053,0.8389,0.92614,0.8797,0.7171,0.86552,0.46983,0.35133,0.44081,0.23479,0.72695,0.62552,0.91376,0.47724,0.42426,0.44077,0.77526,0.87036,0.56202,0.39934,0.38126,0.43861,0.74687,1.1741,0.58291,1.01,1.4919,0.79761,0.5632,0.39803,1.858,2.417,0.63849,0.72377,0.452,0.83141,0.68201,0.5303,0.31413,1.1036,0.41912,0.65059,0.66085,0.78263,0.68246,0.58345,0.54436,1.7007,1.1233,0.62768,0.7568,0.76087,0.56485,0.39083,0.89935,0.63702,0.71633,0.65326,0.36908,0.67897,0.62612,0.31861,0.66552,0.37046,0.62608,0.41495,0.672,0.44455,0.66882,1.0535,0.95994,0.31943,0.50132,0.44215,0.65278,0.99833,1.2257,0.50365,1.0477,0.5072,0.89183,2.9498,0.29915,0.74425,0.5818,1.1727,0.83368,0.52164,0.82521,0.94217,0.72485,0.83451,0.78654,0.63606,0.59411,0.38088,0.77112,0.73372,0.42222,0.56343,0.7075,0.84703,0.47022,0.68251,0.62191,0.60974,0.54343,0.55701,0.3679,1.4271,0.49232,0.55405,0.51168,0.36221,0.60483,0.64086,0.27487,0.74719,0.62762,0.72889,0.84805,0.42439,0.47362,0.41779,0.43261,0.39939,0.55903,0.55972,0.3263,0.47712,0.67709,0.92287,0.68831,0.45673,0.89359,0.95989,0.64808,0.6069,0.32124,0.65814,0.57837,0.7127,0.4792,0.45999,0.79613,1.0489,0.89396,0.89331,0.40139,1.0121,1.1922,0.93061,0.51186,0.67664,1.0468,0.82654,0.47966,0.696,0.41137,0.53126,0.41102,0.58956,0.55534,0.93292,0.4774,0.50528,0.4971,0.39364,0.50037,0.71689,0.71258,0.275,0.55834,0.75105,0.48523,0.29425,0.52147,0.56332,0.38014,0.51111,0.30802,0.50251,0.61023,0.94633,0.25267,0.3899,0.80341,0.86812,0.54889,0.72326,0.61646,0.95785,0.87115,0.41319,0.81493,0.76271,0.80912,0.41682,0.84701,0.91467,0.6062,0.56099,0.78603,0.67213,0.76266,0.58074,0.4256,0.46922,0.6519,0.63474,0.46831,0.56899,0.60176,0.68434,0.84943,0.83109,0.90607,0.87298,0.45727,0.58914,0.76398,0.61133,0.68447,0.65009,1.1405,0.67298,0.6782,1.0277,0.77556,0.64095,0.4656,0.69798,0.43903,0.61462,0.91097,0.7136,0.46475,0.32352,0.28922,0.99934,0.64975,0.50598,1.0287,0.7081,0.57118,0.30615,0.7308,0.70443,0.39542,0.79806,0.70259,1.479,0.46104,0.9207,0.42681,0.5129,0.54643,0.80732,0.76592,0.90695,0.99401,0.40353,0.79397,0.71614,0.62511,0.67379,0.3833,0.40754,0.37825,0.2738,0.64559,0.78652,0.62563,0.45596,0.39646,0.90054,0.77595,0.57256,0.4652,0.26004,0.28741,0.53119,0.34003,0.79582,0.46953,0.85462,0.51836,1.1518,1.1554,0.94038,0.97658,0.90788,0.81651,0.79796,0.66299,0.50563,0.3181,0.58538,0.85543,0.89106,0.68734,0.7751,0.35313,0.56612,0.73405,0.64147,0.60436,0.67862,0.91268,0.81844,0.35425,0.64984,0.44597,0.73365,0.60409,0.78966,0.44153,0.77548,0.49803,0.53673,0.59373,1.1304,0.44848,0.41113,0.26355,0.57059,0.3979,0.52877,0.5635,0.50069,0.37929,0.52963,0.71606,0.9953,0.79964,0.50669,0.74321,0.68554,0.50261,0.71996,0.7931,0.25534,0.55973,0.39829,1.1682,0.69698,0.65437,0.45278,0.68459,0.5757,0.5997,0.65598,0.67662,0.82057,0.51112,0.85757,1.0449,0.75813,0.94772,0.75911,0.70219,0.83455,0.54676,0.66356,0.81235,0.66286,0.75743,1.408,0.70053,0.77573,0.7673,0.64648,1.1466,0.60595,0.26652,0.98363,0.74051,0.70129,0.35612,0.6225,0.55991,0.66437,0.64021,0.4791,0.47738,0.4874,0.43944,0.42563,0.66453,0.47092,0.851,0.71373,0.31129,0.41179,0.61469,0.76977,0.2405,0.46289,0.64105,0.50511,0.4954,0.62615,0.74488,0.46611,1.0216,0.62092,0.83741,0.41479,0.29375,0.51016,0.49808,0.76143,0.28604,0.65458,0.78948,0.57172,0.59493,0.6366,0.25957,0.97776,0.79498,0.43819,0.73458,0.83207,0.49693,0.68873,0.67955,0.48351,0.4179,0.66233,0.63692,0.73872,0.83323,0.60749,0.38751,0.36853,0.56779,0.50781,1.1167,0.48705,0.51519,1.1741,0.63095,0.46997,0.80229,0.36553,0.37422,0.56813,0.63116,0.85558,0.44984,0.6562,0.8035,0.61744,0.78357,0.92757,0.981,1.1325,0.78107,0.43852,0.70148,0.68571,0.81578,0.57198,0.40812,0.63649,0.95873,0.44603,0.45327,0.36382,0.50891,0.66006,0.60469,0.92154,0.54956,0.38903,0.39787,0.88762,0.71385,0.74954,2.4132,0.41012,0.52525,0.87191,0.42186,0.67606,0.68798,0.79579,0.9701,0.67568,0.72763,0.38495,1.0428,1.0414,1.2266,0.32973,0.46534,0.5812,0.31939,0.60784,1.0941,1.3121,0.40369,0.60697,0.96591,2.0433,0.60259,0.90668,0.83976,0.47684,1.2025,1.0044,0.69488,0.46983,0.93618,0.75365,0.59647,1.0445,0.20868,0.47415,0.24295,0.49792,0.76173,0.29203,0.60898,0.59147,0.3389,0.25935,0.22683,1.2109,0.53648,0.40256,1.077,0.41294,0.58532,0.70418,0.74106,0.47988,0.47538,0.93639,0.49127,0.31942,0.27857,0.72173,0.80182,0.41991,0.62686,0.58193,0.64697,0.60652,0.26167,0.46237,0.43558,0.50479,0.49875,0.92422,0.57319,0.69195,0.69581,0.42772,0.62641,0.80285,1.1401,0.32353,0.63587,0.87163,0.58095,0.51869,0.2598,0.43947,0.28093,0.33992,0.98822,0.59749,0.61529,0.51438,0.89404,0.60264,0.49645,1.019,0.41679,0.44003,0.71404,0.53285,0.51112,0.70298,0.39986,0.55316,0.71242,0.66169,0.72293,0.5037,0.43451,0.79764,0.65285,0.53718,0.6172,0.36144,0.66608,0.58559,0.46965,0.45798,0.57798,0.54283,0.54356,0.57228,0.4167,0.52434,0.31066,0.56509,0.39781,0.70462,0.21483,0.68176,0.29869,0.99616,0.72081,0.67981,0.4296,0.99974,0.43128,0.73364,0.5112,0.40824,0.53143,0.38267,0.56211,0.7097,0.42244,0.45568,0.98566,0.39908,0.35775,0.80857,0.48673,0.87758,0.74488,0.59017,0.73725,0.79341,0.79771,0.63644,0.41964,0.47344,0.41481,0.70032,0.96579,0.58357,0.45554,0.39595,0.88651,0.68217,0.67085,0.68356,0.53337,0.56195,0.66317,0.90544,0.48239,0.66907,0.62175,0.75087,0.39749,0.32452,0.4424,0.60773,0.52072,0.40813,0.54969,0.51339,0.9219,0.7749,0.89956,0.48887,0.57475,0.43377,0.25643,0.61042,0.59172,1.1232,0.55067,0.30793,0.78779,0.46677,0.80109,0.64816,0.49691,0.75627,0.42803,0.78307,0.87663,0.72181,0.31092,0.8042,0.55154,0.47796,0.93782,0.4427,0.48824,0.69601,0.42153,0.60961,0.37935,0.40036,1.1032,0.58624,0.4377,0.63618,0.47468,0.58161,0.24587,0.24295,1.0105,0.82067,0.43452,1.1684,0.32917,0.34843,0.42576,0.74719,0.58667,0.4714,0.87004,0.3098,0.44848,0.56575,0.46459,0.58504,1.025,0.65123,0.31937,0.70645,0.8146,1.2439,0.58445,0.68341,0.39472,0.52552,0.30243,0.56434,0.19831,0.4701,0.36543,0.34413,0.70119,0.51802,0.25849,0.51721,0.49154,0.73744,0.72443,0.928,0.69557,0.40905,0.58498,0.71177,0.23877,0.94149,0.83751,0.55679,0.39575,0.47046,0.33793,0.78268,0.49791,0.39414,0.49545,1.0785,1.0917,0.72017,0.50452,0.47165,0.88022,0.85375,0.6928,0.97202,0.59667,0.69727,0.42308,0.24556,0.59125,0.28696,0.88839,0.75031,0.49556,0.6142,0.37834,1.2667,1.2825,0.51429,0.37256,0.62295,0.46678,0.57562,0.40635,0.55888,1.1181,0.65453,1.0987,0.58461,0.43609,0.87279,0.88462,0.86807,0.49088,0.77835,0.38461,0.5802,0.72562,0.84371,0.37743,0.88055,0.87752,0.71447,0.36396,0.92874,0.56172,0.63634,0.77009,0.68863,0.65749,1.0917,0.69509,0.6414,0.46159,0.99641,0.39622,0.53707,0.77386,0.78997,0.64722,0.37409,0.53787,0.77585,0.43008,0.50097,0.74296,1.3108,0.55613,0.66744,0.52555,1.0921,0.83154,0.83391,0.53337,1.2509,0.43396,0.9369,0.60142,0.47699,0.36372,0.35025,0.7004,0.98689,0.31012,0.43236,0.376,0.47562,0.34712,0.49935,0.5936,0.6048,0.48705,0.27244,0.36409,0.53846,0.67452,0.72322,0.58467,0.62702,0.62344,0.52588,1.0902,0.88327,0.55965,0.5331,0.57417,0.92884,0.46213,0.53786,0.48634,0.41344,0.47869,0.74877,0.57785,0.65853,0.70474,1.3413,0.95754,0.58044,0.43553,0.59756,0.79349,0.82937,1.2127,0.68907,0.9071,1.1046,1.0236,0.56545,0.37026,1.3674,0.60361,0.45299,0.73379,0.28176,0.75283,0.64578,0.85224,0.86712,0.51416,0.38943,0.17424,0.48455,2.3064,0.48112,0.77253,1.2691,0.43285,0.18834,0.84878,0.23828,0.26979,0.45734,0.45111,0.31281,1.0282,0.49452,0.34714,0.71478,1.3977,0.47994,0.34399,0.45785,0.50311,0.50721,0.47287,1.496,0.27278,0.47735,0.33419,1.0389,0.63652,0.88087,1.0456,1.1141,0.5113,0.47527,1.0204,0.3847,0.33284,0.45398,0.61173,0.58462,0.53774,0.74016,0.63392,0.508,0.74642,1.0627,0.91456,0.85271,0.46015,0.56875,0.66537,0.96502,0.48923,1.2514,0.36054,0.46011,0.88367,0.52597,0.47881,0.92349,0.75756,0.30599,0.82636,1.3783,1.4783,0.96089,0.62312,0.43815,0.73348,0.26904,0.78695,0.51521,0.42224,0.49866,0.88933,0.92968,0.3129,0.33612,0.36872,0.48117,0.46178,0.40262,0.40338,0.43857,0.77278,0.64115,1.0406,0.53997,0.87923,0.69837,0.82883,0.50371,0.53862,0.8072,0.71898,1.5419,0.65394,0.70462,0.8225,0.4946,0.38146,0.449,0.61408,0.79648,0.68856,1.2644,0.81409,0.84068,0.54893,0.62982,0.48094,0.61235,0.49028,0.36944,0.93842,0.70252,0.40129,1.0323,0.75227,0.78468,1.3229,0.41238,1.0695,0.58043,1.187,0.738,0.69231,0.52317,0.64436,0.56674,0.58916,0.40359,0.33215,0.60273,0.47463,0.44569,0.34719,0.80932,0.8857,0.4684,0.6814,0.43474,0.63704,0.29539,0.28699,0.81476,1.1035,1.2488,0.26521,0.43346,0.36526,0.55305,0.69015,0.46101,0.61934,0.37364,0.36664,0.44659,1.3906,0.65683,0.72517,0.63141,0.57474,0.37019,0.67225,0.61485,0.5842,0.75217,0.7608,0.76055,0.67983,0.29336,0.37804,0.30085,0.18188,0.41838,0.38367,0.30646,0.44832,0.6506,0.95267,0.56138,0.58817,0.41595,0.69949,0.4454,0.70695,0.60409,0.76402,0.48043,0.39786,0.7925,0.87888,0.70572,0.8771,1.1956,0.67724,0.62719,0.63962,0.82382,0.40952,0.51393,0.51069,0.6047,0.58809,0.5145,0.37034,0.46395,0.90837,1.1722,0.85829,0.3394,0.43684,0.45556,0.26963,0.89991,1.3798,0.69274,0.39311,0.72052,0.5143,0.61553,0.36956,0.91563,0.82753,0.35365,0.87935,0.56234,0.50964,0.44032,0.5093,0.78375,0.44915,0.36988,0.602,1.1813,0.58663,0.85811,0.29844,0.42675,0.68736,0.64388,0.76838,0.54969,0.85373,0.83138,0.79981,0.73343,0.73203,0.83701,0.48124,0.68754,0.55344,1.0691,0.8281,0.73408,0.22061,0.61822,0.44349,1.047,0.47495,1.0982,0.45483,0.71108,0.69325,0.7607,0.4394,1.4451,0.99711,0.88233,0.60953,0.49691,0.49608,0.40908,0.82226,0.38775,0.47977,0.95911,0.61756,1.4109,0.75741,0.90241,0.47432,0.54256,1.448,0.74244,0.46755,0.78495,0.32322,0.37311,0.57478,0.43597,0.54208,0.90548,0.73089,0.68836,0.5484,0.73412,0.3355,0.65358,0.46697,0.56969,0.96052,1.0758,0.61666,0.56039,0.83778,0.71236,0.35799,0.57587,1.2493,1.462,0.86878,0.87504,0.54758,0.96522,0.38637,0.34957,0.56636,1.4811,0.52005,0.57156,0.18851,0.28675,0.33799,0.48265,0.5506,0.61607,0.88605,0.50637,0.60156,0.52497,0.71568,1.0521,0.87723,0.52103,0.48465,0.47803,1.0985,0.71454,0.60573,0.86656,1.0433,0.91647,1.0959,0.8399,0.55043,0.38474,0.86855,0.56924,0.39124,0.38912,0.54201,0.40172,0.27219,0.56255,0.8508,0.74553,0.31641,0.65774,0.54506,0.77204,0.54261,1.4938,0.86835,0.774,0.53166,0.36836,0.56534,0.92769,1.0402,0.64398,0.8585,0.49983,0.41104,0.35762,0.24704,0.56669,1.1962,1.0099,0.71732,0.82514,0.58166,0.70866,1.0711,0.71487,0.60298,0.72214,0.71596,0.37677,0.16503,0.8582,0.34201,0.4361,0.64951,0.47228,0.46284,0.19472,1.1432,0.82464,0.92549,1.008,2.7797,0.75264,0.54138,0.29141,1.0139,0.77582,0.7209,0.92429,0.97332,0.68426,0.47786,0.32614,0.6892,0.63992,0.73621,0.86999,0.64871,0.4587,0.8164,1.1686,0.65608,0.84466,0.78185,0.75148,0.70108,0.48528,1.0656,1.1211,0.66126,0.48242,0.34931,0.39065,0.43812,0.50427,0.64466,0.78161,0.4232,0.43575,0.40164,0.37951,0.42117,0.62301,0.73326,0.49049,0.64446,0.51641,1.1452,1.4203,0.25046,0.53545,0.82738,0.80587,0.33187,0.37002,0.29056,0.4503,0.48362,0.50997,0.83081,0.40676,2.0561,0.30972,0.56904,0.31583,0.74976,0.49996,0.70511,0.63757,0.85099,0.58243,0.55808,0.93109,1.0544,0.59992,0.39682,0.82098,0.61882,1.0382,0.51302,0.84379,0.66728,1.1007,0.4616,0.27748,0.39945,0.55124,0.68653,0.57426,0.51099,0.61939,1.0419,1.114,0.88371,0.78667,0.74036,0.62729,1.0254,1.3903,0.67978,0.80858,0.62807,0.5582,0.85729,0.85919,0.37563,0.40745,0.21926,0.28204,0.51315,0.44359,0.44701,0.49117,0.57982,0.62418,1.1631,1.3853,0.38371,0.79677,0.7068,1.1765,1.1551,0.86152,0.63765,0.59517,0.42088,0.52695,0.45314,0.31647,0.35262,0.65864,1.1473,0.71187,0.96997,1.2073,0.9733,0.62245,0.31877,0.59666,0.72563,1.1382,0.45834,0.92399,0.45938,0.83338,0.95615,1.0037,1.2071,0.44842,0.76502,1.0056,0.45122,0.51969,0.95886,0.67734,0.80965,0.72608,0.40481,0.85556,0.50311,0.43768,0.52637,0.52962,0.3347,0.87338,0.61248,0.6009,0.33146,0.59959,0.7013,0.42217,0.46957,0.53001,0.49566,0.88854,1.0189,0.51084,0.66658,0.55162,0.6651,0.63912,0.89533,0.42625,0.82743,0.51415,0.74398,1.132,0.5468,0.44945,0.39878,0.58134,0.90788,1.0077,0.81948,0.41862,0.5767,0.44296,0.63695,0.80623,0.49281,1.0201,0.72296,0.67573,0.76319,0.46716,0.59536,0.44741,0.93783,0.81213,0.47092,0.42557,0.90936,0.60594,0.69489,0.54144,0.51139,0.79962,0.56232,0.51436,0.64154,0.33866,0.562,0.55554,0.56057,0.69027,0.90879,1.174,0.78235,0.74881,0.59851,0.62732,0.72225,0.66362,0.46055,0.40739,0.41363,0.64334,0.45519,0.97862,0.57981,0.82524,1.0758,0.74083,0.78748,0.27586,0.66454,0.63311,1.09,1.3667,0.5304,0.39324,0.77686,0.42768,0.57558,0.66157,0.71803,0.59265,0.98484,0.70562,0.94916,0.48132,0.83713,0.69047,0.46594,0.22931,0.6493,0.90349,0.7042,0.83978,0.83703,0.72059,0.74494,0.61037,0.66332,0.52551,0.57278,1.2244,0.50936,0.82701,0.39731,0.70286,1.2312,1.0329,0.44995,0.42468,0.55387,0.47114,0.40055,0.79223,0.8512,0.55608,0.68851,0.93773,0.67028,0.49896,0.6818,0.57589,0.64186,0.65085,0.68421,0.50942,0.87004,0.38124,0.83369,0.48812,1.1332,0.9672,0.62451,0.76865,0.42687,0.19258,0.70984,1.0721,0.62286,0.302,0.3196,0.57338,0.93183,1.0764,1.5963,0.70821,0.48066,0.40698,0.4975,0.35384,0.54551,0.33126,0.47606,0.65756,0.81676,0.54238,0.55577,0.57688,0.42128,0.50698,0.6928,0.52122,1.1788,0.6849,0.58502,0.4983,0.5657,0.8785,0.41676,0.68394,0.47231,0.73639,0.83162,0.61065,0.70534,0.46987,0.75439,0.70791,0.29037,0.9262,0.54441,0.36901,0.31721,0.51643,0.88466,0.32007,0.67089,0.70868,0.64721,0.70836,0.44539,0.43657,0.45204,0.31764,0.556,0.81618,0.40551,0.72885,0.70017,0.62465,0.73416,0.49241,0.54847,0.54628,0.71699,0.29086,0.99642,0.59274,0.41646,0.79625,0.78493,0.62827,0.36887,0.71695,0.91069,0.50591,0.27932,0.50766,0.52552,0.41877,1.3056,1.0187,0.80339,0.51444,1.0091,0.57032,0.38942,0.57255,0.52776,0.79457,0.86261,0.40359,0.61311,1.5465,0.56735,0.92092,0.28282,0.37359,0.62351,0.62717,0.42501,0.42042,0.26265,0.74369,0.38599,0.45567,0.37911,0.22933,0.30255,0.61412,0.27601,0.44659,0.19957,0.69384,0.63354,1.4136
0.66,0.64213,0.45051,1.159,0.72967,0.73611,0.5028,0.94318,0.90273,0.44509,0.18171,0.3034,0.47112,0.5427,1.3173,0.52958,0.38312,0.15595,0.51366,1.9481,0.76026,0.23851,0.57813,1.0088,0.47375,0.62909,1.0615,0.61856,0.22093,0.82589,0.4882,0.61524,0.72338,0,0.79109,0.66541,0.77033,0.83067,0.1775,0.35928,0.49495,1.1371,1.8597,0.86202,0.57763,0.43373,0.71123,0.96931,0.65238,1.2225,0.86743,0.40948,0.69997,0.57767,1.1666,0.39668,0.87179,0.2889,0.34187,0.83421,0.72633,0.38785,0.47896,0.27777,0.65635,0.64447,0.71149,0.2116,0.55137,0.41267,0.46271,0.59693,0.4349,0.49571,0.70789,0.12214,0.64248,0.81136,0.62645,0.76547,0.60188,0.56117,1.035,0.2699,0.42563,0.4711,0.79695,0.63172,0.3482,0.56536,0.4512,0.37131,0.31063,0.35306,0.43008,1.0131,0.75278,0.47555,0.53711,0.32593,0.44002,0.22711,0.59614,0.85738,0.64458,0.65243,0.82417,0.57925,1.0744,0.75153,0.83332,0.62279,1.0577,0.66295,0.7466,0.60486,0.70453,0.59919,0.48867,0.75543,0.89631,0.74057,0.7726,0.35825,0.85265,0.96336,0.4086,0.52144,0.44957,0.57346,0.88136,0.7448,0.86143,0.86037,1.3248,0.38721,0.59082,0.71912,0.83566,1.0906,0.3511,0.66861,0.53154,0.47873,0.31065,0.471,0.5828,0.46134,0.58429,0.37544,0.52846,0.86287,0.58635,0.53195,0.72605,0.51377,0.45469,0.67525,0.57174,1.0243,0.73749,0.86269,0.76224,1.0377,0.47019,0.4599,0.81464,0.63912,0.29715,0.68849,0.72463,0.52595,0.33248,0.48879,0.62002,0.73882,0.58932,0.48461,0.99012,0.5293,0.74004,1.0321,0.64186,0.61924,0.41134,0.455,1.8867,0.53821,0.75635,0.53578,0.27886,0.70276,0.93448,0.55337,0.41939,0.54601,1.1181,0.49936,0.42039,0.31836,0.35075,0.50425,0.61249,0.57305,0.84517,1.0582,0.35459,1.4817,0.97214,1.0933,0.53889,0.62992,0.82522,0.76365,0.8864,0.4367,0.82173,0.98915,0.76457,0.29157,0.8606,0.83326,0.57004,0.33754,0.33362,0.63611,0.89729,0.39832,0.54344,0.56633,0.79631,0.8334,0.98688,1.4299,0.54411,0.60164,0.53582,0.71968,0.42714,0.21537,0.38318,0.976,0.69285,0.64597,0.42584,0.77522,0.6943,1.2484,0.46488,0.65939,0.72852,0.3798,0.6686,0.5732,0.88843,0.79088,0.64954,0.85436,0.51005,1.0579,0.43795,0.57914,0.57503,0.80286,0.96034,0.62778,0.52956,0.48491,0.32754,0.58815,0.75077,1.4245,0.93795,0.89357,0.46591,0.50019,0.37307,0.75597,0.6943,0.54332,0.46772,0.66609,0.60163,0.83429,0.42762,0.34628,0.89445,0.87211,0.56698,0.29695,0.22743,0.23251,0.34164,0.37121,0.27619,0.44208,0.84984,1.0498,0.53674,0.55436,0.38269,1.0656,1.3938,0.6953,0.4753,0.75331,0.661,1.1396,0.74363,0.54511,0.62808,0.66401,1.0015,0.63456,0.69767,0.76156,1.0893,0.67327,1.0143,0.66468,0.47947,0.5831,0.77217,0.88707,0.80538,0.85018,0.56211,0.56058,0.72611,0.35853,0.77576,1.2066,0.65602,0.75256,0.88442,0.70143,0.47561,0.57172,0.56146,0.47391,0.78796,0.50398,0.53665,0.53381,0.87842,0.8035,0.85536,1.2058,0.79787,0.63153,0.67442,0.80478,1.0471,0.78117,1.1035,1.0223,1.0239,0.60407,0.94319,0.57224,1.1501,0.54515,0.57921,0.68426,0.94869,1.3596,1.0755,0.55051,0.64988,0.71254,0.45678,0.60901,0.30448,0.99782,0.52381,0.93729,0.2559,0.53479,0.78272,0.688,0.62255,0.59964,1.2128,0.55435,0.46366,1.21,0.54604,0.60645,0.61124,0.99994,0.64442,0.39284,0.68539,0.49589,0.69927,0.3448,0.74737,0.98125,0.7206,0.54652,1.6275,0.56777,0.66049,1.9423,0.63565,0.67171,0.864,0,1.0547,0.90736,1.5415,0.52951,0.81391,0.69039,1.1169,0.79232,0.82549,1.1577,1.2384,0.35858,0.25231,0.50695,2.3746,1.0458,0,1.0109,0.43312,0.57501,0.2863,0.56662,0.51714,0.2801,0.46454,1.0611,1.0483,0.66006,0.5219,0.833,0.72684,0.64557,0.57098,0,1.3682,0.8233,0.52998,0.45461,0.42302,1.1255,0.51143,0.56941,0.56254,0.81394,0.40918,0.79263,0.66901,0.45442,0.57543,0.84443,1.4776,0.79747,0.64446,0.59274,0.77095,0.6478,1.4062,0.64867,1.0563,0.64412,1.1549,0.36592,0.72605,0.62158,0.71874,1.0907,0.57872,0.61302,0.8228,0.37917,0.80415,0.51917,0.21235,1.1531,0.76735,0.72398,1.126,0.48516,0.73265,0.71303,0.41356,0.79117,1.6929,1.708,0.65259,0.74663,0.29636,0.61563,0.32968,0.3664,0.32646,0.91071,0.53595,0.69595,1.0223,0.43129,1.3791,0.62854,0.92166,0.63304,0.54821,0.54019,0.89284,1.0526,0.63979,0.4661,0.59657,1.1015,0.91699,0.89872,1.0384,0.43263,0.53508,0.44039,0.88193,0.83676,1.2082,0.55863,0.53446,0.92399,0.46383,0.57899,0.83016,0.94499,0.55326,0.47654,2.4637,0.8194,1.579,0.85204,0.45389,0.51555,0.87962,0.74512,0.65592,0.72739,0.90031,0.58928,0.63301,0.70258,0.43487,0.72805,0.95752,0.63004,0.7301,0.53788,0.64805,0.32558,0.41253,0.44138,0.6971,0.61801,0.29373,1.7661,0.68989,0.75762,0.55258,1.3681,0.8562,1.0761,0.59432,0.59651,0.34964,0.48185,0.74791,0.38086,0.51525,1.1608,0.76942,0.29373,0.92655,0.66916,0.39273,0.42881,0.34136,1.2755,1.1376,0.71029,0.68741,0.54513,0.58566,0.41243,1.8448,1.2646,1.3079,0.60861,0.45614,0.57785,0.53419,0.81809,0.55478,0.35334,0.53769,0.83431,0.8186,0.69741,0.60788,0.52033,0.54158,0.69985,0.52813,0.94515,0.89348,0.93378,1.0392,0.52362,0.40312,0.56203,0.7862,0.36913,0.78202,0.54961,0.55358,1.5847,0.70145,0.43193,0.27683,0.34536,0.60944,0.48595,0.86452,0.79444,0.52059,0.5658,0.25327,0.50247,0.83696,0.77943,0.75806,0.51326,0.44945,0.81544,1.8403,1.369,1.1412,0.5047,0.38033,0.63158,0.53875,0.45608,0.53979,0.65409,0.3106,0.58496,0.75843,0.87424,0.63891,0.87283,0.48573,0.48807,1.0365,0.54648,0.45949,0.38609,0.60033,0.62661,0.35708,0.43532,0.49622,0.31978,0.74366,0.80499,0.70694,0.81927,0.62583,0.85162,1.2289,0.49825,0.63921,0.79919,0.56924,1.0197,0.83681,0.30469,0.31781,0.89429,0.74475,0.61789,0.87732,0.36412,0.38972,0.46705,0.36967,0.41105,0.52901,0.39759,0.35328,0.30656,0.64688,0.38339,0.7052,0.35963,0.52822,0.51731,0.79242,0.63956,0.84404,0.69825,0.75956,0.46683,0.58713,0.38105,0.62006,0.26055,0.23801,0.41417,0.59616,0.42308,0.22072,0.36258,0.8184,0.93835,0.42066,1.5687,1.0885,0.69695,0.51191,0.3798,0.43281,0.62401,0.55069,0.58134,0.61866,0.50951,0.83541,0.93614,0.66975,0.5502,0.51063,0.75942,0.67112,0.85472,0.3206,0.19954,0.24065,0.47461,0.60149,0.52216,0.31074,0.78715,0.60136,0.45892,0.64502,0.92926,0.4793,0.59696,0.83388,1.0216,0.90694,0.56062,0.23397,0.65953,0.48925,0.5785,0.57631,0.75658,0.52622,0.67682,0.43142,0.66382,0.45861,0.9562,0.65964,0.3009,1.7964,0.45882,0.47135,0.44421,0.7385,0.68149,0.4923,1.7793,0.75162,0.7975,0.64312,0.66444,0.72547,0.34386,0.53806,1.0369,0.546,0.49123,0.60716,0.46288,0.68075,0.64866,0.57938,0.3392,0.36255,0.44054,0.70974,0.79074,0.60013,0.63002,1.0617,0.27004,0.87428,0.27602,0.52792,0.7889,0.5105,1.0236,1.4121,0.66783,0.6541,0.67094,0.34851,0.49164,0.88297,0.92619,0.64004,0.40985,0.46193,0.71311,0.68252,1.2087,1.1628,0.91432,1.755,0.3024,0.84888,1.752,1.0776,0.62919,0.79302,0.39462,0.63213,0.72182,1.0469,1.0973,0.59054,0.40844,0.63877,0.9741,0.41349,0.98167,0.52368,0.7281,0.53243,0.35821,0.63327,0.49111,0.7976,0.56599,0.5893,0.93912,0.38711,1.3846,0.54377,0.43282,0.82533,0.28837,0.42333,0.46009,0.33259,0.6777,0.44858,0.52169,0.21929,0.5121,0.96675,0.87232,0.58943,0.55542,0.57568,0.88638,0.83708,0.50834,0.66491,0.3511,0.32812,0.55538,0.57042,0.48959,0.41125,0.78829,0.33731,0.62913,0.3108,0.50019,0.72909,0.42668,0.63069,0.85421,0.82766,0.59164,0.40187,0.47672,0.5233,0.53415,0.32125,0.33378,0.4375,0.41778,0.49977,1.0597,0.40188,0.38142,0.48682,1.4636,0.74687,1.436,0.44238,0.33145,0.25249,0.56045,0.32515,0.58075,0.42434,0.93242,1.0125,0.4044,0.78201,0.60999,0.85196,0.60731,0.56082,0.66833,0.71124,0.80864,0.60821,0.41307,0.73426,0.71214,0.37311,0.57805,0.74346,0.43209,0.72049,0.80663,0.73555,0.55606,1.0286,0.29662,0.24088,0.67464,0.47186,1.0812,0.55114,0.57066,0.52204,0.29391,0.94615,0.61227,0.6744,0.68027,0.60734,0.61744,0.71678,0.60089,1.0065,0.97566,0.32615,0.44667,0.67865,0.41324,0.34586,0.55574,0.39332,0.73277,0.40676,0.44879,0.44403,0.86253,0.49015,1.0983,1.4343,0.75409,1.5192,1.9637,1.6298,1.2283,0.74043,0.79787,0.72596,0.64569,0.73869,0.35615,0.41065,0.95109,0.39492,0.49999,0.49734,0.34182,0.65873,0.72586,0.95709,0.4523,0.36813,0.48321,0.22789,0.56681,0.41329,0.27235,0.89918,0.94631,1.0399,0.71056,1.2683,0.57312,1.6696,0.6469,0.61836,0.88752,0.37565,0.47812,0.28314,0.91132,0.26644,0.93425,0.36017,0.73566,0.50309,0.77125,0.61045,0.74846,0.33607,0.30668,0.6177,0.46163,0.6333,0.65484,1.1431,0.61,1.1936,1.161,0.53403,0.6697,0.3485,0.52432,0.78762,1.0227,0.79827,0.43396,0.44473,0.89757,0.45666,0.59503,0.66259,0.56199,0.3558,0.26708,0.25913,0.34028,0.42601,0.54622,1.2409,1.0934,0.46824,0.55425,1.2223,0.66397,0.34001,0.38484,0.75929,0.45384,0.85331,0.38402,0.53419,0.70081,0.60071,0.5668,0.56586,0.57384,0.62114,0.61708,0.6233,0.70377,0.52589,0.27056,0.46635,0.228,0.49139,0.4412,0.97213,0.53184,0.31823,0.31537,0.84459,1.0709,0.89402,0.49822,1.0248,0.85125,0.65784,0.92892,0.55175,0.73763,0.83118,0.94257,0.97074,0.91021,0.60752,0.63672,0.77494,0.99616,0.9284,0.36791,0.60304,0.34506,1.0872,0.80094,0.8236,0.95155,0.47706,0.59819,0.85204,0.69252,0.60812,0.4862,1.1262,0.54238,0.68876,0.53408,0.50455,0.46711,0.75194,0.58099,0.68038,0.9563,0.50599,0.481,1.1982,0.89378,1.3514,0.45924,0.94183,0.92045,0.9273,1.1849,0.73006,1.1314,0.39657,0.73963,0.81298,1.3734,0.38628,0.91418,0.54185,0.42836,0.84989,0.88163,0.35592,0.93784,1.8797,1.9254,0.74262,1.0571,1.2269,0.60436,0.84502,0.3624,0.69569,0.63667,0.56319,0.28979,0.31265,0.48465,0.11286,0.81475,0.75999,1.1064,0.90618,0.62674,0.29963,0.37009,0.59815,1.1189,1.4899,1.4716,1.0365,0.84578,1.2661,1.2829,0.46585,0.33656,0.62521,0.5047,0.91588,0.4509,0.55471,0.85849,0.30103,0.43926,0.95382,0.64258,0.64097,0.66757,0.43428,0.32517,0.28161,0.4414,0.9829,0.5555,2.2925,8.0263,0.73884,0.69914,0.74198,0.20944,0.51956,0.88511,0.77751,0.72163,0.8286,0.43813,0.59507,0.58118,0.9544,1.0683,0.74505,0.8794,0.6853,0.8698,0.83081,0.65211,0.43317,0.50048,1.4846,1.5585,0.50977,0.90261,0.43066,0.76706,0.46012,0.38289,1.0939,0.45042,1.2725,0.69028,0.61792,0.62805,0.73211,0.57854,0.2576,1.0428,0.70204,0.89956,0.49562,0.87598,1.4849,0.46351,0.40875,1.2069,3.0732,2.4053,0.51439,0.40864,0.93352,0.70988,0.18993,0.37522,0.75844,0.88923,0.5722,0.72882,0.55546,1.3321,2.0043,1.2487,0.91358,0.35964,1.0269,1.0272,0.49753,0.66384,1.0498,0.472,0.21997,1.0159,0.5889,0.74064,0.67604,0.52156,0.38907,0.37851,1.1484,0.5889,0.74909,0.67085,0.86034,0.44792,0.4283,0,0.56116,0.49197,0.76503,0.54301,0.2645,0.30827,0.44756,0.34357,0.42093,0.39753,0.93473,0.54696,0.33612,0.67372,0.70299,0.35078,0.55785,1.043,0.60387,1.0382,0.90055,0.6178,0.2259,0.53582,0.50728,0.64824,0.22216,0.56519,0.61307,0.44028,0.28097,0.73228,0.52453,0.43348,0.34425,0.4429,0.54413,0.56757,0.92068,0.34332,0.42195,0.4953,0.64299,0.39751,0.56959,0.62761,0.89538,0.52385,1.4403,0.28873,0.37686,0.75594,1.0548,0.5791,0.75927,0.40588,0.47236,0.53752,0.77193,0.43403,0.40958,0.45251,0.4649,0.62889,0.82141,0.5893,1.1087,1.0339,0.66154,0.89379,0.87517,0.71403,1.0108,0.51229,0.54459,0.6321,0.42722,0.55823,0.61223,0.61722,0.23617,0.40145,0.69564,1.0445,0.68697,0.46282,0.44281,0.75036,0.74834,0.4174,0.64055,0.66305,0.48424,0.31182,0.54974,1.0922,0.93823,0.39557,0.34843,2.2191,1.3097,0.88907,0.40021,0.74786,0.65171,0.6531,0.42,0.46855,1.1128,0.60409,0.48283,0.40272,0.54414,0.49654,0.48656,0.8556,0.53556,0.65434,0.48412,1.0807,0.55249,0.36372,1.2423,0.73939,0.96121,1.6254,0.61431,0.83049,0.42636,0.49779,0.66205,0.72576,0.2262,0.68635,0.88486,0.94702,0.7126,0.53576,0.36991,0.85524,0.56201,0.62543,1.0223,0.72733,1.0828,0.31702,0.39867,0.74657,0.90952,0.57661,0.49973,0.67471,0.48018,0.62702,0.49932,0.90245,0.46681,0.42305,0.3336,0.74677,0.40736,0.77251,0.36364,0.5746,0.43121,0.5199,0.82464,0.92557,0.34812,0.60451,0.52378,0.54665,0.53304,0.35343,0.27224,0.59283,0.65975,0.76632,0.87682,0.41071,0.80416,0.29134,0.67838,0.45186,0.64603,0.65945,0.46291,0.64603,0.5183,0.58966,0.56165,0.68381,0.43838,0.70147,1.0751,0.61412,0.37155,0.66936,0.59598,0.12526,0.51594,0.48741,0.42201,0.7028,0.96968,0.61262,0.92699,1.0347,0.42355,0.86479,0.62774,0.66221,0.31206,0.98958,0.61454,0.82913,0.23755,0.57463,0.48669,0.83898,0.75651,0.53298,0.39207,0.25803,0.39795,0.67002,0.90287,0.68983,0.26567,0.71094,0.43463,0.36559,0.87205,0.44379,0.56402,0.83239,0.47192,0.96174,0.60463,0.22043,0.29383,0.69191,0.54707,0.48067,0.66199,0.62474,1.0741,0.53026,0.34298,0.79048,0.18134,0.63284,0.49861,0.31616,0.34153,0.48414,0.51584,0.79121,1.0492,1.0719,0.77106,0.32077,0.58079,0.74612,0.53894,0.9921,0.61422,0.36452,0.60865,0.72674,0.60847,0.43516,0.55592,1.072,0.5127,0.87005,0.61785,0.46257,0.39337,0.56564,0.45629,0.84883,0.46273,0.46393,0.7294,0.5716,0.60188,1.0424,0.86787,0.9345,0.84225,0.40459,0.67209,0.57117,1.0429,0.5025,0.80002,1.0681,0.66169,1.094,0.90219,0.65899,0.89997,1.2768,0.95011,0.39007,0.22104,0.36787,0.27322,0.41724,0.47505,0.9237,0.456,0.72184,0.83355,0.47915,0.42084,0.54989,0.40557,1.0841,0.6062,0.41511,0.86235,0.62528,0.64018,0.78495,0.39082,0.7708,0.77825,0.76234,0.45678,0.69221,0.71482,0.68847,0.50609,0.52045,0.50515,0.34149,0.73312,0.41748,0.7877,0.73582,0.55998,0.70363,1.1195,0.82047,0.54517,0.5863,0.88709,0.77128,0.18623,0.95676,0.46747,0.46906,1.0447,0.78267,0.71531,0.76206,0.45961,0.41779,0.36644,1.1313,0.57557,0.7863,1.214,0.52659,0.54279,0.45614,0.82623,0.87414,0.59301,0.27317,1.4667,0.20274,0.85647,0.76941,0.50881,1.1418,0.82546,0.8592,0.38901,0.95984,0.61552,0.45001,0.96722,0.41915,0.38899,0.4909,0.4379,0.46824,0.43263,0,0.40512,1.3795,0.98739,0.32895,0.45407,0.31905,0.27853,0.44067,0.62995,0.39694,0.2087,0.44215,0.81626,0.33999,0.35088,0.63299,0.38473,0.66855,0.41075,0.54332,0.36192,0.91737,0.46102,0.55165,0.48757,0.78268,0.46666,0.88317,0.66612,0.61219,0.66877,0.83818,0.82579,0.88504,0.8949,1.0216,0.62456,0.40352,0.33986,0.48353,0.38471,0.27875,0.54686,1.176,0.41718,1.0871,1.0806,1.3139,0.5068,0.80819,0.29292,1.0347,1.5257,0.50231,0.34172,0.45219,0.45788,0.52393,0.89739,0.7416,0.26379,0.53972,0.23952,0.84841,0.67769,0.6431,0.36305,0.40615,0.3623,1.2421,0.98236,0.41367,0.89979,0.42598,0.53699,0.61834,0.9643,0.84988,0.49342,0.84925,0.76083,0.64324,0.46199,0.59726,0.80104,0.54022,0.33848,1.3263,0.92225,0.70954,0.85986,0.53662,0.39535,0.8124,0.86413,0.68462,0.65513,0.31972,0.76178,1.0882,0.64442,0.67756,0.45133,0.58298,1.4601,0.46426,0.41472,0.50606,0.87862,1.1002,1.3643,0.65415,0.60096,1.0544,0.5498,0.87537,1.1052,0.61456,0.68813,0.46967,0.57507,0.87174,0.75823,0.74357,0.24697,0.18323,0.97329,0.38472,0.61931,0.44735,0.78026,0.3106,0.24513,0.37056,0.79541,0.55415,0.84328,0.44328,1.216,0.41673,0.51478,0.46713,0.47906,0.18232,0.4296,0.34086,0.52319,0.55097,0.5259,0.27296,0.74832,0.84741,1.0758,1.1247,0.4794,0.78744,0.77947,0.65228,0.51892,0.45914,0.26962,0.51991,0.43977,0.79448,0.61435,0.8948,1.3636,0.85423,0.61091,0.76711,0.77514,0.69878,0.54437,0.77878,1.0757,0.92158,0.78267,0.6278,0.56559,0.89433,0.43188,0.64005,1.3659,0.9731,0.71198,0.42417,0.45522,0.49255,0.43801,0.34402,0.40933,0.37948,0.65691,0.68365,0.32505,0.28288,0.38054,0.47718,0.61015,0.55698,0.64118,0.67422,0.40723,0.79665,0.78334,1.2564,0.37484,0.41172,0.66133,0.32499,0.5066,0.38056,0.47622,0.95682,0.80855,1.413,0.582,0.27151,0.44448,0.92892,0.77764,0.52373,0.40029,1.0534,0.77988,0.71948,0.46544,0.31992,0.75171,0.69006,0.74469,0.96645,0.91074,0.5567,0.38199,0.46274,0.43598,0.65878,0.99992,0.86337,0.35,0.68488,0.43609,0.36131,0.89727,0.50985,0.43519,0.59795,1.4659,0.28655,0.55486,0.51975,0.52842,1.6474,2.88,1.2202,0.81246,0.64833,1.042,0.739,0.63494,0.64746,1.3835,1.1732,1.0054,0.50677,0.83802,0.53752,0.41963,0.45083,0.98007,1.0102,0.51808,0.48168,0.85736,0.87929,0.45013,0.83131,1.1309,1.2671,0.54121,0.73067,0.77608,0.62635,0.52419,0.75048,1.0983,1.1951,0.94059,0.41058,0.63613,0.40789,0.31575,0.32091,0.56642,0.69905,0.47909,1.1205,0.56418,0.63127,0.48422,0.62687,0.34159,2.7687,5.6515,0.66809,0.29453,0.51938,0.63221,0.63021,0.51637,0.6611,0.59845,0.56959,0.59877,0.59187,0.42653,0.59738,0.75902,0.51309,0.37688,0.58045,0.55447,0.79869,0.38991,0.34233,0.65896,0.66782,0.59423,0.8452,0.33063,0.41793,0.71859,0.73199,0.81098,0.87604,0.6953,0.90901,0.57555,0.88458,0.8067,0.51215,0.23843,0.35156,0.38183,0.25948,0.49844,0.48039,0.70103,0.59653,1.0093,0.48762,0.46109,0.81632,0.43857,0.58981,0.82438,0.74254,0.90082,0.91658,0.37031,0.47391,0.96807,0.64447,0.67322,1.1018,0.7912,0.40147,0.34754,0.63856,0.6026,1.0292,1.2427,0.34864,0,0.55943,0.92415,0.61517,1.5351,1.1622,1.5893,0.42692,0.25252,0.91535,0.41424,0.4891,1.1969,1.0507,1.501,0.9718,1.4581,0.77234,0.29707,0.92424,0.69725,0.57492,0.65726,0.4058,0.584,0.73923,1.0017,1.3313,0.66822,0.61276,0.83969,1.1557,0.71744,0.54983,0.94425,0.72022,0.55285,0.34153,0.58156,0.51825,0.30788,0.52191,0.37788,0.52807,0.31329,0.37392,0.26946,0.51901,0.28588,0.66927,0.47682,0.56161,0.50403,0.49288,0.85598,0.46381,0.59214,0.93393,1.3441,0.47494,0.40149,0.3563,0.59869,0.31217,0.35947,0.83566,0.70609,1.1682,0.3992,0.45838,0.44221,0.47346,0.73748,0.31033,0.94462,0.40171,0.31184,0.49346,0.24811,1.122,2.181,0.15586,0.52362,0.76761,0.55434,0.63344,0.81699,0.63468,1.0872,0.44641,0.63931,0.47143,0.45762,0.41633,0.1913,0.46881,0.50372,0.50524,0.67898,0.44435,0.63512,0.48504,0.57811,0.77768,0.50232,0.64589,0.58342,0.49648,1.0232,0.88006,0.63354,0.50191,0.63228,0.44699,0.42213,0.56098,0.40606,0.29912,0.55638,0.32639,0.73861,1.2329,0.55922,0.28013,0.39136,0.33042,0.48514,0.34997,0.37205,0.26242,0.73504,1.2254,0.90794,0.60061,0.39076,0.49872,0.94078,0.84042,0.68064,0.30049,0.46819,0.73276,0.44964,0.46368,0.70387,0.72851,0.82559,0.58195,0.27822,0.65852,0.8958,1.2238,0.84327,0.74071,0.57922,0.75493,0.86535,1.1812,0.58932,0.39721,0.73682,0.5277,0.96121,0.61817,0.44771,0.39866,0.9932,0.59408,0.61675,0.45652,0.68241,0.42366,0.53954,0.85543,1.1181,0.29936,0.31069,0.37162,1.2668,0.85883,0.65541,0.65325,0.88049,0.7405,1.2905,0.47751,0.6993,0.50246,0.69595,1.0642,0.67578,0.49986,1.4651,1.2719,0.63629,0.76009,0.56873,0.98064,0.43701,0.50857,0.52481,0.30758,0.88874,0.96891,0.77703,0.54357,0.38849,0.54224,0.81396,0.40663,0.44073,0.88825,0.81237,0.46209,0.6567,0.50023,0.36954,0.79476,0.39205,0.70502,0.72655,0.4526,0.91914,0.3295,0.44338,0.64876,0.46836,0.78432,0.54423,1.0687,0.93297,0.33677,0.80219,0.64827,0.55404,0.50327,0.31448,0.75759,0.51058,0.40821,0.68283,0.698,1.1457,0.99639,0.51358,0.50248,0.55371,0.89394,0.88844,1.1193,0.39152,0.43602,0.46151,0.85439,0.99995,0.35537,0.41484,0.56083,0.67654,0.58934,0.4727,0.6074,0.55963,0.63824,0.21315,0.56031,0.6314,1.747,0.95655,1.2197,1.15,0.66586,0.75281,0.28813,0.58276,0.34904,0.52236,1.034,0.47043,0.41164,0.30157,0.77204,0.45646,0.76148,0.57549,0.57287,0.61966,0.31358,0.67111,0.80289,1.009,0.27639,1.6002,0.35463,0.58164,0.33706,0.51741,0.5017,0.36916,0.44825,0.22459,0.30411,0.59603,0.54756,0.19728,0.55769,1.1322,0.77507,0.89771,0.54174,0.62012,1.0313,0.5458,0.78871,1.1768,0.78502,0.44966,0.73263,0.75432,0.82229,0.94158,0.77042,0.24885,0.52506,0.72634,0.68467,0.77869,0.52278,0.83501,0.57974,0.39411,0.81145,0.76675,0.55216,1.168,0.26763,0.46282,0.3603,0.47786,0.7135,0.51729,0.62787,0.48462,0.93382,0.90301,0.64895,0.76368,0.38933,0.37127,0.2636,0.67571,0.60978,0.38144,0.46608,0.92502,0.76135,0.71972,0.39235,0.32982,1.1111,0.7895,0.78665,0.43215,0.35864,0.61407,0.55352,0.59271,0.67549,0.7496,0.61934,1.0618,0.54607,0.77915,0.49678,0.74336,0.53263,0.70557,0.55867,0.39787,1.1178,0.59512,0.43927,0.50383,0.64443,0.83155,0.33791,0.59376,0.54695,0.997,0.64493,0.52591,0.55323,0.87619,0.43928,0.43082,1.7501,1.0865,0.6619,0.57657,0.59231,2.0073,0.60087,0.41685,0.45942,0.4998,0.73887,0.48773,0.92507,0.5724,0.63854,1.2992,1.1307,0.42644,0.46536,0.61571,0.59517,0.68413,0.35921,0.78036,1.3724,0.46717,0.54146,0.24779,0.39396,0.37144,0.43455,0.88151,0.41183,1.007,0.93409,0.2634,0.40759,0.60359,0.9412,0.46299,0.40831,1.3679,0.97359,0.5339,0.54866,1.2435,0.71178
